0,1,2,3,4,5,6,7,8,9,10,11
1.0,0.0,0.0,0.0,0.0,1.0,0.0,0.0,0.0,0.0,1.0,0.0
0.9990233,0.044143748,-0.0019162315,1.0006726,-0.044145156,0.99902487,-0.0006983605,-0.028337501,0.0018835347,0.0007822708,0.9999979,0.017444171
0.99594855,0.08968657,-0.0065306397,2.0321262,-0.089714825,0.9959587,-0.0041697393,-0.1048881,0.006130279,0.0047387416,0.99996996,0.030129395
0.99080324,0.13493629,-0.010046647,2.9904888,-0.13498414,0.9908385,-0.004245748,-0.22983485,0.009381702,0.0055628396,0.9999406,0.06129192
0.98329806,0.18155688,-0.012720734,4.0051775,-0.1816011,0.9833692,-0.0024059573,-0.38586485,0.012072364,0.0046758736,0.9999162,0.06119554
0.97380495,0.22702296,-0.012815063,4.948634,-0.22709486,0.9738623,-0.0044492995,-0.5981071,0.011470018,0.007242987,0.999908,0.0938679
0.96205753,0.27246064,-0.014503501,5.9076347,-0.27256083,0.96212316,-0.0054118233,-0.847789,0.012479651,0.009159574,0.9998802,0.11361167
0.94824326,0.31702045,-0.018239789,6.9002047,-0.31720218,0.9483236,-0.008046844,-1.1575942,0.014746215,0.01341607,0.99980134,0.13061774
0.9331953,0.35879162,-0.020372828,7.7835674,-0.35903424,0.93327343,-0.009730168,-1.4841402,0.015522325,0.016394693,0.9997452,0.19132994
0.915697,0.40127403,-0.021867277,8.688799,-0.40154576,0.91578716,-0.009718646,-1.8744726,0.01612594,0.017680053,0.9997137,0.18640952
0.8957548,0.4440173,-0.021724189,9.613558,-0.44430032,0.8958175,-0.01038273,-2.3035374,0.0148508055,0.01895245,0.99971026,0.22144084
0.8739327,0.48559317,-0.020996448,10.457231,-0.4858635,0.87397385,-0.010298139,-2.7583394,0.013349647,0.019201294,0.9997267,0.2557845
0.8494859,0.5271821,-0.021275513,11.331111,-0.5274619,0.8495139,-0.010474056,-3.2702603,0.012552116,0.020119589,0.99971896,0.27135268
0.82393795,0.56626755,-0.021612424,12.11189,-0.5665587,0.8239508,-0.010762137,-3.799239,0.0117133325,0.021112047,0.9997087,0.29291496
0.7965498,0.60412604,-0.02323481,12.902315,-0.60447156,0.79653084,-0.012340432,-4.373817,0.011052073,0.023874559,0.9996541,0.33404937
0.76710445,0.6410431,-0.024783226,13.682027,-0.64142287,0.7670923,-0.012070227,-5.0044613,0.011273491,0.02515566,0.99962026,0.33500734
0.7370153,0.6753316,-0.027116241,14.377514,-0.67580426,0.73692715,-0.015047848,-5.6317477,0.009820414,0.029415779,0.99951935,0.37151733
0.7046367,0.709046,-0.027212271,15.069662,-0.7095119,0.7045442,-0.014482402,-6.30262,0.008903565,0.029512277,0.99952507,0.39374816
0.66967326,0.74208003,-0.029233102,15.742781,-0.74259496,0.669602,-0.013612731,-7.029746,0.009472816,0.030824449,0.99948025,0.39390585
0.63441485,0.7722959,-0.032808654,16.345343,-0.77293307,0.6343199,-0.014563405,-7.7428107,0.009563936,0.03459815,0.9993559,0.43154374
0.59713054,0.8014259,-0.033929992,16.955202,-0.80208683,0.5970573,-0.013368652,-8.52244,0.009544176,0.03519764,0.9993352,0.44711974
0.5598109,0.827791,-0.037060082,17.472181,-0.82855475,0.5597678,-0.012506584,-9.279739,0.010392214,0.037707645,0.9992353,0.47402573
0.52067435,0.85272735,-0.04187859,17.977102,-0.85366744,0.52069664,-0.011241142,-10.090322,0.012220422,0.04160338,0.99906003,0.4975122
0.4811281,0.87553495,-0.044201247,18.469614,-0.87656313,0.4811781,-0.010207066,-10.9523325,0.012332042,0.043656107,0.9989711,0.5019218
0.44305938,0.89522845,-0.047580406,18.880287,-0.8964334,0.44301254,-0.012106474,-11.794581,0.01024067,0.048016567,0.9987947,0.5174143
0.40571976,0.9125659,-0.051131632,19.290857,-0.9139542,0.40560836,-0.013007734,-12.671706,0.008869016,0.05200948,0.9986078,0.5479413
0.36948603,0.9277472,-0.05258112,19.67278,-0.9291924,0.36942512,-0.011233568,-13.584294,0.009002889,0.053008635,0.99855405,0.5643312
0.33638233,0.94024706,-0.052744295,19.996971,-0.9417011,0.33624688,-0.011691395,-14.479851,0.006742316,0.05360215,0.99854016,0.5734219
0.30276874,0.95152974,-0.05405347,20.306479,-0.9530565,0.3025012,-0.013264626,-15.436874,0.003729563,0.05553214,0.9984505,0.57725215
0.27012423,0.9612669,-0.05475813,20.585968,-0.96282375,0.2697888,-0.013571112,-16.380138,0.0017276801,0.05638833,0.998408,0.598795
0.23760316,0.9699475,-0.052403327,20.837229,-0.97136074,0.23735133,-0.011070661,-17.348083,0.0017000509,0.05353296,0.99856526,0.6137214
0.20563544,0.9772321,-0.05225891,21.069948,-0.97862715,0.2054329,-0.009278954,-18.339958,0.001668021,0.05305007,0.99859107,0.60323685
0.17528382,0.983053,-0.0536822,21.246208,-0.9845178,0.17503963,-0.009256501,-19.323265,0.00029689434,0.0544736,0.9985158,0.6109156
0.1447216,0.9879408,-0.055028833,21.402857,-0.98947084,0.14440085,-0.009784497,-20.346447,-0.0017202821,0.055865463,0.9984374,0.6182213
0.113650724,0.9920486,-0.05406036,21.542984,-0.99351215,0.113256715,-0.01030919,-21.399508,-0.004104508,0.05488128,0.998485,0.6229322
0.08457021,0.99493706,-0.05429296,21.641066,-0.9963997,0.08411756,-0.010575133,-22.442768,-0.0059545897,0.05499183,0.9984697,0.6165266
0.056683026,0.9967845,-0.0566331,21.70837,-0.99836546,0.05617479,-0.0105294995,-23.518223,-0.0073142787,0.057137374,0.9983402,0.6097949
0.031744383,0.99763936,-0.06088959,21.750578,-0.99946123,0.031175528,-0.010271766,-24.588402,-0.008349243,0.061182853,0.9980923,0.6109934
0.008810593,0.99781847,-0.06542403,21.768734,-0.9999178,0.008181246,-0.009882658,-25.680061,-0.009325838,0.06550573,0.9978093,0.6002152
-0.012096488,0.9973996,-0.07104466,21.759447,-0.9998637,-0.012864702,-0.010366801,-26.803696,-0.011253801,0.070909575,0.99741995,0.6057459
-0.029323721,0.9967096,-0.075563215,21.734932,-0.9994851,-0.030223195,-0.010788567,-27.909868,-0.013036819,0.07520795,0.9970833,0.5929083
-0.045009088,0.99588656,-0.07863806,21.687502,-0.9988821,-0.046003684,-0.010882389,-29.036499,-0.014455253,0.07806036,0.99684453,0.58263916
-0.059662458,0.99490875,-0.08122156,21.625616,-0.9980842,-0.060792323,-0.0115085235,-30.186481,-0.016387565,0.080379345,0.9966304,0.57482094
-0.072755486,0.99400073,-0.08166507,21.544224,-0.9971803,-0.074009076,-0.0124265505,-31.327606,-0.018395944,0.0805307,0.99658316,0.5578965
-0.08497575,0.9930152,-0.08185343,21.458305,-0.9961977,-0.08625792,-0.012251849,-32.479618,-0.019226765,0.08050109,0.9965699,0.54716647
-0.0968687,0.9919393,-0.08168836,21.348349,-0.99513966,-0.09798764,-0.009793076,-33.651936,-0.01771857,0.08034269,0.9966106,0.5272514
-0.10693583,0.9908916,-0.08184595,21.226662,-0.9941487,-0.10782554,-0.0065168827,-34.8166,-0.015282589,0.08067016,0.99662447,0.5112105
-0.116940066,0.9897204,-0.08233332,21.090633,-0.9930453,-0.11766639,-0.0040095155,-36.03583,-0.013656145,0.081291854,0.9965976,0.4955666
-0.12423092,0.98885274,-0.082080394,20.946007,-0.9921683,-0.12487856,-0.0027849486,-37.25227,-0.013003966,0.08109161,0.9966227,0.4778113
-0.13005976,0.988108,-0.08202028,20.790352,-0.99142736,-0.13064763,-0.0018194473,-38.5033,-0.012513546,0.08108055,0.9966299,0.4574459
-0.1357864,0.9872978,-0.08249473,20.628935,-0.99066776,-0.13629837,-0.0005810148,-39.77103,-0.011817511,0.08164601,0.9965923,0.4449746
-0.13997144,0.98678166,-0.08167142,20.454256,-0.9901022,-0.14034422,0.0011860101,-41.05066,-0.010291756,0.08102909,0.9966596,0.4279084
-0.14425206,0.9861585,-0.081750415,20.270731,-0.98949015,-0.1445902,0.0017991799,-42.363293,-0.01004601,0.0811508,0.9966522,0.41865653
-0.14764038,0.9856549,-0.0817745,20.076752,-0.9889811,-0.14803731,0.0012204113,-43.70084,-0.010902752,0.08105367,0.99665105,0.40402347
-0.14939648,0.98532915,-0.08250745,19.877182,-0.9886901,-0.14997183,-0.0007857265,-45.045654,-0.013147971,0.08145695,0.9965911,0.38680506
-0.15141898,0.98497206,-0.08308288,19.671997,-0.9883717,-0.15205243,-0.0013141684,-46.42886,-0.013927351,0.081917815,0.99654275,0.36561552
-0.15394937,0.9844662,-0.08441849,19.46424,-0.98797315,-0.15461992,-0.001424472,-47.829983,-0.014455102,0.083183944,0.99643034,0.35412127
-0.15442736,0.9843316,-0.08511159,19.243792,-0.9879059,-0.15505375,-0.00075928547,-49.24154,-0.0139442375,0.08396502,0.9963721,0.31781608
-0.15585753,0.9840283,-0.08600719,19.024233,-0.98768646,-0.15644698,-0.00011500012,-50.687046,-0.013568708,0.084930256,0.99629545,0.31132215
-0.155251,0.9841103,-0.08616553,18.793613,-0.9877938,-0.15576588,0.0007560344,-52.155663,-0.012677608,0.0852312,0.99628145,0.27821648
-0.15493764,0.98421687,-0.08551002,18.56535,-0.9878549,-0.15537167,0.0015957591,-53.62219,-0.011715242,0.084718786,0.99633694,0.27042562
-0.15410598,0.98434913,-0.08549063,18.33815,-0.987986,-0.15453577,0.0016067236,-55.124752,-0.011629764,0.0847112,0.9963386,0.25155616
-0.15219645,0.98463076,-0.085667804,18.102348,-0.98827904,-0.15265428,0.0012187624,-56.653847,-0.011877507,0.08484924,0.996324,0.2284472
-0.15121387,0.9847553,-0.08597586,17.872746,-0.98843324,-0.15165026,0.0014696962,-58.206844,-0.011590951,0.085203685,0.9962971,0.21738358
-0.15056355,0.98486614,-0.08584745,17.634018,-0.9885426,-0.15092589,0.0022904652,-59.772987,-0.010700782,0.08520877,0.99630666,0.19362764
-0.14949778,0.9849863,-0.0863291,17.396328,-0.9887104,-0.14981286,0.0028534653,-61.355267,-0.010122565,0.08578111,0.99626356,0.17804848
-0.14885122,0.98510665,-0.086072944,17.165016,-0.98880863,-0.1491634,0.002828818,-62.954815,-0.010052222,0.08553079,0.9962858,0.16137512
-0.14786847,0.98514026,-0.087372445,16.925446,-0.98893803,-0.14832433,0.0012870694,-64.56607,-0.011691493,0.0865963,0.9961759,0.14591786
-0.146735,0.9850959,-0.08975138,16.688023,-0.989087,-0.14733337,-4.309765e-05,-66.187126,-0.013265808,0.08876565,0.99596524,0.122740224
-0.14666064,0.9849427,-0.09153716,16.451927,-0.98910564,-0.14720571,0.00080461,-67.8216,-0.012682276,0.09065799,0.9958024,0.10848273
-0.14538422,0.98508716,-0.09201727,16.207832,-0.98930585,-0.14584613,0.00172018,-69.47101,-0.011725812,0.091283366,0.99575704,0.105121315
-0.14461507,0.9851882,-0.09214786,15.962745,-0.9894239,-0.14503834,0.0021215403,-71.16555,-0.01127483,0.09148014,0.9957442,0.08348293
-0.14500648,0.9850925,-0.092554465,15.708779,-0.98935914,-0.14548606,0.0015798296,-72.88525,-0.011909081,0.09179874,0.9957075,0.07444213
-0.14434677,0.9851966,-0.09247827,15.469449,-0.9894519,-0.14485796,0.0011956147,-74.5772,-0.012218272,0.09167542,0.99571514,0.048203405
-0.14432323,0.98507863,-0.09376266,15.219475,-0.98945004,-0.14487287,0.00095325365,-76.30525,-0.012644611,0.09291108,0.99559534,0.040008683
-0.1438001,0.9850817,-0.09453105,14.964775,-0.9895248,-0.1443623,0.0008992963,-78.056656,-0.012760816,0.093670174,0.99552274,0.015451446
-0.14376928,0.98508364,-0.09455732,14.712841,-0.9895381,-0.14426522,0.0016051698,-79.80644,-0.0120600825,0.09379888,0.9955194,0.002759058
-0.14469837,0.98500854,-0.09392012,14.455258,-0.9894147,-0.14509377,0.0026402648,-81.596245,-0.0110265175,0.093308024,0.9955775,-0.017205372
-0.14532226,0.9849769,-0.09328645,14.20026,-0.98933,-0.14565821,0.0032330272,-83.37017,-0.010403456,0.09276095,0.9956354,-0.03161234
-0.14631563,0.9849144,-0.09238831,13.933049,-0.9891881,-0.14660949,0.0036344035,-85.17955,-0.009965402,0.091921225,0.99571776,-0.040176887
-0.14752959,0.9847776,-0.09191526,13.676627,-0.9890038,-0.1478553,0.0032924209,-86.99591,-0.010347832,0.09139031,0.9957627,-0.060396098
-0.1479413,0.9847543,-0.0915025,13.403273,-0.9889358,-0.14832166,0.0026663148,-88.82594,-0.010946115,0.0908846,0.9958026,-0.06571198
-0.14822347,0.98488355,-0.0896361,13.136659,-0.98888934,-0.1486409,0.0020364807,-90.676575,-0.011317873,0.08894209,0.9959738,-0.09084102
-0.15026465,0.9846028,-0.08932192,12.858414,-0.9885864,-0.15063302,0.0026399724,-92.55052,-0.010855484,0.08869918,0.99600065,-0.10156844
-0.15270749,0.98434055,-0.088060826,12.576779,-0.9882194,-0.1530086,0.0033595208,-94.41754,-0.010167128,0.087536484,0.99611074,-0.12060031
-0.15722932,0.9835969,-0.08841204,12.288229,-0.9875128,-0.15748669,0.004099757,-96.31681,-0.009891187,0.08795267,0.9960769,-0.13251203
-0.16137397,0.9830837,-0.08663409,11.992253,-0.98683906,-0.16166492,0.0036925166,-98.20853,-0.010375616,0.08608982,0.9962347,-0.14690281
-0.16594668,0.9824559,-0.08510442,11.683255,-0.9860715,-0.166296,0.0030163939,-100.12063,-0.011189026,0.08441964,0.9963689,-0.16811484
-0.17116424,0.98166454,-0.08389408,11.3699875,-0.98518246,-0.17147431,0.0035481658,-102.04108,-0.010902543,0.083258316,0.9964698,-0.17717886
-0.17540342,0.98092675,-0.08376753,11.038714,-0.984448,-0.1756064,0.0049948897,-103.966675,-0.009810466,0.08334092,0.9964743,-0.18443294
-0.18020384,0.9800942,-0.08332285,10.70029,-0.98359317,-0.1802777,0.006697057,-105.89005,-0.008457477,0.08316264,0.9965016,-0.19115083
-0.18560387,0.9792041,-0.08192239,10.353361,-0.98259056,-0.18564837,0.0071389084,-107.84038,-0.00821828,0.081821196,0.9966147,-0.2018217
-0.1900426,0.9784834,-0.08034229,9.99177,-0.9817386,-0.19011308,0.0068399585,-109.79432,-0.008581307,0.080175035,0.9967454,-0.20836152
-0.19596076,0.9774748,-0.078377776,9.61898,-0.98056835,-0.19607972,0.006248865,-111.765,-0.009260155,0.07807931,0.99690574,-0.22111498
-0.20068213,0.9765531,-0.07791937,9.232851,-0.9796051,-0.20085259,0.005721991,-113.73158,-0.010062451,0.07747852,0.99694484,-0.22748026
-0.20629226,0.9753744,-0.0780324,8.83019,-0.9784313,-0.20650198,0.0054580253,-115.70093,-0.010790198,0.0774753,0.9969375,-0.24207893
-0.21275666,0.9739438,-0.078541495,8.422667,-0.97705287,-0.21289165,0.0067456774,-117.66684,-0.010150888,0.07817439,0.99688965,-0.24541314
-0.21784687,0.9728864,-0.07768938,7.9916587,-0.975937,-0.21792088,0.007625142,-119.653656,-0.00951171,0.077481054,0.9969501,-0.26071927
-0.22352555,0.97155803,-0.07818076,7.534245,-0.9746473,-0.22361594,0.0077068484,-121.65663,-0.0099947825,0.07792134,0.99691105,-0.26671034
-0.22985783,0.97014064,-0.07741735,7.0848026,-0.97316897,-0.22996734,0.0076165935,-123.67034,-0.010414263,0.0770909,0.9969713,-0.28045583
-0.23480862,0.96900606,-0.07676606,6.62223,-0.97198963,-0.23488268,0.008188778,-125.66108,-0.01009601,0.076538615,0.9970172,-0.29081225
-0.24056542,0.9676921,-0.075506374,6.1392317,-0.9705819,-0.24062486,0.008442529,-127.687645,-0.00999891,0.0753161,0.9971113,-0.30132666
-0.24457128,0.96656996,-0.076994404,5.643034,-0.9695674,-0.24469742,0.007934651,-129.69684,-0.011170905,0.07659186,0.99700165,-0.31150237
-0.24831828,0.9654412,-0.07913252,5.1353416,-0.9686011,-0.24850419,0.007644131,-131.7131,-0.0122847725,0.078546025,0.9968365,-0.3273975
-0.25228068,0.96432275,-0.08022978,4.62075,-0.9675767,-0.25244364,0.008270084,-133.7318,-0.012278435,0.07971484,0.9967438,-0.33861023
-0.2548622,0.9636208,-0.08050526,4.0927935,-0.9669031,-0.25499287,0.008824162,-135.75961,-0.012025088,0.080089726,0.99671686,-0.3555048
-0.25826928,0.96279305,-0.07954427,3.5530372,-0.96599567,-0.25841588,0.008621329,-137.81627,-0.012254914,0.079066046,0.9967958,-0.37248194
-0.26281044,0.9616718,-0.07822252,3.0084882,-0.964774,-0.26292858,0.008967774,-139.88867,-0.011942847,0.07782388,0.9968973,-0.38646147
-0.26700866,0.96064144,-0.076649554,2.4633002,-0.9636256,-0.2670948,0.00931341,-141.94133,-0.011525816,0.07634823,0.99701625,-0.39941365
-0.2719951,0.9592955,-0.07597112,1.893652,-0.9622278,-0.27208626,0.009344501,-144.02475,-0.011706528,0.07564318,0.9970679,-0.41971
-0.27600762,0.95813525,-0.07614125,1.3155236,-0.96108484,-0.2760827,0.009744483,-146.08467,-0.011684717,0.07586775,0.99705106,-0.42692482
-0.2807937,0.95680845,-0.07532252,0.7235265,-0.95970213,-0.28083143,0.010305077,-148.1758,-0.011292914,0.075180784,0.9971076,-0.44436842
-0.28559366,0.9554094,-0.07503514,0.11946648,-0.9582819,-0.28563815,0.010363814,-150.28717,-0.011531179,0.074864656,0.9971287,-0.4530024
-0.28939214,0.95426875,-0.074997224,-0.49867934,-0.9571317,-0.2894879,0.009826366,-152.36569,-0.012333761,0.074625894,0.997137,-0.47066835
-0.29341578,0.952985,-0.07568382,-1.1159748,-0.95589966,-0.29352865,0.009876637,-154.45712,-0.012803051,0.07524411,0.9970847,-0.48359707
-0.29794043,0.9515078,-0.076587364,-1.7648089,-0.95449716,-0.29804045,0.010384164,-156.58559,-0.012945487,0.07619628,0.9970105,-0.49748534
-0.30118784,0.9505154,-0.07620824,-2.4122763,-0.9534873,-0.3012227,0.011308139,-158.67928,-0.012207057,0.07606945,0.99702954,-0.51675904
-0.30458677,0.949454,-0.07592952,-3.07498,-0.9524223,-0.3045132,0.0128254425,-160.80309,-0.010944335,0.076223426,0.99703246,-0.5262536
-0.30866703,0.948116,-0.07617159,-3.7555258,-0.9511159,-0.30851832,0.014005191,-162.94514,-0.010221747,0.07677093,0.99699813,-0.5402184
-0.31154522,0.94721156,-0.07570539,-4.436424,-0.9501832,-0.3113459,0.014720968,-165.0642,-0.00962665,0.07652022,0.9970233,-0.54722667
-0.31543803,0.9459355,-0.07553999,-5.131261,-0.94889486,-0.3152528,0.014675031,-167.20912,-0.009932521,0.076308556,0.9970365,-0.5644253
-0.318849,0.9447698,-0.075807706,-5.83286,-0.94775397,-0.31865016,0.015027094,-169.34372,-0.009958951,0.0766384,0.997011,-0.57113564
-0.32291678,0.94330186,-0.07686253,-6.552566,-0.94637054,-0.3227261,0.015229939,-171.48897,-0.010439072,0.07765841,0.9969272,-0.5830115
-0.32652363,0.9418798,-0.07903307,-7.2899084,-0.945125,-0.32633707,0.015628198,-173.6574,-0.011071494,0.07979908,0.9967513,-0.594146
-0.32876486,0.9409967,-0.08025194,-8.021801,-0.94433886,-0.3286123,0.015477422,-175.79283,-0.011807527,0.08087342,0.9966563,-0.60826766
-0.33132628,0.94010055,-0.08022079,-8.771027,-0.94343454,-0.3312221,0.014987971,-177.96065,-0.012480654,0.080648944,0.99666625,-0.61961263
-0.33481094,0.93896365,-0.079059735,-9.53259,-0.9422085,-0.33467957,0.015299438,-180.14087,-0.01209402,0.07961316,0.9967543,-0.64133507
-0.3375214,0.9381294,-0.07742095,-10.291273,-0.94126344,-0.3372489,0.016962217,-182.29659,-0.010197332,0.0785986,0.99685603,-0.65760624
-0.34089532,0.9370062,-0.07623134,-11.067723,-0.94006056,-0.34051943,0.018275682,-184.48412,-0.008833782,0.07789215,0.9969245,-0.6604713
-0.34430626,0.93587756,-0.074752286,-11.851021,-0.93882823,-0.3438383,0.019446284,-186.67192,-0.0075033144,0.07687501,0.99701434,-0.6788492
-0.3472937,0.9349215,-0.07287205,-12.64636,-0.9377355,-0.34676436,0.020198887,-188.86523,-0.006385011,0.07534963,0.9971386,-0.68175066
-0.35147747,0.9333069,-0.07350756,-13.453664,-0.9361744,-0.3509313,0.02064229,-191.05516,-0.0065304707,0.07607117,0.9970829,-0.6812134
-0.3542888,0.9322595,-0.07330124,-14.270706,-0.9351079,-0.3538045,0.019922609,-193.24637,-0.0073612253,0.075602904,0.9971127,-0.6907313
-0.3580798,0.93080634,-0.0733474,-15.098664,-0.9336556,-0.3576509,0.01934897,-195.44662,-0.008222578,0.07540966,0.9971207,-0.69400513
-0.36234877,0.92914486,-0.07344784,-15.939649,-0.9320001,-0.36196494,0.018937428,-197.65717,-0.008989887,0.07531532,0.9971212,-0.6977726
-0.36535972,0.9280465,-0.072411075,-16.78296,-0.9308274,-0.3649571,0.019187162,-199.85587,-0.008620316,0.0744124,0.9971923,-0.7088562
-0.36889923,0.9267112,-0.07156218,-17.64286,-0.92943734,-0.36843935,0.020004366,-202.06328,-0.007828011,0.073892124,0.9972375,-0.716159
-0.3729309,0.92511964,-0.07125892,-18.505856,-0.92782664,-0.37246823,0.02016943,-204.27003,-0.007882506,0.07363769,0.997256,-0.7176694
-0.37510362,0.924189,-0.07192894,-19.392996,-0.926952,-0.37460354,0.020830417,-206.48189,-0.0076935543,0.0744882,0.9971943,-0.7140108
-0.37815315,0.92286617,-0.0729387,-20.286884,-0.92570466,-0.37768838,0.020593073,-208.69417,-0.008543409,0.07530699,0.9971259,-0.7202182
-0.38007012,0.9219503,-0.074540064,-21.184275,-0.9249107,-0.37963519,0.02047088,-210.90689,-0.009424857,0.07672323,0.99701005,-0.73002434
-0.38252324,0.92085195,-0.07556028,-22.089758,-0.9238963,-0.3820766,0.020851936,-213.11635,-0.009668225,0.07778617,0.99692535,-0.7334903
-0.38561013,0.9195878,-0.075264744,-23.002588,-0.92261654,-0.3851231,0.02146388,-215.32983,-0.009248229,0.07771714,0.9969347,-0.73587704
-0.38784513,0.9186976,-0.074649855,-23.917585,-0.9216836,-0.38732666,0.02189056,-217.54155,-0.008803031,0.07729364,0.9969717,-0.74533415
-0.3905933,0.9176068,-0.07373229,-24.841726,-0.92053235,-0.38999343,0.022959242,-219.75746,-0.0076875067,0.076840624,0.997016,-0.74663335
-0.39439005,0.91603,-0.07312547,-25.779781,-0.91891766,-0.39373294,0.023801979,-221.97688,-0.006988533,0.07658349,0.997041,-0.74074644
-0.39625132,0.9153912,-0.07103261,-26.717875,-0.9181236,-0.39555997,0.024148056,-224.18262,-0.005992693,0.07478536,0.9971839,-0.7454355
-0.39899102,0.91418535,-0.07122558,-27.668438,-0.9169385,-0.3982559,0.024853947,-226.40158,-0.0056448486,0.07522593,0.99715275,-0.73836315
-0.40221995,0.91262656,-0.073032424,-28.635881,-0.9155182,-0.4015264,0.024589151,-228.62077,-0.0068836845,0.07675271,0.99702865,-0.72887915
-0.4038898,0.9118362,-0.0736865,-29.59481,-0.9147725,-0.40327758,0.023667645,-230.82343,-0.008135051,0.07696545,0.99700284,-0.7339984
-0.40736023,0.91032803,-0.073228836,-30.576578,-0.9132281,-0.4067852,0.023277892,-233.05064,-0.008597843,0.07635706,0.99704576,-0.737294
-0.40986916,0.90932655,-0.071654364,-31.540125,-0.9121076,-0.40930018,0.023124753,-235.24052,-0.008300147,0.074834555,0.9971637,-0.7336485
-0.41317624,0.9079395,-0.070236795,-32.525204,-0.91061366,-0.41263664,0.022703094,-237.44878,-0.008369195,0.0733389,0.9972743,-0.7389671
-0.4171558,0.9061721,-0.069534875,-33.51507,-0.90879166,-0.41666886,0.022057744,-239.65512,-0.008984862,0.07239417,0.99733794,-0.7401752
-0.42021784,0.9048059,-0.06888579,-34.524685,-0.90737927,-0.419741,0.021957735,-241.84932,-0.009046659,0.071732506,0.9973852,-0.74014926
-0.4237869,0.90319616,-0.06814274,-35.53248,-0.9057157,-0.42333287,0.021684103,-244.0525,-0.009262019,0.07090733,0.99744225,-0.74740285
-0.42795265,0.9012837,-0.067426056,-36.545776,-0.90374815,-0.4275504,0.021015814,-246.24237,-0.009886782,0.06992989,0.99750525,-0.7433666
-0.43110704,0.8998329,-0.06670318,-37.57499,-0.90224814,-0.43070817,0.020987416,-248.43,-0.009844389,0.06923059,0.9975544,-0.75237846
-0.43522394,0.89787096,-0.066406004,-38.61527,-0.9002717,-0.43480313,0.021420576,-250.60822,-0.009640577,0.06910613,0.9975651,-0.75540006
-0.43955773,0.89573556,-0.066698544,-39.65355,-0.8981616,-0.4391304,0.021724096,-252.77675,-0.009830261,0.069455005,0.99753904,-0.7536166
-0.442451,0.89433753,-0.06632788,-40.707367,-0.8967399,-0.44202292,0.021793855,-254.94563,-0.009827329,0.0691215,0.9975622,-0.7600147
-0.44703802,0.89214545,-0.065079115,-41.769676,-0.8944641,-0.44661108,0.02177592,-257.12073,-0.009637713,0.067945525,0.9976449,-0.76177406
-0.44994682,0.89067453,-0.065180875,-42.850166,-0.893006,-0.4494963,0.022246864,-259.2853,-0.009483796,0.068216756,0.99762785,-0.774233
-0.45357978,0.88879985,-0.065589726,-43.931347,-0.89116687,-0.45310274,0.022829318,-261.4388,-0.009428138,0.068806246,0.99758786,-0.78706133
-0.45771712,0.8866155,-0.066405475,-45.022263,-0.8890521,-0.45718083,0.023950929,-263.61432,-0.009123991,0.07000061,0.9975076,-0.78413224
-0.46066996,0.8849805,-0.067782044,-46.1187,-0.88753164,-0.46003675,0.02560173,-265.76068,-0.008525144,0.07195259,0.99737394,-0.7855406
-0.46355116,0.8834015,-0.068730615,-47.23402,-0.88603216,-0.46286255,0.026588969,-267.91425,-0.008324036,0.073222816,0.9972832,-0.79813576
-0.46698582,0.8815147,-0.06969896,-48.361267,-0.8842345,-0.46618107,0.028396482,-270.09738,-0.007460364,0.07489091,0.9971662,-0.8004367
-0.4692864,0.8802184,-0.070624076,-49.49197,-0.8830261,-0.46832407,0.030646706,-272.24014,-0.0060991007,0.076744914,0.9970345,-0.80187714
-0.47279605,0.8782659,-0.07151818,-50.639633,-0.8811518,-0.47178853,0.03144713,-274.42947,-0.006122454,0.07788638,0.9969458,-0.80708456
-0.47546002,0.8768644,-0.07105356,-51.801197,-0.8797211,-0.47440508,0.032131445,-276.5995,-0.00553319,0.07778446,0.99695724,-0.80940884
-0.4787354,0.8751463,-0.07023763,-52.96557,-0.87794554,-0.4776586,0.032492094,-278.77884,-0.005114208,0.07721985,0.99700344,-0.8240371
-0.48292917,0.8728326,-0.07031867,-54.15941,-0.87564814,-0.481792,0.03344771,-280.98224,-0.0046846587,0.07772721,0.9969662,-0.82844883
-0.4856315,0.87140644,-0.069390096,-55.351856,-0.8741549,-0.48447338,0.03377462,-283.17328,-0.004186165,0.07705964,0.99702024,-0.83141905
-0.48850897,0.86990964,-0.067958586,-56.558937,-0.8725524,-0.48735195,0.033801623,-285.37875,-0.0037153233,0.07580974,0.997118,-0.8380078
-0.49174106,0.86800724,-0.06896672,-57.784325,-0.8707324,-0.49057972,0.034041304,-287.5939,-0.0042855046,0.07679098,0.9970406,-0.8370612
-0.4934261,0.86692965,-0.07046912,-59.01853,-0.86977404,-0.4922741,0.03408244,-289.78638,-0.005142975,0.078109294,0.9969341,-0.8401669
-0.4954538,0.86568326,-0.07155671,-60.26618,-0.86861485,-0.49433047,0.03388181,-292.0002,-0.0060416777,0.07894201,0.99686354,-0.84351844
-0.49834114,0.86402166,-0.07158915,-61.524258,-0.8669579,-0.49724802,0.033626262,-294.23978,-0.0065436806,0.07882205,0.9968699,-0.8518824
-0.50005656,0.86304384,-0.071421824,-62.79219,-0.865967,-0.49899283,0.033312507,-296.46054,-0.0068887635,0.07850699,0.99689245,-0.869921
-0.502866,0.8613148,-0.07255984,-64.077126,-0.86432904,-0.5018451,0.0330015,-298.71594,-0.007989064,0.07931083,0.99682057,-0.8781767
-0.50440174,0.8603745,-0.073053084,-65.36801,-0.86342865,-0.5034029,0.03284504,-300.9463,-0.008516041,0.07964314,0.99678975,-0.8880884
-0.5066192,0.8591366,-0.07227415,-66.67995,-0.8621378,-0.50555676,0.033660445,-303.20016,-0.0076197013,0.07936322,0.9968194,-0.90378904
-0.50991774,0.8573541,-0.07021517,-67.98798,-0.86020625,-0.5087401,0.035085306,-305.4583,-0.005640681,0.07829006,0.9969175,-0.9058152
-0.5127183,0.8558079,-0.06866707,-69.2962,-0.8585419,-0.51156247,0.034813434,-307.70728,-0.0053338194,0.076802954,0.99703485,-0.91344196
-0.51696724,0.8533405,-0.067507036,-70.62855,-0.8559798,-0.5159661,0.032860707,-309.97284,-0.006789907,0.07477249,0.9971803,-0.9246237
-0.52219975,0.85027957,-0.06583689,-71.995125,-0.85278547,-0.52135867,0.030731462,-312.25974,-0.00819424,0.072192624,0.9973599,-0.9354562
-0.5262079,0.8478307,-0.06550464,-73.353806,-0.8503057,-0.5254631,0.029514391,-314.5157,-0.009397006,0.07122959,0.9974185,-0.9506314
-0.53049046,0.8451398,-0.06573577,-74.75515,-0.84763193,-0.52978265,0.02920431,-316.79947,-0.010143887,0.07121226,0.99741244,-0.9667586
-0.53533536,0.8419495,-0.067377225,-76.15279,-0.844577,-0.5345729,0.030397356,-319.07446,-0.010424938,0.07317794,0.9972673,-0.9831342
-0.53881043,0.8396881,-0.06789557,-77.586555,-0.8423671,-0.53799325,0.031359684,-321.33524,-0.010194939,0.074089825,0.9972024,-0.99840254
-0.5432262,0.83676755,-0.0687603,-79.02369,-0.8395118,-0.5424564,0.031041903,-323.61603,-0.011324536,0.07458776,0.9971531,-1.0144874
-0.54620385,0.83472544,-0.06998238,-80.47779,-0.83755344,-0.5455244,0.030169396,-325.8761,-0.012993864,0.07509252,0.9970949,-1.0355766
-0.5500886,0.8322008,-0.0696205,-81.94404,-0.8349824,-0.54953825,0.028548557,-328.14203,-0.014500924,0.07383602,0.99716794,-1.0563284
-0.55441767,0.8293541,-0.06925009,-83.42152,-0.83210605,-0.55390155,0.028205797,-330.40942,-0.01496507,0.07326111,0.99720347,-1.0723988
-0.5578765,0.82705903,-0.068920076,-84.906364,-0.82977915,-0.5574133,0.027568812,-332.66043,-0.015615865,0.072568335,0.9972442,-1.0980629
-0.56186855,0.82420444,-0.07066613,-86.40921,-0.8270604,-0.56142336,0.027892498,-334.91403,-0.01668442,0.074116975,0.99711305,-1.1198096
-0.56649214,0.8209712,-0.0713864,-87.91172,-0.8238696,-0.56613296,0.02712271,-337.1572,-0.018147152,0.07417778,0.99708295,-1.1406431
-0.5693805,0.8190538,-0.07042523,-89.43267,-0.82186157,-0.56909716,0.025987428,-339.3951,-0.01879362,0.07267641,0.9971816,-1.1737187
-0.57264113,0.81674975,-0.070746765,-90.9727,-0.81957126,-0.5724153,0.025437165,-341.6395,-0.01972066,0.07254827,0.9971731,-1.2095945
-0.5759329,0.8143487,-0.07169796,-92.53422,-0.8172242,-0.575795,0.024657119,-343.88898,-0.02120376,0.07279404,0.99712473,-1.2449661
-0.5786174,0.8126157,-0.06971998,-94.06864,-0.81532073,-0.57854325,0.023305532,-346.10315,-0.021397505,0.07032902,0.9972975,-1.2748662
-0.58172745,0.8107016,-0.06602591,-95.64778,-0.8131398,-0.5816296,0.022674352,-348.35342,-0.020020414,0.066878475,0.9975635,-1.3180956
-0.5844673,0.8090493,-0.061973017,-97.21606,-0.81120026,-0.5843781,0.021440797,-350.57315,-0.018868938,0.062803864,0.9978507,-1.351199
-0.58730036,0.8070891,-0.06073756,-98.79985,-0.809118,-0.5873386,0.019101111,-352.79932,-0.02025714,0.06036183,0.9979743,-1.3826739
-0.5905468,0.80458826,-0.062416114,-100.39974,-0.8067003,-0.59068257,0.018224034,-355.03525,-0.022205185,0.061113127,0.9978871,-1.42263
-0.5933049,0.80263186,-0.061442245,-101.99206,-0.8046838,-0.5934272,0.018207574,-357.2243,-0.02184744,0.06024411,0.9979478,-1.4589283
-0.5963433,0.8005186,-0.059568685,-103.60279,-0.8024321,-0.59650457,0.01698,-359.4317,-0.021940108,0.057925623,0.99808306,-1.4961022
-0.59978956,0.79793006,-0.05969687,-105.223595,-0.79978347,-0.600125,0.014128436,-361.64334,-0.024552003,0.05621855,0.9981198,-1.5427955
-0.60229623,0.7960861,-0.059075277,-106.8477,-0.79784507,-0.6027494,0.0118172625,-363.8298,-0.026199948,0.0542503,0.9981868,-1.5896952
-0.60545343,0.7937735,-0.057909638,-108.47879,-0.79544264,-0.6059345,0.010846877,-366.00803,-0.026479403,0.05263096,0.99826616,-1.6439532
-0.6087732,0.79127413,-0.05730887,-110.11707,-0.79290336,-0.60925794,0.010602214,-368.19653,-0.026526542,0.051894628,0.99830353,-1.6922185
-0.6109997,0.78955865,-0.057273567,-111.76157,-0.79116863,-0.611519,0.010006451,-370.3631,-0.027123105,0.05142688,0.9983117,-1.7380443
-0.6138827,0.78729916,-0.057548657,-113.41051,-0.7889035,-0.6144486,0.009361446,-372.51163,-0.027990345,0.051147055,0.9983021,-1.787788
-0.6160036,0.7858313,-0.054887615,-115.08713,-0.7872536,-0.61658496,0.0076283384,-374.6842,-0.0278482,0.04790945,0.9984667,-1.8300109
-0.6190322,0.78405607,-0.04537669,-116.73625,-0.7849694,-0.61952484,0.003933138,-376.8268,-0.025028097,0.03805394,0.9989655,-1.8719237
-0.62330693,0.7812028,-0.034848034,-118.3755,-0.78182054,-0.62345976,0.00760558,-378.96255,-0.015784763,0.031985417,0.99936694,-1.9493133
-0.625456,0.77934235,-0.037870165,-120.08029,-0.7801833,-0.6253449,0.016159944,-381.10385,-0.011087703,0.0396529,0.9991552,-1.936672
-0.62677824,0.77782923,-0.04620015,-121.77019,-0.779045,-0.62673396,0.017225834,-383.21906,-0.015556362,0.046788663,0.99878687,-1.9311188
-0.6286065,0.7759445,-0.052609097,-123.46099,-0.7772799,-0.62909746,0.008702304,-385.3304,-0.026343659,0.046362206,0.9985805,-1.9725909
-0.6301969,0.774551,-0.05409493,-125.15761,-0.7756489,-0.63116634,-0.0011032443,-387.46277,-0.03499733,0.0412633,0.99853843,-2.0454304
-0.6337361,0.7718052,-0.051951814,-126.84493,-0.77258766,-0.6348689,-0.0072994465,-389.57898,-0.03861625,0.0355113,0.9986262,-2.1274757
-0.63634586,0.7697115,-0.0511066,-128.55716,-0.7704463,-0.63746154,-0.007669538,-391.7007,-0.03848173,0.034494303,0.998667,-2.213035
-0.6390195,0.7673341,-0.05344374,-130.27821,-0.7683205,-0.6400603,-0.003165397,-393.79572,-0.03663604,0.03903906,0.9985691,-2.2753487
-0.6420456,0.76475656,-0.054116048,-131.98477,-0.76597184,-0.64287114,0.0027356357,-395.8526,-0.03269746,0.043207657,0.9985341,-2.329613
-0.6441382,0.7630589,-0.05320551,-133.70734,-0.7643348,-0.6447944,0.0060183126,-397.92953,-0.029714197,0.04454333,0.99856865,-2.3919396
-0.6471089,0.76052,-0.053509485,-135.45004,-0.761816,-0.6477655,0.006324259,-400.0119,-0.029851781,0.04485675,0.9985506,-2.453723
-0.6503415,0.7576544,-0.054951414,-137.18207,-0.75899506,-0.65107393,0.0057512275,-402.0718,-0.031419896,0.045447994,0.9984758,-2.5104568
-0.6521918,0.75597584,-0.0561281,-138.94182,-0.7573426,-0.65300196,0.004953614,-404.14035,-0.032906853,0.045738786,0.99841464,-2.5750055
-0.6540883,0.7542876,-0.05676938,-140.69766,-0.7556793,-0.6549266,0.0048802616,-406.1985,-0.03349857,0.04609145,0.9983787,-2.6363266
-0.6562521,0.75240254,-0.056812763,-142.46094,-0.7538132,-0.6570691,0.0054579373,-408.2543,-0.03322326,0.04640787,0.99837327,-2.7044845
-0.6566607,0.7519803,-0.057674628,-144.20499,-0.7534448,-0.6574879,0.0058708815,-410.27905,-0.0335055,0.0473097,0.99832153,-2.7650769
-0.6584535,0.7502601,-0.05960502,-145.97884,-0.75180006,-0.6593717,0.005438441,-412.32672,-0.03522153,0.048391894,0.9982106,-2.8306718
-0.6587614,0.7497379,-0.06269412,-147.74358,-0.75140977,-0.6598207,0.0048857518,-414.35925,-0.03770375,0.050327398,0.9980242,-2.9036508
-0.6599727,0.7484728,-0.065026164,-149.52296,-0.750239,-0.66115564,0.004297975,-416.39655,-0.039775405,0.051621597,0.99787766,-2.977227
-0.66180724,0.74698293,-0.06349423,-151.29199,-0.7486713,-0.6629298,0.0043795086,-418.4231,-0.038820706,0.050434586,0.99797595,-3.0524375
-0.6628009,0.74651,-0.058494773,-153.0577,-0.7479545,-0.66373837,0.0043905834,-420.44882,-0.035547525,0.0466614,0.9982814,-3.1315746
-0.6643347,0.74539125,-0.05527496,-154.83058,-0.74667966,-0.66517377,0.0041567376,-422.4801,-0.033668973,0.04403404,0.9984659,-3.205758
-0.6659757,0.7439325,-0.05518053,-156.6158,-0.74518836,-0.6668485,0.003375623,-424.4981,-0.034285728,0.04336786,0.99847406,-3.2724528
-0.66643155,0.7436336,-0.05368586,-158.39749,-0.7447771,-0.66731346,0.0019642743,-426.52008,-0.0343645,0.04129294,0.9985593,-3.3298483
-0.66742134,0.7429348,-0.0509977,-160.17087,-0.74394214,-0.6682461,0.0011529909,-428.53473,-0.03322232,0.03870876,0.99870145,-3.4036164
-0.6690198,0.7415355,-0.05041736,-161.9622,-0.74249303,-0.66985685,0.00037950848,-430.5407,-0.033490896,0.037688326,0.99873155,-3.466359
-0.66866493,0.7417422,-0.05205806,-163.7485,-0.7427199,-0.6696049,-0.00084973103,-432.54834,-0.035488512,0.03809626,0.9986471,-3.530113
-0.6690574,0.7411015,-0.05599152,-165.54976,-0.74218756,-0.6701923,-0.0020564054,-434.55157,-0.03904899,0.040180244,0.9984325,-3.6069267
-0.6671881,0.7422372,-0.06283615,-167.32509,-0.7435713,-0.66865253,-0.003143564,-436.55557,-0.044348706,0.044625692,0.9980223,-3.6918104
-0.6654496,0.74330246,-0.0684295,-169.11185,-0.7448249,-0.66724646,-0.004723558,-438.5477,-0.049170263,0.047824588,0.9976481,-3.7745905
-0.66475534,0.744339,-0.06374988,-170.91264,-0.7455498,-0.6664184,-0.0068027778,-440.56635,-0.047547556,0.04300641,0.997946,-3.882048
-0.6636764,0.74602807,-0.05458831,-172.6618,-0.7468499,-0.6649537,-0.007479855,-442.58084,-0.041878782,0.035804957,0.9984842,-3.9853623
-0.66209584,0.7477823,-0.049546257,-174.42516,-0.74837154,-0.66322035,-0.009114265,-444.6086,-0.039675474,0.031044379,0.9987335,-4.08228
-0.66046643,0.7493332,-0.04783224,-176.20187,-0.7498585,-0.66153353,-0.009480721,-446.6202,-0.038746756,0.029605601,0.9988136,-4.16
-0.6570693,0.7522266,-0.049185187,-177.94196,-0.7528085,-0.6581785,-0.009206108,-448.63678,-0.039297614,0.03097786,0.99875045,-4.233298
-0.65421176,0.75465775,-0.050028007,-179.69601,-0.7552767,-0.65534693,-0.009046289,-450.66846,-0.03961246,0.03186668,0.99871004,-4.3184958
-0.6527218,0.7561797,-0.04637452,-181.44781,-0.75668794,-0.65371644,-0.009082769,-452.697,-0.037183903,0.0291624,0.99888605,-4.387697
-0.6505931,0.75831205,-0.04117724,-183.16924,-0.7585395,-0.6514987,-0.013103902,-454.7443,-0.036763676,0.022709142,0.9990692,-4.467803
-0.6503766,0.758774,-0.03572619,-184.90097,-0.75869226,-0.6511848,-0.018675698,-456.78418,-0.037434902,0.014958844,0.9991904,-4.551835
-0.64960027,0.7597158,-0.029247185,-186.60846,-0.7594294,-0.6502117,-0.022275144,-458.83685,-0.035939563,0.0077411323,0.9993273,-4.622189
-0.6488962,0.76039547,-0.027136762,-188.33762,-0.76007146,-0.6494375,-0.022948932,-460.88953,-0.035073817,0.005734306,0.9993716,-4.6985593
-0.64831924,0.7608012,-0.029455028,-190.06839,-0.7604877,-0.6489449,-0.023092221,-462.92215,-0.0366832,0.007428956,0.9993026,-4.7647266
-0.64633,0.76237464,-0.032348424,-191.78386,-0.76204234,-0.6470762,-0.024252547,-464.969,-0.039421342,0.008975619,0.9991856,-4.8311825
-0.6450048,0.76348865,-0.03252641,-193.4963,-0.7630874,-0.64577395,-0.026039738,-467.0154,-0.040885672,0.0080246385,0.9991349,-4.918048
-0.6446186,0.7639166,-0.030041138,-195.21663,-0.76347744,-0.64529145,-0.026565444,-469.07153,-0.03967899,0.005811056,0.99919885,-5.0034204
-0.643442,0.76499456,-0.027747868,-196.90791,-0.76459193,-0.64402056,-0.02532482,-471.11017,-0.03724347,0.0049206484,0.9992974,-5.0848975
-0.6424607,0.76583415,-0.027322374,-198.6098,-0.76547945,-0.6430172,-0.023974102,-473.15955,-0.035928868,0.005512201,0.99934244,-5.1615453
-0.6414177,0.7666275,-0.029492082,-200.32663,-0.766298,-0.64205205,-0.023689706,-475.21768,-0.03709656,0.0074046277,0.9992875,-5.225885
-0.63996226,0.7677601,-0.0315726,-202.03123,-0.7674496,-0.6406757,-0.0236733,-477.27402,-0.03840314,0.009080257,0.99922425,-5.299162
-0.63917834,0.76839614,-0.03197708,-203.71951,-0.7680885,-0.6399081,-0.02371468,-479.32437,-0.038684584,0.009403214,0.99921036,-5.378103
-0.63801754,0.76937264,-0.03167726,-205.42874,-0.7690394,-0.6387418,-0.02433167,-481.39532,-0.038953636,0.008836927,0.9992051,-5.4578185
-0.6370282,0.7701635,-0.032363467,-207.12405,-0.76980734,-0.63778675,-0.025087493,-483.4509,-0.03996238,0.008932093,0.9991644,-5.5405207
-0.63668877,0.7704381,-0.032508295,-208.80286,-0.77004814,-0.63746095,-0.02596184,-485.51932,-0.040724676,0.008503244,0.99913734,-5.620783
-0.6359514,0.77109975,-0.031230789,-210.49316,-0.7707241,-0.6366678,-0.025360476,-487.58258,-0.03943901,0.007942198,0.99919355,-5.7044716
-0.6354265,0.771568,-0.030338727,-212.17181,-0.77123153,-0.6360991,-0.024177969,-489.64484,-0.037953306,0.008034768,0.99925035,-5.785289
-0.63538635,0.77157545,-0.030985758,-213.85306,-0.7712274,-0.6360873,-0.024614986,-491.71616,-0.038701884,0.00825695,0.99921983,-5.858744
-0.63441,0.7723665,-0.031280972,-215.53305,-0.7719785,-0.6351319,-0.025717994,-493.76605,-0.03973118,0.007832397,0.9991829,-5.937396
-0.63421553,0.7725481,-0.030738998,-217.21396,-0.7721113,-0.634924,-0.026841931,-495.85385,-0.040253524,0.0067102727,0.9991702,-6.021017
-0.6350444,0.771871,-0.030636624,-218.89366,-0.7714095,-0.6357519,-0.02741657,-497.93,-0.040639263,0.0062225587,0.9991577,-6.102846
-0.6347817,0.7721026,-0.03024084,-220.57225,-0.7716604,-0.6354701,-0.026884206,-499.98663,-0.039974432,0.006269972,0.99918425,-6.1871023
-0.6355868,0.7714248,-0.030626189,-222.25505,-0.77098763,-0.63628966,-0.026800511,-502.06476,-0.040161625,0.0065782764,0.9991748,-6.264612
-0.6350896,0.77181166,-0.03118718,-223.93306,-0.77132916,-0.63582337,-0.0280103,-504.1197,-0.041448135,0.0062664486,0.9991242,-6.3485446
-0.6352717,0.7716476,-0.031535916,-225.61562,-0.77111024,-0.6360281,-0.029358037,-506.1918,-0.04271171,0.005667251,0.99907464,-6.4380417
-0.6360663,0.7710008,-0.031338688,-227.30092,-0.7704257,-0.6368181,-0.030195037,-508.27454,-0.043237362,0.0049379985,0.9990559,-6.520607
-0.6357264,0.77131504,-0.030493047,-228.97842,-0.77073956,-0.63644177,-0.030119548,-510.32764,-0.04263863,0.0043543223,0.99908435,-6.6155963
-0.6357243,0.77132875,-0.030188221,-230.66867,-0.7707756,-0.6364243,-0.029560208,-512.40094,-0.042013075,0.004476117,0.99911034,-6.705476
-0.63633156,0.7708101,-0.030638738,-232.34547,-0.77026945,-0.6370489,-0.029299423,-514.46075,-0.042102583,0.004955852,0.9991043,-6.789044
-0.6352849,0.7716713,-0.030680861,-234.03569,-0.77113205,-0.63600475,-0.02929403,-516.53705,-0.042118456,0.005048855,0.9991032,-6.879628
-0.6361086,0.7710007,-0.030474959,-235.71286,-0.7704546,-0.6368198,-0.029414585,-518.59796,-0.04208564,0.0047686175,0.999106,-6.9616613
-0.63538206,0.7716302,-0.02968699,-237.39604,-0.771087,-0.6360603,-0.029278262,-520.671,-0.041474625,0.004288282,0.99913377,-7.0482016
-0.63526857,0.771721,-0.029755782,-239.08113,-0.77115345,-0.6359522,-0.02986887,-522.7506,-0.04197361,0.003971435,0.9991142,-7.138801
-0.6358704,0.7711892,-0.030672658,-240.75113,-0.7705781,-0.63659704,-0.030960213,-524.7917,-0.043402225,0.0039489097,0.99905324,-7.222389
-0.6348083,0.7720346,-0.03139763,-242.44203,-0.7713898,-0.635571,-0.031815313,-526.8681,-0.044517867,0.004023098,0.9990039,-7.3185463
-0.63447744,0.77230495,-0.03143469,-244.12529,-0.77167624,-0.6352407,-0.031464435,-528.9426,-0.044268653,0.004293842,0.9990139,-7.409682
-0.6351731,0.7717054,-0.0321033,-245.78938,-0.7711182,-0.635961,-0.030581469,-530.985,-0.044016253,0.0053308248,0.99902004,-7.498375
-0.63424575,0.7724405,-0.032750417,-247.48979,-0.77186453,-0.6350621,-0.030431552,-533.07007,-0.044305038,0.0059777135,0.9990036,-7.5923223
-0.6341061,0.7725457,-0.032972474,-249.17766,-0.7719265,-0.63493824,-0.031428553,-535.1486,-0.0452154,0.005523201,0.9989654,-7.6864505
-0.6346889,0.77209777,-0.032242376,-250.85712,-0.7714631,-0.6354889,-0.03167385,-537.21423,-0.04494491,0.004770679,0.9989815,-7.7856965
