'01':
  ARE: 0.0009763664956181968
  ATE: 0.03138020061881822
  STD_ARE: 0.0005194616495677858
  STD_ATE: 0.01515221411628375
  nsecs_per_frame: 0.5061990757837391
  rot_err: 1.4545408869162633e-05
  tr_err: 0.007977898171250157
AVG:
  ARE: 0.0009763664956181968
  ATE: 0.03138020061881822
  STD_ARE: 0.0005194616495677858
  STD_ATE: 0.01515221411628375
  nsecs_per_frame: 0.5061990757837391
  rot_err: 1.4545408869162633e-05
  tr_err: 0.007977898171250157
