0,1,2,3,4,5,6,7,8,9,10,11
1.0,0.0,0.0,0.0,0.0,1.0,0.0,0.0,0.0,0.0,1.0,0.0
0.99998784,0.0014357117,-0.0047201067,0.9608928,-0.0014299093,0.9999982,0.0012324845,0.0047408585,0.004721868,-0.0012257203,0.9999881,0.01024681
0.99998176,0.002227111,-0.0056239124,1.920423,-0.0022284964,0.9999975,-0.00024007447,0.005376082,0.005623364,0.00025260274,0.99998415,0.023603205
0.99999356,0.0027635223,-0.0023348273,2.8790812,-0.00276763,0.9999947,-0.0017578433,0.0048707947,0.0023299572,0.0017642935,0.99999577,0.03334046
0.9999945,0.0015132277,0.0029993947,3.8337693,-0.0014956979,0.99998194,-0.00583815,0.0023774058,-0.0030081738,0.0058336305,0.99997854,0.04021031
0.9999934,0.00018164911,0.0036700466,4.77103,-0.00015025213,0.9999635,-0.008553444,0.0003111813,-0.003671465,0.008552834,0.9999567,0.053792674
0.9999996,-0.0001690996,0.0010751548,5.711562,0.00018123015,0.99993634,-0.011292729,-0.001055164,-0.0010731756,0.011292916,0.99993575,0.066278204
0.9999966,-0.0016722546,-0.0020872338,6.644833,0.001650026,0.9999425,-0.010606358,0.0032958826,0.0021048507,0.010602874,0.99994165,0.07630048
0.9999929,-0.002283833,-0.003061918,7.5718055,0.002250341,0.9999382,-0.010897279,0.00928045,0.0030866165,0.010890306,0.99993604,0.088422365
0.9999954,-0.0027214612,-0.0014614038,8.5016775,0.0027057892,0.99994,-0.0106208585,0.01760945,0.0014902207,0.01061685,0.99994266,0.09822753
0.99999154,-0.003938803,0.001327398,9.420503,0.0039527086,0.9999356,-0.010641592,0.02594994,-0.0012853967,0.010646743,0.99994266,0.108586445
0.9999853,-0.0047416724,0.0027270354,10.342083,0.004770818,0.99993056,-0.0107825715,0.031371135,-0.0026757177,0.010795417,0.99993837,0.119594134
0.99998116,-0.0049377587,0.0037190423,11.264146,0.004984359,0.9999079,-0.012626961,0.03743303,-0.0036563503,0.012645253,0.9999136,0.13134582
0.99997514,-0.0060638096,0.0036719195,12.167947,0.0061105182,0.99989885,-0.012846053,0.04479187,-0.0035936513,0.012868163,0.999911,0.13968599
0.99997514,-0.0066760415,0.0024075848,13.076235,0.0067069526,0.9998922,-0.013068778,0.05460837,-0.0023200768,0.013084592,0.999912,0.14799066
0.9999697,-0.007807638,0.0003498623,13.982295,0.0078117293,0.9998739,-0.013831778,0.067760445,-0.00024182399,0.013834084,0.9999046,0.15692018
0.9999546,-0.009507975,-0.0009679188,14.884009,0.009493291,0.9998544,-0.0141846845,0.07748542,0.0011026461,0.014174843,0.99989915,0.16544162
0.9999353,-0.011274116,-0.0016731664,15.785887,0.011249279,0.99983627,-0.014177147,0.091673866,0.0018327279,0.0141574,0.9998983,0.17654078
0.9999204,-0.012395126,-0.0024862166,16.68521,0.012360291,0.9998316,-0.013568137,0.1060346,0.0026539771,0.013536317,0.9999051,0.19104153
0.99989617,-0.014199486,-0.0026061847,17.578926,0.01416606,0.99982256,-0.012424139,0.1251645,0.0027821392,0.01238592,0.99991965,0.2029448
0.99987394,-0.015781567,-0.001954778,18.466108,0.015755188,0.9997935,-0.012843682,0.14312461,0.0021570683,0.012811255,0.9999159,0.21594088
0.99985826,-0.016835736,-0.0008882303,19.35871,0.01682367,0.99978447,-0.012181492,0.16019554,0.0010931239,0.012164812,0.99992573,0.22775264
0.9998309,-0.01840871,-0.00022925647,20.235218,0.018404685,0.9997602,-0.011878295,0.1802572,0.00044786648,0.011872057,0.9999297,0.2402534
0.9998038,-0.019827984,-0.00023232184,21.110582,0.019823575,0.99972683,-0.01239512,0.19517316,0.00047802945,0.012388073,0.99992347,0.25558513
0.9997794,-0.021015208,-0.00050251087,21.990204,0.021007426,0.9997037,-0.012310713,0.21783987,0.0007610749,0.01229743,0.9999244,0.2666303
0.9997555,-0.022130985,-0.00030965256,22.848488,0.022125361,0.9996769,-0.012531649,0.23896305,0.00058689096,0.012521722,0.9999218,0.27735817
0.99972886,-0.023268782,0.0013122762,23.702793,0.023283027,0.9996551,-0.012161015,0.26578557,-0.0010288507,0.012188259,0.99992555,0.2854785
0.9996952,-0.024337457,0.004263334,24.55087,0.024391947,0.999615,-0.013234767,0.28615156,-0.0039395904,0.013334711,0.9999037,0.29717925
0.99967486,-0.024874669,0.005694611,25.38082,0.024949063,0.9995992,-0.013390058,0.309277,-0.005359253,0.013527767,0.9998945,0.30529618
0.9996703,-0.025242697,0.004806062,26.21149,0.025301078,0.99960184,-0.012502968,0.33562905,-0.0044885376,0.012620432,0.99991065,0.3155049
0.99965173,-0.026297491,0.0024135897,27.022264,0.026323142,0.9995898,-0.011298864,0.36467013,-0.0021154666,0.01135845,0.99993366,0.3254177
0.9996359,-0.026994916,0.00065030216,27.823956,0.027000315,0.99957854,-0.010678309,0.39145026,-0.00036176716,0.010691966,0.9999432,0.33411992
0.99961835,-0.027643234,0.000246709,28.621132,0.027644316,0.99956936,-0.009857296,0.42085668,2.5885518e-05,0.009860341,0.9999518,0.3412553
0.9995738,-0.029209374,-0.00029492137,29.406956,0.02920481,0.999521,-0.010258237,0.4477524,0.00059441733,0.010245239,0.9999478,0.35612428
0.9995136,-0.031187639,-0.0010168827,30.181316,0.031176485,0.9994682,-0.009576987,0.47446153,0.0013150258,0.009540613,0.9999541,0.36816326
0.99946123,-0.03281629,-0.0012893991,30.955051,0.032802887,0.9994186,-0.0093144355,0.50396836,0.0015943149,0.0092671085,0.99995625,0.38167018
0.99938095,-0.035198316,-0.00026099163,31.711428,0.035194438,0.9993385,-0.00917709,0.5345973,0.0005838376,0.009162211,0.99995834,0.38970718
0.99930525,-0.03723957,0.0018509807,32.46161,0.037255473,0.9992611,-0.009470766,0.5642099,-0.0014969246,0.009533133,0.9999539,0.39960843
0.9992415,-0.038806926,0.00344209,33.20859,0.03883563,0.99920785,-0.008710141,0.59805477,-0.003101348,0.008837198,0.9999566,0.4091952
0.9991568,-0.040897444,0.0038044297,33.923664,0.04092591,0.9991324,-0.007735608,0.63329613,-0.0034847606,0.0078847725,0.9999633,0.4215336
0.9990919,-0.042509705,0.0031022201,34.643753,0.042526186,0.9990806,-0.0054597235,0.6697213,-0.0028672752,0.0055866796,0.9999808,0.42848372
0.99900526,-0.044556223,0.0021477016,35.347363,0.044563722,0.99900025,-0.0035852678,0.707623,-0.0019858074,0.0036773998,0.9999918,0.43530792
0.99893963,-0.045946226,0.0031404286,36.04884,0.045955658,0.99893916,-0.0030054478,0.743305,-0.0029990068,0.0031465704,0.99999106,0.4403597
0.9988855,-0.046967447,0.004801236,36.7435,0.04697744,0.99889416,-0.001992785,0.78166467,-0.0047023287,0.002216103,0.999987,0.44781858
0.99887395,-0.047153767,0.005352124,37.414562,0.047149993,0.9988877,0.0008262405,0.82223535,-0.0053851292,-0.0005729671,0.9999859,0.45352513
0.99893636,-0.045995805,0.0034407666,38.07388,0.04598177,0.9989343,0.0040496313,0.85848975,-0.0036233645,-0.0038871197,0.9999864,0.46592242
0.9990293,-0.044063877,0.00033214942,38.72766,0.044061113,0.9990114,0.005954382,0.8945025,-0.00059419405,-0.005933975,0.9999827,0.4707826
0.999107,-0.042237196,-0.0015460569,39.370613,0.042246304,0.9990868,0.006434411,0.92748004,0.0012728731,-0.0064939875,0.99997854,0.47807625
0.99923533,-0.03910456,-0.0009027728,40.008877,0.039110124,0.9992084,0.007322625,0.9557843,0.0006157101,-0.00735234,0.99997324,0.48494488
0.9993651,-0.035608195,0.0016542256,40.65176,0.03558584,0.99929494,0.011998314,0.989912,-0.0020802964,-0.011931834,0.9999271,0.49459058
0.9994719,-0.032120697,0.0050514024,41.269745,0.032032706,0.9993489,0.016628724,1.0203421,-0.0055822358,-0.016458135,0.9998495,0.49910668
0.9995948,-0.027819628,0.00614227,41.86918,0.027683591,0.9993919,0.021219978,1.0495558,-0.0067288624,-0.021041341,0.9997565,0.5087594
0.9997342,-0.02210972,0.006646262,42.45602,0.021935161,0.9994402,0.025279306,1.0669835,-0.007201455,-0.025126798,0.9996589,0.51404667
0.9998268,-0.016568368,0.008567137,43.022152,0.016315784,0.9994537,0.028756406,1.0895085,-0.009038898,-0.028611641,0.9995503,0.5157995
0.9998988,-0.010137647,0.010061472,43.572304,0.009793606,0.99938536,0.033673365,1.1042097,-0.01039665,-0.03357141,0.9993828,0.5186344
0.9999452,-0.0027085952,0.010186563,44.106586,0.002327199,0.99930304,0.03726851,1.1109564,-0.010280402,-0.037242748,0.999254,0.52547836
0.9999358,0.0043526767,0.01053173,44.612667,-0.0047728047,0.9991807,0.040201455,1.1173016,-0.01034811,-0.04024913,0.99913675,0.5311943
0.9998766,0.011812028,0.010431001,45.105614,-0.012265211,0.99893427,0.044507787,1.1217928,-0.00989415,-0.04463022,0.99895525,0.5342177
0.99976885,0.01980485,0.0084585445,45.576885,-0.020196848,0.99859065,0.049092058,1.1182674,-0.007474357,-0.04925153,0.99875915,0.5345937
0.9995983,0.027710725,0.0060748328,46.013,-0.02798387,0.998318,0.050786823,1.1131389,-0.0046572713,-0.050936397,0.9986918,0.54555726
0.99933946,0.035857312,0.0060448158,46.437965,-0.036121614,0.9980185,0.0515315,1.098364,-0.0041850535,-0.051715784,0.9986538,0.54166245
0.99902254,0.043545395,0.007701485,46.837646,-0.04387956,0.9977613,0.050479267,1.0809051,-0.0054860995,-0.050767835,0.9986962,0.5509085
0.9986302,0.051555306,0.009021691,47.208492,-0.051956076,0.99729586,0.051987056,1.0600362,-0.0063170814,-0.052384544,0.9986078,0.5536939
0.99811536,0.060562067,0.009980966,47.566765,-0.061019573,0.9966355,0.05473015,1.0433415,-0.006632809,-0.055236004,0.9984521,0.55798465
0.9975527,0.0691564,0.010379077,47.89094,-0.06965379,0.9957948,0.05951708,1.0256878,-0.0062194387,-0.060094327,0.99817413,0.56144184
0.9968803,0.07811786,0.011359484,48.19784,-0.07868412,0.99487823,0.06346047,1.0062768,-0.0063439035,-0.06415626,0.9979205,0.5630457
0.9960852,0.08753949,0.012362141,48.482914,-0.08814643,0.99412954,0.06275211,0.9748226,-0.0067962776,-0.06359608,0.9979535,0.5694267
0.9951195,0.09802528,0.011401973,48.744957,-0.0985446,0.99322337,0.0616246,0.9475542,-0.0052839327,-0.06244739,0.9980352,0.57496786
0.9938877,0.1101132,0.008006748,49.007767,-0.1103961,0.9920628,0.060211662,0.9138536,-0.0013130957,-0.060727492,0.9981544,0.5809529
0.99231786,0.12361869,0.0050441106,49.274925,-0.12369561,0.9904502,0.060902588,0.8749812,0.0025327576,-0.06105861,0.9981319,0.585542
0.99029416,0.13893916,0.0039101224,49.533325,-0.13891068,0.9883326,0.0624802,0.83557415,0.0048164427,-0.06241688,0.9980394,0.584679
0.98786193,0.15529215,0.0038934844,49.79637,-0.15522149,0.9858093,0.0639354,0.7921314,0.006090429,-0.06376364,0.99794734,0.58911836
0.98506266,0.17215556,0.0040012747,50.038445,-0.17205371,0.9829842,0.06435164,0.7449072,0.0071452977,-0.06407877,0.99792016,0.593471
0.9817499,0.19013846,0.004075569,50.28492,-0.19000992,0.97972393,0.063550964,0.68652177,0.008090544,-0.063165486,0.9979712,0.5985812
0.9778133,0.20943093,0.0046873656,50.537983,-0.20931196,0.97586375,0.062289752,0.6220061,0.008471163,-0.061888807,0.998048,0.60475194
0.97328734,0.22954118,0.004971808,50.77165,-0.22940004,0.9713408,0.06224402,0.5554611,0.009458237,-0.061721794,0.9980495,0.6089558
0.9680455,0.25073206,0.0048496937,51.012295,-0.2505215,0.96599495,0.06398679,0.48879617,0.011358752,-0.063157015,0.99793994,0.6114225
0.96186405,0.27348906,0.004826097,51.262386,-0.2732149,0.959752,0.065047435,0.40762484,0.013157895,-0.06388529,0.99787146,0.6166919
0.95462507,0.29775497,0.0059012966,51.497425,-0.2974831,0.9524461,0.06596723,0.32520837,0.014021393,-0.064729445,0.9978053,0.62513894
0.94620514,0.3234736,0.007911868,51.74046,-0.32323745,0.9438403,0.06844277,0.23277219,0.014671874,-0.06731824,0.9976247,0.631255
0.93642235,0.3507401,0.00983049,51.99392,-0.3505348,0.933901,0.070396036,0.126621,0.015509993,-0.06936627,0.9974717,0.6407259
0.925287,0.37910888,0.011067043,52.22426,-0.37890482,0.92272055,0.07084577,0.023755595,0.016646454,-0.069745935,0.99742687,0.6469985
0.9124311,0.40908495,0.01100299,52.455177,-0.40883136,0.91001534,0.068776764,-0.10311087,0.018122628,-0.06725234,0.99757236,0.65921026
0.89718497,0.4415531,0.009599527,52.697098,-0.44118467,0.89500713,0.0657239,-0.2463916,0.020428924,-0.06320158,0.99779266,0.6695231
0.87981254,0.47526547,0.0074000424,52.916725,-0.47471026,0.8777811,0.0644347,-0.3880721,0.024127942,-0.060203247,0.9978954,0.67941546
0.86019653,0.50993395,0.005608963,53.159286,-0.5091536,0.8581559,0.06582019,-0.5512522,0.02875055,-0.059474036,0.9978167,0.6871738
0.83835626,0.5451038,0.004780573,53.381573,-0.54413724,0.8362775,0.06749655,-0.713631,0.032794703,-0.059187364,0.997709,0.69525063
0.8138704,0.58102113,0.005617441,53.61105,-0.5799311,0.8116682,0.06982736,-0.90190053,0.036011633,-0.060088076,0.99754417,0.7061934
0.7867289,0.61724144,0.008529816,53.865887,-0.61609894,0.7842609,0.07319922,-1.1162537,0.038491942,-0.06284308,0.99728173,0.72095174
0.7571625,0.65311414,0.012205049,54.094955,-0.65193653,0.754359,0.076956935,-1.3288243,0.041054625,-0.06622575,0.9969606,0.7288528
0.72423214,0.68940467,0.014526907,54.330418,-0.68820864,0.7213376,0.077730455,-1.5747862,0.043108884,-0.06629237,0.99686944,0.74547935
0.68773884,0.7257872,0.015815867,54.57598,-0.7246569,0.68503726,0.07481554,-1.8639356,0.04346566,-0.062914565,0.9970728,0.7667668
0.6484969,0.7610245,0.017185826,54.793575,-0.7599284,0.64591885,0.07279136,-2.15127,0.044295315,-0.06026491,0.99719995,0.7877003
0.6062601,0.79504925,0.018634316,55.02483,-0.79394513,0.60373497,0.071806505,-2.4899414,0.045839466,-0.058327984,0.9972454,0.80132824
0.5603418,0.8280487,0.01882671,55.224636,-0.8268636,0.55793005,0.07079301,-2.8215854,0.048116013,-0.05523535,0.9973143,0.8255676
0.512265,0.8586063,0.019536158,55.42609,-0.8574144,0.5099843,0.0689745,-3.2000093,0.049258754,-0.05208376,0.99742806,0.8480084
0.46357122,0.88578457,0.022120534,55.62167,-0.8847267,0.46135947,0.06638643,-3.610757,0.0485985,-0.050345417,0.9975497,0.87258977
0.41387472,0.90994847,0.02652017,55.78783,-0.9091358,0.41165933,0.06332212,-4.0142517,0.046702534,-0.050317813,0.9976417,0.89850223
0.36410144,0.9307899,0.0325913,55.951168,-0.9302115,0.36169204,0.06234178,-4.452398,0.046239022,-0.053015478,0.9975236,0.9114871
0.31453374,0.9486355,0.034073338,56.094887,-0.9480045,0.31208324,0.062390674,-4.918934,0.048552226,-0.0519256,0.99747103,0.9229441
0.2668176,0.9633596,0.027359242,56.197803,-0.9625056,0.26492506,0.05829975,-5.3890896,0.048915405,-0.041888773,0.99792516,0.9643637
0.22195461,0.9748992,0.017594097,56.278133,-0.9739185,0.22078687,0.052316844,-5.881071,0.047119033,-0.028747141,0.9984765,0.98786694
0.17916533,0.983762,0.010667393,56.347668,-0.98269254,0.17843035,0.049789947,-6.40701,0.047078,-0.019403365,0.9987037,1.0276877
0.14056814,0.99003273,0.008806308,56.403603,-0.9888096,0.13993412,0.05172065,-6.9172287,0.049972754,-0.015978005,0.99862367,1.0311719
0.10701631,0.99425375,0.002935099,56.44631,-0.9929482,0.106723085,0.05162432,-7.4489512,0.051014353,-0.008439017,0.9986632,1.0710862
0.077460214,0.99699014,-0.0034993673,56.471844,-0.9957368,0.077537924,0.049970318,-8.003845,0.05009117,-0.00038623903,0.9987455,1.1041504
0.05204235,0.99861294,-0.008089465,56.489464,-0.9974755,0.052371323,0.04796518,-8.559717,0.048322227,0.0055728434,0.9988172,1.128556
0.031633917,0.9994189,-0.012756315,56.498158,-0.9983836,0.032198742,0.04684342,-9.132539,0.047226857,0.011253872,0.9988218,1.1560413
0.015243348,0.9997877,-0.013915713,56.502388,-0.99872756,0.015893158,0.04786953,-9.71592,0.048080456,0.01316833,0.99875766,1.185907
0.0020700572,0.9998958,-0.014335613,56.497856,-0.9988415,0.0027564699,0.04805033,-10.303053,0.048084762,0.014219553,0.9987431,1.2123688
-0.00992672,0.9998509,-0.014177756,56.4938,-0.9987607,-0.009222582,0.04891593,-10.916413,0.048777804,0.014645774,0.99870336,1.2340264
-0.019226417,0.99965274,-0.018059772,56.473045,-0.99849707,-0.018270906,0.051676724,-11.534079,0.051328734,0.019026201,0.9985016,1.2738509
-0.02635206,0.9994158,-0.021795167,56.453487,-0.99826586,-0.025161318,0.053225156,-12.161502,0.052645594,0.023159977,0.9983457,1.3138864
-0.030868737,0.9992828,-0.021964723,56.43424,-0.99815816,-0.0296711,0.052920055,-12.796629,0.052230306,0.023557859,0.9983582,1.3423755
-0.034678936,0.9992053,-0.019685335,56.420517,-0.99816906,-0.033653017,0.050265037,-13.454551,0.049562544,0.021392446,0.9985429,1.3773063
-0.03685477,0.9991588,-0.01801834,56.400486,-0.99839646,-0.03603964,0.043659206,-14.122823,0.042973034,0.019598512,0.9988849,1.4039097
-0.037972223,0.9991031,-0.01877068,56.37199,-0.9985937,-0.03724425,0.03773421,-14.795897,0.037001193,0.02017715,0.9991125,1.4373494
-0.038400345,0.99902636,-0.021748861,56.343132,-0.9986647,-0.03761575,0.035416126,-15.487241,0.034563467,0.023079827,0.999137,1.4655015
-0.038796224,0.9989186,-0.025647327,56.313713,-0.99858826,-0.037826087,0.037297852,-16.178997,0.036287304,0.027058154,0.99897605,1.5034524
-0.037977237,0.9989362,-0.026185824,56.288795,-0.99833024,-0.036786936,0.044541135,-16.877596,0.04353038,0.027833669,0.9986654,1.5310522
-0.03617395,0.9990177,-0.025620004,56.265816,-0.9980206,-0.034794606,0.052390434,-17.581293,0.05144746,0.02746448,0.998299,1.5689715
-0.03425836,0.9990647,-0.02640941,56.245758,-0.9980031,-0.03279513,0.05398889,-18.301956,0.053072218,0.028206265,0.99819326,1.5964252
-0.03182724,0.9991364,-0.026736319,56.227497,-0.99830425,-0.03047366,0.04960467,-19.03903,0.048747,0.028269779,0.9984121,1.6356695
-0.028967587,0.9992153,-0.02703591,56.20966,-0.99867475,-0.027779784,0.043332487,-19.781958,0.04254736,0.028255336,0.9986959,1.6734269
-0.026231471,0.99934345,-0.025015231,56.19735,-0.9988209,-0.025178876,0.04151534,-20.526188,0.040858153,0.026074758,0.9988258,1.7094697
-0.023262475,0.999212,-0.032177463,56.1746,-0.9986747,-0.021747857,0.04665504,-21.253681,0.045918416,0.033220142,0.9983938,1.7560767
-0.020225063,0.9991935,-0.0347078,56.15497,-0.99847615,-0.018403416,0.052034017,-21.975128,0.051353235,0.035707314,0.9980431,1.7993517
-0.017811712,0.99942565,-0.028850064,56.150764,-0.998457,-0.016261857,0.05310318,-22.717838,0.05260345,0.029751416,0.99817336,1.8327327
-0.013892673,0.9996216,-0.023762504,56.155937,-0.99866015,-0.012686858,0.05017647,-23.46331,0.049855944,0.02442776,0.9984588,1.8673221
-0.009398527,0.99955726,-0.028247626,56.146816,-0.9989078,-0.008091996,0.04602739,-24.204054,0.045778364,0.028649375,0.9985419,1.9141049
-0.0063308943,0.9994088,-0.03380869,56.139027,-0.9988837,-0.004737693,0.04700717,-24.942558,0.046819136,0.034068562,0.9983234,1.9599907
-0.0033290796,0.99942005,-0.033905912,56.140232,-0.99867725,-0.0015830644,0.051402394,-25.677942,0.05131884,0.0340322,0.99810344,2.0081394
0.00030752714,0.9995528,-0.029920489,56.14775,-0.99860024,0.0018894523,0.052867655,-26.414469,0.052900475,0.029862363,0.99815434,2.0393884
0.0035859682,0.9995847,-0.028612802,56.156853,-0.99863875,0.005068508,0.051921915,-27.159374,0.052045304,0.028387677,0.9982423,2.0877144
0.007585571,0.9994258,-0.033039477,56.16194,-0.9987188,0.009225034,0.049764704,-27.910023,0.05004085,0.03261967,0.99821544,2.1292145
0.01094863,0.9992191,-0.037978366,56.165054,-0.9986912,0.012824714,0.049520675,-28.647875,0.049968995,0.037386496,0.99805194,2.1773152
0.013944276,0.99905246,-0.041241467,56.173756,-0.9985868,0.016029533,0.050679345,-29.388056,0.05129233,0.040476516,0.9978643,2.2228475
0.017066324,0.99897766,-0.04187504,56.188942,-0.9985378,0.01917746,0.050550357,-30.132587,0.05130166,0.040951118,0.99784446,2.264846
0.020406568,0.9988714,-0.042902414,56.204987,-0.9985125,0.022531753,0.049657468,-30.878717,0.050568014,0.04182528,0.99784565,2.304163
0.023845345,0.9986521,-0.04611378,56.222275,-0.9984929,0.026071569,0.048300836,-31.621923,0.049437914,0.044892557,0.997769,2.3530483
0.027103266,0.9986383,-0.044587642,56.24263,-0.9983761,0.029278018,0.04887484,-32.36858,0.05011365,0.04319059,0.9978105,2.3914452
0.030021185,0.998694,-0.041353073,56.27715,-0.9982219,0.032087084,0.050242845,-33.117195,0.05150405,0.039771214,0.9978819,2.4331288
0.03239453,0.99854136,-0.04320807,56.301537,-0.99812126,0.034569845,0.050594047,-33.862373,0.052013867,0.041487943,0.9977856,2.4805439
0.03546723,0.99851316,-0.04140994,56.334343,-0.998032,0.03753352,0.050244182,-34.61605,0.05172366,0.039546438,0.99787956,2.5219777
0.037085477,0.99851686,-0.039875638,56.369396,-0.99795043,0.03908794,0.05067803,-35.376476,0.052161444,0.037914503,0.9979201,2.5648582
0.041114636,0.9984374,-0.03786299,56.408886,-0.9977768,0.043017834,0.050912783,-36.129345,0.052461933,0.035685565,0.99798656,2.6112604
0.044202685,0.998391,-0.03553589,56.44555,-0.9975479,0.04604152,0.052720346,-36.88673,0.054271564,0.033118386,0.9979783,2.655105
0.04698947,0.99826306,-0.035554208,56.48829,-0.9972167,0.04894343,0.056253675,-37.650517,0.057896033,0.032811932,0.9977848,2.705537
0.05042867,0.99809915,-0.035444878,56.532955,-0.9969162,0.05244203,0.058386456,-38.416264,0.06013419,0.032391235,0.9976662,2.7536013
0.053754862,0.9980971,-0.030233772,56.58252,-0.99661076,0.055513628,0.060714062,-39.18665,0.062276825,0.026867641,0.9976988,2.8035645
0.056449935,0.998078,-0.025597332,56.638645,-0.9964913,0.05790986,0.060435586,-39.96274,0.06180168,0.022095948,0.9978454,2.8436363
0.059878815,0.99780697,-0.028235348,56.69071,-0.9962717,0.061498675,0.060510695,-40.7367,0.062114343,0.024506785,0.9977697,2.905491
0.06361698,0.9975602,-0.028772771,56.743313,-0.9959596,0.065293126,0.061661884,-41.514477,0.06339003,0.02473379,0.9976839,2.9641843
0.06737823,0.9974243,-0.024624059,56.806606,-0.9956488,0.06880951,0.06284602,-42.301308,0.06437843,0.020282473,0.997721,3.013968
0.07193405,0.9971345,-0.023444133,56.870064,-0.9954038,0.07325924,0.06168688,-43.093693,0.063227534,0.018899003,0.99782175,3.0581017
0.076365285,0.9967589,-0.025326967,56.933784,-0.9951415,0.07777522,0.060377683,-43.890057,0.06215171,0.020593168,0.99785584,3.1292396
0.08134358,0.9964527,-0.021600038,57.008083,-0.99447936,0.08258558,0.06474247,-44.69189,0.06629657,0.016214417,0.99766976,3.173279
0.087378375,0.99596447,-0.020522883,57.087784,-0.9933819,0.08865637,0.07303194,-45.484623,0.07455661,0.01400566,0.99712,3.2398865
0.09472856,0.9952969,-0.020296158,57.173683,-0.99229676,0.096038625,0.078262396,-46.283443,0.07984345,0.012726138,0.9967278,3.2996128
0.101887785,0.9946606,-0.01644567,57.266163,-0.99136287,0.10289427,0.08132499,-47.0874,0.082582854,0.008017613,0.99655366,3.3642893
0.109853,0.99385387,-0.013712343,57.366657,-0.9906455,0.11060096,0.07993827,-47.90425,0.080963485,0.00480262,0.9967072,3.43382
0.11734283,0.9929972,-0.013725086,57.463757,-0.9899357,0.11805941,0.07804182,-48.714252,0.079115614,0.0044293134,0.99685735,3.5076962
0.12441139,0.9921344,-0.013873497,57.567802,-0.98930615,0.12510502,0.07498959,-49.527615,0.076135315,0.0043955864,0.99708956,3.5765421
0.13253024,0.9911054,-0.012128228,57.685658,-0.988692,0.13305378,0.06918319,-50.34929,0.07018147,0.0028222254,0.997532,3.6470435
0.14016914,0.99008334,-0.00942722,57.80802,-0.9881031,0.14048442,0.0625931,-51.16613,0.06329668,0.00054145255,0.99799633,3.702655
0.1471382,0.98907363,-0.009215606,57.9305,-0.98732173,0.14742552,0.058846015,-51.97303,0.05956158,0.00044028208,0.9982262,3.769945
0.1545122,0.98794377,-0.009713122,58.064526,-0.98605496,0.15481679,0.06106374,-52.765617,0.061831217,0.00014258991,0.99808836,3.8282907
0.16018291,0.98702747,-0.0109322285,58.196796,-0.98472303,0.1605552,0.06740998,-53.552372,0.06829064,-3.2697804e-05,0.99766725,3.8890765
0.16465296,0.98628956,-0.011113819,58.330738,-0.9836676,0.16502482,0.071876645,-54.324154,0.07272516,-0.0009023877,0.9973534,3.9459484
0.17006469,0.9853772,-0.010537424,58.473328,-0.98258746,0.1703756,0.07413128,-55.104153,0.07484252,-0.0022531608,0.9971946,4.0143623
0.1753241,0.98447454,-0.008520238,58.617355,-0.98165846,0.17546752,0.07456031,-55.871788,0.074897684,-0.0047082435,0.99718183,4.0730705
0.18022436,0.9835597,-0.011435469,58.754715,-0.98095816,0.18057874,0.071512334,-56.621777,0.07240158,-0.0016705359,0.9973759,4.143946
0.18500786,0.98266894,-0.011629768,58.903164,-0.9804758,0.18537122,0.065623276,-57.391224,0.06664171,-0.0007381025,0.9977784,4.198788
0.18887924,0.98195356,-0.00965629,59.05114,-0.9802153,0.18911906,0.058425713,-58.145397,0.05919746,-0.0015701472,0.9982468,4.263898
0.19208656,0.9813648,-0.0052196747,59.20464,-0.979814,0.19207747,0.055428848,-58.87442,0.055398434,-0.0055328133,0.9984507,4.311801
0.19543473,0.9807092,-0.004010258,59.35566,-0.9791717,0.19535422,0.055327117,-59.60962,0.055043165,-0.0068860967,0.99846196,4.3723435
0.19737291,0.98032653,-0.0022582242,59.504204,-0.9786972,0.19717632,0.05722682,-60.321747,0.056546174,-0.009084894,0.9983604,4.4201546
0.19937441,0.97992396,0.0005155832,59.661396,-0.97808814,0.19896826,0.061294287,-61.02226,0.05996109,-0.012724786,0.9981214,4.472207
0.20131913,0.979526,0.00091711915,59.809723,-0.97739404,0.20081861,0.06614102,-61.716736,0.064602606,-0.014211824,0.9978116,4.5214596
0.20293103,0.97919273,0.001391688,59.956635,-0.97669494,0.20231108,0.071687154,-62.39459,0.06991392,-0.015906788,0.99742794,4.5740895
0.20473029,0.9788191,-0.0003483318,60.107376,-0.9761677,0.20420146,0.07348712,-63.077568,0.07200165,-0.014704995,0.9972978,4.632399
0.20626669,0.9784946,0.0019315854,60.252586,-0.9758716,0.20556805,0.07360879,-63.744427,0.07162867,-0.01706801,0.99728703,4.6795473
0.20652957,0.9784394,0.0017634908,60.39615,-0.97601926,0.20589091,0.0706907,-64.407166,0.06880342,-0.01632091,0.99749845,4.7403407
0.20737858,0.9782582,0.0025131034,60.538418,-0.9760199,0.2067285,0.068193875,-65.056175,0.06619162,-0.016594777,0.9976707,4.788665
0.20704378,0.9783292,0.0024993096,60.678078,-0.9761504,0.20641042,0.067283735,-65.70111,0.06530969,-0.01637037,0.9977325,4.842176
0.2057084,0.97861093,0.002480881,60.812656,-0.9764913,0.20509423,0.066357076,-66.33864,0.06442887,-0.016072754,0.9977946,4.8943787
0.20440526,0.97888047,0.0036114487,60.947655,-0.97675055,0.2037137,0.06679203,-66.960846,0.06464563,-0.017180111,0.99776214,4.9432263
0.20170578,0.9794377,0.00425101,61.07636,-0.9771207,0.20092544,0.06975867,-67.56941,0.06747005,-0.01822446,0.99755657,4.9886475
0.19976163,0.9798418,0.002615903,61.203785,-0.9772255,0.19903128,0.07361497,-68.1737,0.07161031,-0.017261757,0.997285,5.0430427
0.1977767,0.9802478,0.00044731365,61.326565,-0.97754025,0.19719605,0.07437142,-68.76943,0.072814144,-0.015146185,0.99723226,5.0919185
0.19548528,0.9807069,0.0010629315,61.450542,-0.9780891,0.1948837,0.073240854,-69.36359,0.07162059,-0.015357135,0.99731547,5.138365
0.19310538,0.98117596,0.0023933507,61.571327,-0.97876346,0.19245796,0.07059994,-69.947945,0.06881028,-0.015975736,0.99750364,5.183482
0.19124226,0.9815406,0.0024741935,61.684025,-0.9793978,0.19065653,0.06657652,-70.52163,0.06487577,-0.015155446,0.99778,5.2310605
0.18896355,0.98198485,-0.00051665236,61.792168,-0.9798926,0.18859482,0.06515194,-71.089165,0.06407559,-0.01180506,0.997877,5.2832694
0.18701312,0.9823492,-0.004210677,61.893772,-0.9801128,0.1868732,0.06678105,-71.638855,0.06638912,-0.008361978,0.99776053,5.324142
0.18444008,0.9828057,-0.008735022,61.995342,-0.98041457,0.18460101,0.06864498,-72.19242,0.06907712,-0.0040969276,0.99760467,5.3709207
0.1824684,0.98317516,-0.008579094,62.10061,-0.98063725,0.1826143,0.07074567,-72.73877,0.07112199,-0.004495854,0.9974593,5.4069614
0.181117,0.98342896,-0.008116083,62.206097,-0.9807337,0.1812223,0.07295339,-73.27943,0.073215224,-0.005253366,0.9973041,5.453315
0.18004386,0.9836153,-0.009323123,62.303753,-0.98098874,0.18024458,0.07193936,-73.82709,0.07244103,-0.0038063445,0.9973672,5.4942293
0.18005757,0.9835457,-0.014797129,62.398087,-0.98105544,0.18065406,0.069976166,-74.373566,0.07149784,0.0019170824,0.9974407,5.541058
0.18194121,0.9831069,-0.020002466,62.49668,-0.98074937,0.18289669,0.06842461,-74.92375,0.070927024,0.0071681626,0.9974575,5.581615
0.18378028,0.9827019,-0.022885833,62.59386,-0.9804268,0.18492831,0.06758179,-75.481415,0.070644915,0.010017695,0.997453,5.6253724
0.18693718,0.9821438,-0.02121453,62.702717,-0.9798504,0.18795998,0.067577556,-76.02765,0.07035829,0.008154319,0.9974902,5.6697316
0.1926468,0.98106277,-0.020125844,62.826332,-0.97872686,0.19358242,0.06798662,-76.584335,0.070595086,0.00660031,0.99748504,5.7128177
0.19900572,0.97975403,-0.021925991,62.93841,-0.97748345,0.20004703,0.06715622,-77.1463,0.070182726,0.0080678305,0.99750334,5.7564983
0.20634598,0.9782585,-0.020824203,63.06316,-0.97597986,0.20729229,0.067051,-77.71024,0.069909826,0.0064883064,0.99753404,5.8006263
0.21484302,0.9764223,-0.021069277,63.196667,-0.9742127,0.21577983,0.06596381,-78.28458,0.06895478,0.0063541033,0.9976014,5.8364234
0.22431579,0.97433215,-0.019006627,63.341793,-0.97216046,0.22508608,0.06513798,-78.86848,0.067744076,0.0038660257,0.9976971,5.8860936
0.23360051,0.9721714,-0.017761882,63.487095,-0.96997744,0.2342662,0.0653132,-79.44574,0.067656554,0.001971441,0.9977086,5.929305
0.2437532,0.96972686,-0.0147037245,63.652615,-0.9673078,0.24418344,0.068504125,-80.034164,0.0700206,-0.0024750545,0.99754435,5.974034
0.2529422,0.9674043,-0.012293784,63.819576,-0.9647779,0.25316393,0.07151401,-80.63053,0.07229521,-0.006228121,0.99736565,6.015072
0.26418883,0.96441823,-0.010178272,63.998634,-0.96163386,0.26420546,0.07388024,-81.236015,0.073940516,-0.009730542,0.99721694,6.058999
0.27465656,0.961496,-0.009544916,64.18313,-0.9585765,0.2745745,0.07577927,-81.85148,0.07548216,-0.011663717,0.9970807,6.11322
0.2847466,0.9585744,-0.0075088437,64.37856,-0.95557994,0.284461,0.07714587,-82.47279,0.07608593,-0.014791694,0.9969933,6.1625443
0.29469573,0.9555623,-0.0075607086,64.58054,-0.95253164,0.2943751,0.077649176,-83.09671,0.07642422,-0.01568104,0.99695385,6.2122736
0.3047799,0.95240897,-0.0053422265,64.79068,-0.94935846,0.30424348,0.078466244,-83.72726,0.07635719,-0.018843211,0.99690425,6.261713
0.31700438,0.9484129,-0.00484032,65.0214,-0.94568443,0.31647155,0.07435855,-84.40643,0.072054334,-0.018994536,0.9972216,6.310349
0.32643396,0.9451972,-0.0067268466,65.24193,-0.9429314,0.32612967,0.06724778,-85.056435,0.06575614,-0.015608968,0.99771535,6.3647346
0.3378059,0.941185,-0.0077533554,65.48848,-0.93919885,0.337609,0.06267494,-85.73581,0.061606225,-0.013889987,0.9980056,6.418553
0.34794822,0.93747747,-0.008375285,65.74724,-0.9356741,0.34781045,0.0595338,-86.41368,0.058724523,-0.01287811,0.99819285,6.4580116
0.3567621,0.93411374,-0.012432959,66.00617,-0.9324025,0.3568696,0.057201978,-87.09973,0.057870004,-0.008814944,0.9982869,6.5120125
0.36515996,0.93076605,-0.018302197,66.281105,-0.9292551,0.36561042,0.053069726,-87.80072,0.056086883,-0.0023715002,0.99842477,6.548305
0.37271354,0.92761296,-0.024921034,66.55551,-0.9266195,0.37348202,0.04347379,-88.533005,0.049634326,0.0068890695,0.9987454,6.5924196
0.37929934,0.92480206,-0.029588304,66.84088,-0.9240934,0.38023672,0.038391057,-89.24113,0.046754602,0.012780674,0.9988263,6.6429763
0.38654462,0.92165464,-0.033738997,67.14141,-0.9210069,0.3876713,0.0382065,-89.96126,0.04829275,0.016305348,0.9987019,6.67662
0.3933997,0.91855806,-0.03860158,67.447365,-0.91768104,0.39487407,0.044029005,-90.67878,0.05568587,0.018102953,0.998286,6.727546
0.40029633,0.9153059,-0.044500764,67.761055,-0.9142134,0.4022183,0.049364768,-91.38683,0.06308279,0.020922668,0.99779075,6.7737274
0.40562508,0.9129682,-0.044268914,68.077194,-0.9117329,0.40756553,0.051342495,-92.10034,0.064916454,0.019535631,0.9977012,6.8278837
0.41020867,0.91120815,-0.037829857,68.40651,-0.90973574,0.41175774,0.05328434,-92.80245,0.06412976,0.012557486,0.99786437,6.877178
0.41464034,0.9093746,-0.033373818,68.74419,-0.90763503,0.41592538,0.05663428,-93.496735,0.06538269,0.006808409,0.99783885,6.927837
0.41901323,0.90737087,-0.033294853,69.06884,-0.90541536,0.42030278,0.05976068,-94.184845,0.06821891,0.0051051746,0.9976592,6.997509
0.42274237,0.90566355,-0.032633957,69.39057,-0.9034004,0.42399308,0.0640344,-94.85451,0.07183009,0.0024114933,0.99741584,7.0520406
0.42652947,0.9039552,-0.030661812,69.71996,-0.9014627,0.42762884,0.067093134,-95.52739,0.07376096,-0.0009766957,0.9972774,7.1155705
0.4304076,0.902155,-0.029467149,70.04381,-0.899733,0.43141064,0.0660933,-96.18554,0.07233873,-0.0019344704,0.99738014,7.1708775
0.43435523,0.90026635,-0.029305568,70.35796,-0.8980921,0.4353417,0.06253895,-96.835236,0.06905953,-0.0008449935,0.9976141,7.2360287
0.43819147,0.89843756,-0.028302545,70.67658,-0.89642763,0.4391033,0.06007245,-97.47625,0.06639896,-0.0009520255,0.9977946,7.2900934
0.4414335,0.8968877,-0.027051087,70.99282,-0.89494675,0.44225752,0.05900397,-98.10441,0.06488336,-0.001837015,0.99789315,7.3506064
0.44515225,0.89509356,-0.025494484,71.30816,-0.893036,0.4458607,0.060810182,-98.723595,0.065797664,-0.004302265,0.99782574,7.401706
0.44796762,0.8936554,-0.02660785,71.619705,-0.89154506,0.44874057,0.061500043,-99.33545,0.06689975,-0.0038278992,0.99775445,7.458503
0.44997644,0.892589,-0.028445154,71.92209,-0.8905838,0.45087162,0.059817992,-99.93767,0.06621787,-0.0015838663,0.997806,7.5073385
0.4513985,0.89181095,-0.030258706,72.22376,-0.88988245,0.4524111,0.05862094,-100.5254,0.06596805,0.000465311,0.9978237,7.561507
0.45346415,0.89080703,-0.028916074,72.52783,-0.8888621,0.45438394,0.058843143,-101.11039,0.065556765,-0.0009808287,0.9978505,7.609762
0.45516315,0.889891,-0.030389681,72.823555,-0.8879974,0.456176,0.058027446,-101.680244,0.06550103,0.0005740258,0.9978545,7.660308
0.4576198,0.8886078,-0.031037994,73.12057,-0.88659036,0.458671,0.059846487,-102.243904,0.06741616,0.00013107187,0.9977271,7.708111
0.46046516,0.88704103,-0.033661243,73.40953,-0.885012,0.4616887,0.06000432,-102.7997,0.06876718,0.002160724,0.99763256,7.759487
0.4632899,0.8854643,-0.036310412,73.69543,-0.8835015,0.46468678,0.0591132,-103.345566,0.06921548,0.004693777,0.99759287,7.8114686
0.46607915,0.88389933,-0.03866876,73.97537,-0.88203883,0.46762517,0.057769727,-103.884705,0.06914499,0.0071821036,0.9975829,7.8583817
0.46963507,0.8819415,-0.040313568,74.26295,-0.8801544,0.4712798,0.05680426,-104.41515,0.06909688,0.008804913,0.99757326,7.905914
0.4726902,0.8802716,-0.041097093,74.54256,-0.8785079,0.47438005,0.056484513,-104.937355,0.06921723,0.009404468,0.9975595,7.9548726
0.47580284,0.8785561,-0.041881677,74.825226,-0.87684226,0.4775339,0.055787534,-105.451256,0.06901226,0.010179779,0.9975661,8.002167
0.47930533,0.87655264,-0.043875508,75.10253,-0.8748893,0.4811622,0.0552717,-105.95385,0.06955965,0.011894215,0.9975092,8.047313
0.48307657,0.8744675,-0.044123452,75.38657,-0.87270385,0.4849591,0.05662272,-106.46206,0.07091266,0.011153617,0.99742246,8.091525
0.48743466,0.87187564,-0.047366235,75.66757,-0.87013906,0.4895417,0.05665996,-106.96327,0.07258804,0.013597203,0.9972716,8.142374
0.49212486,0.86923844,-0.047338165,75.95244,-0.86724365,0.4942616,0.059978146,-107.45698,0.0755326,0.011537007,0.99707896,8.1875105
0.49740973,0.8662177,-0.047473244,76.24126,-0.8637599,0.49960083,0.06573681,-107.942535,0.0806599,0.008307378,0.99670935,8.236954
0.5029612,0.86307466,-0.04621015,76.53954,-0.8599863,0.50507045,0.07301325,-108.4259,0.08635511,0.0030172868,0.9962622,8.284188
0.5094507,0.8593453,-0.044597134,76.84051,-0.85565126,0.5113932,0.07963376,-108.906296,0.09123941,-0.002409846,0.99582845,8.332018
0.51579654,0.8555864,-0.043921918,77.14365,-0.85145587,0.5176281,0.08418892,-109.39379,0.094765946,-0.0060267476,0.99548376,8.385836
0.5218355,0.85208535,-0.040516477,77.45779,-0.8479111,0.52331215,0.084821954,-109.88517,0.09347814,-0.009908698,0.9955744,8.438787
0.52803034,0.8485776,-0.033217013,77.78511,-0.8445613,0.5288217,0.08406885,-110.38014,0.08890466,-0.016337054,0.99590856,8.492582
0.5341604,0.8450067,-0.025293283,78.11508,-0.84133816,0.5342891,0.08178626,-110.87068,0.082623705,-0.02240672,0.9963313,8.547525
0.540996,0.8408491,-0.017305398,78.46668,-0.8375252,0.5405048,0.0800622,-111.382385,0.07667373,-0.028819561,0.996642,8.604877
0.5470745,0.8369806,-0.0132767465,78.81082,-0.83391994,0.5463147,0.078240715,-111.88595,0.072739094,-0.031731687,0.99684846,8.656364
0.553564,0.8327435,-0.01041385,79.16498,-0.8295445,0.5524569,0.08155529,-112.400566,0.073667705,-0.03650725,0.9966167,8.706009
0.5601606,0.82833874,-0.008849866,79.53427,-0.8248912,0.55874544,0.08580206,-112.92523,0.07601787,-0.040762678,0.9962752,8.751918
0.56641513,0.8240756,-0.008746051,79.91246,-0.82037395,0.56481797,0.08928186,-113.45198,0.07851481,-0.043395486,0.99597025,8.803803
0.5727076,0.8197204,-0.008224858,80.29341,-0.8158648,0.57093316,0.09167338,-113.9798,0.07984227,-0.045791592,0.99575746,8.849422
0.5794884,0.8149588,-0.006218123,80.69931,-0.8111257,0.5774701,0.09277649,-114.52432,0.07919967,-0.048719134,0.9956699,8.904084
0.58634114,0.81006455,-0.0016560713,81.11985,-0.80632454,0.5838274,0.09481726,-115.078,0.07777484,-0.054259833,0.9954957,8.955046
0.593089,0.8051389,-0.00018529966,81.5409,-0.80161345,0.59051305,0.09335,-115.63277,0.07526902,-0.055216223,0.9956357,9.009855
0.60080785,0.79939526,0.0005331309,81.98437,-0.7960782,0.5982533,0.09141347,-116.21223,0.07275643,-0.055346247,0.9958153,9.065647
0.6083172,0.79369557,0.0008603955,82.43404,-0.7904104,0.6056996,0.091561064,-116.785706,0.07215035,-0.056378137,0.99580145,9.125353
0.6159009,0.78782034,0.002920113,82.89767,-0.78453404,0.61298436,0.093598306,-117.355835,0.07194854,-0.0599381,0.9956081,9.174943
0.6239607,0.7814506,0.0033451451,83.38258,-0.7781275,0.6209006,0.0948903,-117.94126,0.072074965,-0.061810654,0.9954844,9.228873
0.630906,0.77585286,0.0036352398,83.87642,-0.77253276,0.6277583,0.095481284,-118.52818,0.07179726,-0.063047945,0.9954269,9.279733
0.6359175,0.7717494,0.0038789534,84.37165,-0.7685264,0.63278574,0.09462226,-119.11532,0.07057001,-0.063152924,0.995508,9.335887
0.63992274,0.7684355,0.0029951744,84.88823,-0.7652519,0.6369066,0.09350631,-119.729355,0.0699458,-0.06212877,0.9956165,9.392254
0.6428595,0.76598585,0.00065102195,85.40611,-0.76282,0.6401245,0.0913793,-120.338486,0.06957839,-0.05924057,0.9958183,9.447293
0.64642876,0.7629673,-0.0037138471,85.93667,-0.75983393,0.6441997,0.087538354,-120.964676,0.069181226,-0.05376531,0.99615663,9.506139
0.6497133,0.7601286,-0.0089557655,86.46961,-0.7571647,0.6481382,0.08137715,-121.597336,0.06766154,-0.04609074,0.9966455,9.565088
0.6529517,0.75730044,-0.012375139,87.01075,-0.7545866,0.65184516,0.075503446,-122.23117,0.06524534,-0.03996191,0.99707115,9.62291
0.65597117,0.75464886,-0.014492645,87.55782,-0.75218344,0.65518063,0.07044369,-122.87083,0.06265542,-0.035307825,0.9974129,9.685706
0.65948707,0.7515618,-0.0153218955,88.12926,-0.7492011,0.6588088,0.06835587,-123.51122,0.061467737,-0.033600558,0.9975458,9.73612
0.6621397,0.7492313,-0.015053742,88.69194,-0.7467769,0.6613778,0.07005447,-124.14284,0.06244309,-0.035143986,0.997432,9.80128
0.66629934,0.7455755,-0.012868248,89.301865,-0.74293107,0.66522026,0.07442719,-124.79813,0.06405119,-0.04003048,0.99714583,9.855281
0.66919684,0.74303824,-0.008543469,89.89927,-0.7403623,0.66768205,0.07789879,-125.43028,0.06358599,-0.04580427,0.9969271,9.910166
0.672324,0.7402419,-0.0050660037,90.50009,-0.7378691,0.6706867,0.07571301,-126.08087,0.059443533,-0.04716553,0.9971192,9.969479
0.67589414,0.73700064,0.000674215,91.11171,-0.73507625,0.6740623,0.072847836,-126.73183,0.05323434,-0.049732927,0.99734527,10.017308
0.6793899,0.7337658,0.004517853,91.72039,-0.7323268,0.6776443,0.06707957,-127.38322,0.0461591,-0.048881635,0.99773985,10.071703
0.6837544,0.72970223,0.004226171,92.34338,-0.72845656,0.68222404,0.0626536,-128.03851,0.042835187,-0.04591817,0.9980289,10.112703
0.6881014,0.7256167,-0.00026072375,92.96073,-0.7243037,0.6868775,0.059895065,-128.69269,0.043639854,-0.041024953,0.9982071,10.165832
0.6927424,0.72109,-0.011852279,93.58496,-0.71949565,0.69214875,0.05709832,-129.35301,0.049376473,-0.03102669,0.9983007,10.213215
0.6973883,0.7163814,-0.021225914,94.20975,-0.7144014,0.6972184,0.059338268,-130.00586,0.057307824,-0.026217915,0.9980147,10.262564
0.7027489,0.71094674,-0.026491763,94.84823,-0.70880264,0.7028612,0.05990636,-130.65405,0.061210163,-0.023321625,0.9978548,10.323874
0.7086768,0.70498145,-0.027955001,95.50397,-0.7030746,0.7089566,0.055411763,-131.30205,0.05888305,-0.019614512,0.99807465,10.3672695
0.7145061,0.69903547,-0.028873505,96.159966,-0.69743806,0.71492434,0.049669556,-131.95065,0.055363055,-0.015351655,0.9983508,10.437484
0.71943325,0.6937442,-0.03373479,96.828606,-0.6922777,0.72015625,0.046154894,-132.59648,0.056313913,-0.009851463,0.9983671,10.486484
0.7238706,0.6888891,-0.03803266,97.501625,-0.68721616,0.72480994,0.04886878,-133.23418,0.06123152,-0.009237954,0.9980834,10.556509
0.72739685,0.6850669,-0.039755058,98.17987,-0.683258,0.72841746,0.050697297,-133.86671,0.06368922,-0.009714031,0.99792504,10.608348
0.7306203,0.681589,-0.040419288,98.86482,-0.67994153,0.73169816,0.047968008,-134.50049,0.062269088,-0.007563582,0.9980333,10.673477
