0,1,2,3,4,5,6,7,8,9,10,11
1.0,0.0,0.0,0.0,0.0,1.0,0.0,0.0,0.0,0.0,1.0,0.0
0.99998796,0.0014642525,-0.004682831,0.9614549,-0.0014580995,0.9999981,0.0013170842,0.0054932423,0.0046847505,-0.0013102404,0.9999882,0.009980911
0.99998194,0.0022878773,-0.005567376,1.9236295,-0.0022892156,0.9999974,-0.00023403869,0.0053869984,0.005566826,0.0002467793,0.99998456,0.02340575
0.99999344,0.0027766982,-0.0023344997,2.8815868,-0.002780763,0.99999464,-0.0017398365,0.0051626787,0.0023296564,0.0017463168,0.9999958,0.03335467
0.99999475,0.0015185963,0.0028722193,3.8371642,-0.0015014698,0.99998116,-0.0059554954,0.0020219025,-0.002881209,0.0059511513,0.99997824,0.039421644
0.99999356,0.0002251981,0.0035955377,4.7764306,-0.00019572978,0.99996644,-0.00819399,0.0008527454,-0.003597262,0.008193233,0.9999601,0.053711474
0.9999995,-9.646533e-05,0.0010032164,5.716778,0.00010807824,0.99993294,-0.011581838,-0.0011826798,-0.0010020311,0.011581941,0.9999326,0.066572875
0.9999963,-0.0017091699,-0.002121003,6.6531086,0.001686795,0.9999434,-0.010506668,0.0032864762,0.0021388417,0.010503052,0.9999427,0.07683792
0.99999255,-0.0022853555,-0.0031148472,7.58157,0.002251801,0.99993986,-0.010733811,0.009754314,0.0031391915,0.010726717,0.9999377,0.08903827
0.9999952,-0.0027411976,-0.0014951915,8.510571,0.0027249705,0.9999385,-0.010749231,0.0180655,0.0015245662,0.010745104,0.9999413,0.09834704
0.99999106,-0.004034211,0.001331776,9.429848,0.004048258,0.9999343,-0.0107188625,0.025608305,-0.0012884459,0.010724157,0.9999418,0.109240636
0.9999851,-0.0047738496,0.0026868398,10.35335,0.0048033693,0.9999269,-0.0110895615,0.031171594,-0.002633703,0.011102301,0.9999351,0.12035438
0.99998134,-0.0048852265,0.0036932922,11.276063,0.004933139,0.9999023,-0.013076913,0.037040547,-0.0036290474,0.013094887,0.9999079,0.13186541
0.99997586,-0.0059884856,0.003564634,12.18012,0.0060351524,0.9998943,-0.013227999,0.044495,-0.0034850412,0.013249191,0.9999064,0.1401531
0.99997646,-0.0064527276,0.0023926808,13.089002,0.006484421,0.9998881,-0.013483571,0.05345045,-0.0023054068,0.013498766,0.9999066,0.14842732
0.99997115,-0.007610638,0.0002761803,13.995523,0.0076138387,0.9998663,-0.01447472,0.067316376,-0.00016598079,0.014476404,0.9998956,0.15743868
0.99995697,-0.009231611,-0.0010497055,14.897143,0.009215586,0.99985445,-0.014363641,0.07670796,0.0011821534,0.014353349,0.99989665,0.16568914
0.99993676,-0.0111247795,-0.0017310563,15.799827,0.011098181,0.99983066,-0.014682749,0.09083325,0.0018941066,0.014662609,0.99989104,0.17724735
0.99992317,-0.012147041,-0.0025330747,16.70183,0.012109451,0.9998236,-0.014361107,0.10429806,0.0027070742,0.01432933,0.999894,0.19238158
0.9999007,-0.01385311,-0.0026637658,17.5966,0.013816662,0.9998169,-0.01324559,0.12233253,0.0028467719,0.013207471,0.99990916,0.20374557
0.99987996,-0.015378907,-0.0020219604,18.487135,0.0153485155,0.9997805,-0.014272137,0.1409707,0.0022410075,0.014239389,0.9998966,0.21693727
0.99986416,-0.016470464,-0.0009121921,19.380608,0.016457142,0.9997793,-0.0130688185,0.15757388,0.0011272413,0.013052032,0.9999146,0.22883977
0.99984133,-0.017825218,-0.00030284058,20.258234,0.017819876,0.9997593,-0.012812579,0.17843331,0.0005311558,0.012805149,0.99991834,0.24112833
0.9998144,-0.019274918,-0.00032648485,21.133587,0.01926878,0.999724,-0.013459426,0.18916537,0.00058582507,0.013450637,0.9999099,0.25642684
0.9997993,-0.02003885,-0.0005901427,22.024101,0.020028993,0.9997074,-0.0135795325,0.21384525,0.0008620892,0.013564986,0.99990815,0.2678904
0.99977916,-0.021024771,-0.00036438223,22.88876,0.021017747,0.9996842,-0.013793061,0.23422244,0.00065426406,0.013782355,0.99990535,0.27944273
0.99974614,-0.022513205,0.001202622,23.73645,0.022527223,0.999658,-0.013302336,0.26174983,-0.00090273144,0.01332605,0.9999113,0.28663224
0.99971104,-0.023688462,0.0041560563,24.581402,0.023745572,0.9996163,-0.0142777525,0.28166714,-0.003816243,0.014372313,0.99988997,0.29817015
0.999689,-0.024304932,0.005636504,25.412088,0.024384595,0.9995974,-0.0145243965,0.30324683,-0.0052812193,0.014657322,0.9998792,0.3066497
0.9996853,-0.024652317,0.0047016228,26.24233,0.024714287,0.99960214,-0.0136132175,0.3285102,-0.0043641543,0.01372513,0.9998969,0.31641454
0.9996667,-0.025720794,0.0023561274,27.054724,0.025748366,0.99959016,-0.012535792,0.35787416,-0.0020327307,0.012592278,0.99991924,0.32679164
0.99965084,-0.02642747,0.00061662094,27.857029,0.026432894,0.9995816,-0.011775188,0.38537684,-0.00030517398,0.011787375,0.9999311,0.3354489
0.9996349,-0.02702973,0.000171781,28.65395,0.027029978,0.9995744,-0.011000833,0.41402936,0.00012564214,0.011001458,0.9999401,0.34264892
0.99959123,-0.028599348,-0.00034234885,29.441269,0.028593646,0.99952745,-0.011307509,0.44080082,0.000665575,0.0112930965,0.99993664,0.35800126
0.99953574,-0.030461408,-0.0011013984,30.214346,0.030448016,0.99948025,-0.010617272,0.46604198,0.0014242437,0.010578806,0.99994373,0.3701828
0.99948305,-0.03213249,-0.0013907251,30.98592,0.03211644,0.999431,-0.010331513,0.49434647,0.0017219118,0.010281507,0.9999463,0.38362104
0.99940425,-0.034523994,-0.0002915659,31.744396,0.03451926,0.9993529,-0.010141795,0.5253488,0.0006415133,0.010125687,0.9999492,0.39263475
0.9993297,-0.036576904,0.0017799073,32.49509,0.03659344,0.9992767,-0.010375978,0.55530393,-0.0013990976,0.010434156,0.9999452,0.4023947
0.999264,-0.038220745,0.003381114,33.241753,0.03825192,0.9992214,-0.009697018,0.5882152,-0.003007853,0.009819216,0.99994797,0.4114491
0.99918145,-0.04028688,0.003758973,33.95664,0.040318318,0.99914926,-0.008702865,0.6229774,-0.0034051628,0.008847297,0.9999558,0.4238691
0.99911577,-0.041944046,0.0030352625,34.675594,0.041962855,0.9990988,-0.006427219,0.6585819,-0.0027629423,0.006548904,0.9999755,0.43074986
0.99902964,-0.044002008,0.002102377,35.37936,0.04401131,0.9990207,-0.004608879,0.69568527,-0.001897517,0.0046969345,0.99998796,0.4376969
0.99896854,-0.04531312,0.0030828877,36.08091,0.045325425,0.9989644,-0.0040479344,0.73135763,-0.0028962696,0.0041834917,0.9999879,0.44222027
0.9989159,-0.046319697,0.004737622,36.775814,0.046334285,0.9989218,-0.003018146,0.76883227,-0.004592714,0.0032343874,0.99998504,0.45035738
0.9989079,-0.046430312,0.0053082556,37.446667,0.046431664,0.9989219,-0.00013299356,0.8100889,-0.005296357,0.00037931837,0.99998677,0.45611078
0.9989671,-0.045324698,0.0033730553,38.10686,0.045314334,0.9989685,0.003085744,0.84511685,-0.003509436,-0.0029297099,0.9999904,0.46897972
0.9990584,-0.043395225,0.00033143282,38.760715,0.043393064,0.99904644,0.0049248585,0.8804328,-0.0005448324,-0.00490584,0.99998873,0.4733801
0.99913025,-0.041679803,-0.0015810825,39.403515,0.041687816,0.9991164,0.005433021,0.91374177,0.0013532379,-0.0054942076,0.99998486,0.48070666
0.99926025,-0.03845869,-0.000923939,40.041832,0.038463753,0.99924064,0.0062984037,0.9416563,0.00068100885,-0.0063292827,0.9999806,0.48759183
0.9993831,-0.03509707,0.0016217941,40.686268,0.03507708,0.9993242,0.011036323,0.9772239,-0.0020080407,-0.0109726265,0.99993867,0.49668357
0.9994884,-0.03160442,0.00499873,41.30334,0.031522963,0.99938166,0.015609454,1.0056539,-0.005488966,-0.015443892,0.99986655,0.50136644
0.9996125,-0.027169589,0.006132458,41.90392,0.027040023,0.9994287,0.020302538,1.0335336,-0.006680565,-0.020128846,0.999776,0.5114914
0.99974656,-0.021524495,0.0066649937,42.489323,0.021356523,0.99947655,0.024321334,1.0519854,-0.007185009,-0.024172826,0.9996829,0.51623785
0.9998371,-0.015921,0.008557771,43.055897,0.015677754,0.9994918,0.027774788,1.0725688,-0.008995623,-0.027636092,0.99957854,0.51804626
0.99990463,-0.0095172785,0.010056375,43.606525,0.009183915,0.9994239,0.03268952,1.0877898,-0.010361696,-0.03259404,0.9994159,0.52112955
0.999946,-0.002161561,0.01021568,44.141586,0.0017889165,0.9993382,0.036345385,1.0959171,-0.010287481,-0.036325138,0.999288,0.5279251
0.9999329,0.004904718,0.010542497,44.647507,-0.005314214,0.99921894,0.039170317,1.1034883,-0.010342142,-0.03922371,0.99917793,0.5333435
0.99987006,0.012327951,0.010431046,45.14219,-0.012770696,0.99897236,0.043498687,1.1064337,-0.009884075,-0.04362624,0.9990001,0.5361707
0.99975806,0.0203251,0.0084685,45.61362,-0.020709027,0.9986319,0.04802587,1.1022105,-0.007480782,-0.048189614,0.9988113,0.53626615
0.99958533,0.028165337,0.006075183,46.04957,-0.028433107,0.99835753,0.04974747,1.0985962,-0.0046640486,-0.049899567,0.9987445,0.54735255
0.99932206,0.03633428,0.0060248002,46.47476,-0.036592625,0.99805427,0.05049372,1.0829005,-0.004178423,-0.05067994,0.99870735,0.5434434
0.9990007,0.044040933,0.007683003,46.87304,-0.0443679,0.9977914,0.049444355,1.0662062,-0.005488457,-0.049735814,0.9987485,0.55271274
0.9986033,0.05207397,0.009001548,47.244366,-0.05246663,0.99732137,0.050974447,1.0442228,-0.0063229934,-0.051375516,0.99866056,0.55588347
0.9980815,0.06111614,0.009972738,47.602623,-0.0615654,0.9966592,0.05367595,1.0260029,-0.0066589536,-0.05418693,0.99850976,0.5601439
0.9975162,0.06968092,0.010358674,47.927345,-0.0701697,0.9958203,0.058474302,1.0081316,-0.006240833,-0.05905591,0.9982363,0.5634666
0.9968378,0.07865744,0.011349459,48.233982,-0.07921522,0.99490356,0.062392633,0.9893533,-0.006383972,-0.06309436,0.9979882,0.5647562
0.99603844,0.08807036,0.012345511,48.5189,-0.08866793,0.99415034,0.06167851,0.95766896,-0.006841243,-0.0625288,0.9980208,0.5710651
0.9950663,0.098561496,0.011408317,48.78099,-0.099074714,0.9932344,0.060586974,0.9300858,-0.005359588,-0.061418302,0.9980988,0.5769015
0.99382913,0.110639095,0.008007659,49.043304,-0.11091969,0.99206793,0.059154846,0.89710194,-0.001399302,-0.059677985,0.9982178,0.582948
0.9922562,0.12411059,0.0050679776,49.31094,-0.12419061,0.9904509,0.0598747,0.85745347,0.0024115,-0.060040407,0.99819416,0.587509
0.9902185,0.13947621,0.0039013494,49.568592,-0.13945115,0.9883219,0.061437458,0.8179244,0.0047132736,-0.061380528,0.9981044,0.5864909
0.9877787,0.15581945,0.003879459,49.8314,-0.1557532,0.9857929,0.06288735,0.7743372,0.0059747268,-0.062722996,0.9980142,0.59094846
0.9849711,0.17267738,0.0040068077,50.072327,-0.17258225,0.98295945,0.06330596,0.7275934,0.006992975,-0.063046016,0.9979873,0.5950918
0.9816517,0.19064352,0.0040836576,50.31964,-0.1905229,0.97969145,0.062508315,0.6683281,0.007916077,-0.062139392,0.9980373,0.60043424
0.97770596,0.20993112,0.00467089,50.57354,-0.20981918,0.97582215,0.06122626,0.6034912,0.008295335,-0.06084129,0.99811417,0.60615355
0.9731734,0.23002344,0.0049533094,50.8073,-0.22989027,0.9712924,0.061181698,0.5365085,0.009262108,-0.060679086,0.99811554,0.61050975
0.9679154,0.25123292,0.0048475517,51.04607,-0.25103307,0.96593094,0.062940106,0.470829,0.01113022,-0.06213756,0.9980067,0.6129042
0.96171683,0.27400613,0.00480583,51.29748,-0.27374327,0.9596715,0.064006634,0.3890888,0.012926186,-0.062871784,0.99793905,0.6179775
0.9544615,0.29827878,0.0058867414,51.532337,-0.29801968,0.95235133,0.06490593,0.30665055,0.013753809,-0.06370454,0.99787515,0.6264036
0.9460468,0.3239364,0.007891998,51.775715,-0.3237134,0.9437539,0.06737747,0.21432725,0.014377906,-0.06629696,0.9976975,0.632155
0.9362509,0.35119706,0.009822592,52.028748,-0.35100636,0.9338029,0.06934003,0.107506484,0.0151796425,-0.06836742,0.9975459,0.64173937
0.92509586,0.37957507,0.011047364,52.258987,-0.37938586,0.9226029,0.06979652,0.0047665387,0.016300684,-0.06875965,0.9975012,0.6478928
0.9122154,0.4095653,0.010995163,52.4903,-0.40932927,0.9098715,0.06771002,-0.12164972,0.017727483,-0.06626673,0.9976456,0.6599402
0.8969523,0.44202533,0.009584832,52.73172,-0.44167614,0.89484096,0.06467785,-0.26603913,0.02001234,-0.0622463,0.9978613,0.6700749
0.879555,0.4757415,0.007392791,52.951256,-0.47521007,0.8775872,0.06338367,-0.40731987,0.023666412,-0.059262514,0.9979631,0.6798974
0.85992813,0.5103862,0.0055947057,53.193844,-0.5096346,0.8579517,0.06475346,-0.5708729,0.028249267,-0.058534533,0.9978869,0.6875372
0.83807147,0.5455412,0.0047694193,53.41581,-0.54460734,0.8360556,0.06644912,-0.73318833,0.032263216,-0.05828653,0.9977797,0.6953953
0.8135892,0.58141464,0.005592483,53.645466,-0.58036035,0.81145227,0.068764396,-0.92125654,0.035442572,-0.059191592,0.99761856,0.70618653
0.7864272,0.61762565,0.008518521,53.899666,-0.61652166,0.784026,0.0721507,-1.1365571,0.03788336,-0.06199309,0.9973587,0.7206327
0.75681764,0.6535141,0.012171923,54.129143,-0.65237737,0.75408775,0.075873815,-1.3498926,0.040405884,-0.06536329,0.99704444,0.7282791
0.7238519,0.6898038,0.014522382,54.363976,-0.6886515,0.7210283,0.07667222,-1.595536,0.042417713,-0.065500155,0.9969519,0.7446804
0.6873683,0.7261378,0.015825244,54.609436,-0.72505116,0.6847311,0.07379286,-1.8846021,0.042747725,-0.06219695,0.9971493,0.7657546
0.6481052,0.7613584,0.017166624,54.826077,-0.7603049,0.6455898,0.07177383,-2.1728563,0.043562986,-0.059568834,0.9972744,0.78598976
0.60586804,0.7953485,0.018611435,55.05755,-0.79429114,0.6034071,0.07073135,-2.5113358,0.04502578,-0.057636734,0.997323,0.79949987
0.5598944,0.8283517,0.01880591,55.258137,-0.827216,0.5575438,0.0697141,-2.8429785,0.04726264,-0.054589055,0.997391,0.82358134
0.5118139,0.8588759,0.019509934,55.45881,-0.8577326,0.5095892,0.06793418,-3.220916,0.048404943,-0.051503938,0.99750024,0.84526473
0.46313077,0.8860163,0.022063103,55.654564,-0.8850047,0.4609744,0.065351166,-3.63221,0.047731645,-0.04979206,0.9976196,0.8694722
0.41340303,0.91016436,0.026467584,55.81814,-0.9093971,0.41124368,0.062265016,-4.035805,0.045786746,-0.049810067,0.9977099,0.89478153
0.36358064,0.9309982,0.03245186,55.982418,-0.9304595,0.36123356,0.06129273,-4.4741616,0.045340694,-0.052479964,0.9975934,0.9068102
0.3140215,0.9488076,0.034005836,56.126907,-0.9482236,0.31163037,0.06131803,-4.9410753,0.04758173,-0.05150029,0.9975401,0.91849095
0.26625898,0.9635152,0.027320337,56.23045,-0.9627094,0.26441282,0.05725223,-5.410792,0.04793951,-0.041545447,0.99798715,0.95953673
0.2214813,0.97500646,0.01761432,56.309372,-0.9740715,0.22034132,0.051339954,-5.9040847,0.046175588,-0.028528437,0.99852717,0.98255295
0.17863406,0.98385876,0.0106595885,56.37916,-0.9828357,0.17791967,0.04878467,-6.4285283,0.046100643,-0.019191224,0.9987537,1.0215582
0.14004831,0.9901067,0.00877236,56.433945,-0.9889327,0.13943285,0.050713968,-6.9397984,0.04898905,-0.015777677,0.998676,1.024615
0.10652559,0.9943065,0.002947973,56.478256,-0.99305224,0.10624109,0.050611254,-7.4708567,0.050009865,-0.008318886,0.9987154,1.0642684
0.07696864,0.9970284,-0.0034491778,56.503292,-0.99582386,0.07704506,0.048993178,-8.02637,0.0491133,-0.00033616833,0.9987945,1.0966854
0.05145443,0.9986435,-0.008079206,56.521763,-0.9975537,0.05177827,0.046980027,-8.582547,0.0473346,0.005642105,0.99886453,1.1203948
0.031022254,0.9994381,-0.012756728,56.529926,-0.99845004,0.0315767,0.045848172,-9.154374,0.046225198,0.011314633,0.99886835,1.1472948
0.014728857,0.9997958,-0.01389299,56.533424,-0.998784,0.01536504,0.046861168,-9.737977,0.04706504,0.0131858755,0.9988062,1.1767381
0.0016294355,0.99989617,-0.014373764,56.528904,-0.9988922,0.0023036161,0.04701855,-10.325535,0.04704675,0.014281217,0.998792,1.2023886
-0.010434642,0.9998456,-0.014190855,56.523792,-0.99880546,-0.009744037,0.04789933,-10.938894,0.04775363,0.014673706,0.9987528,1.2236094
-0.019674327,0.9996439,-0.018068617,56.502796,-0.99854124,-0.018737113,0.050655384,-11.555492,0.05029876,0.019038858,0.99855417,1.2626021
-0.026804663,0.9994042,-0.021777889,56.483032,-0.9983091,-0.025638206,0.052185766,-12.184624,0.051596295,0.023139874,0.9984014,1.302189
-0.03138537,0.9992668,-0.02196231,56.463917,-0.9981956,-0.030210963,0.051907983,-12.818259,0.051206388,0.02355182,0.99841183,1.3299938
-0.035191715,0.99918807,-0.019653993,56.449615,-0.9982016,-0.03418818,0.049257036,-13.47751,0.048545074,0.021352075,0.9985943,1.364473
-0.037368555,0.99913967,-0.01802695,56.428944,-0.99841785,-0.03657068,0.042730987,-14.144793,0.042034928,0.01959521,0.99892557,1.3898448
-0.038516615,0.99908245,-0.018769791,56.400265,-0.9986086,-0.037807383,0.03678403,-14.817293,0.0360406,0.020160457,0.9991486,1.4225554
-0.038964327,0.9990045,-0.021759842,56.371555,-0.99867773,-0.03820186,0.034424607,-15.509853,0.033559024,0.023072384,0.9991721,1.449893
-0.039319303,0.9988993,-0.02560866,56.341656,-0.998604,-0.038376696,0.036317907,-16.204023,0.035295114,0.027000887,0.99901384,1.4874924
-0.038496494,0.9989172,-0.026153179,56.3161,-0.9983558,-0.037335686,0.043514032,-16.900717,0.04249043,0.027785297,0.9987122,1.5149069
-0.036708437,0.9989992,-0.025588041,56.292976,-0.99805516,-0.03535843,0.05135592,-17.604622,0.05039973,0.027423456,0.99835426,1.5522099
-0.03474909,0.9990486,-0.026382284,56.27322,-0.9980413,-0.03331546,0.05296566,-18.325863,0.052036293,0.028171102,0.9982495,1.5787907
-0.032338165,0.9991203,-0.026731959,56.254837,-0.9983365,-0.031011986,0.048621967,-19.06664,0.04775014,0.02825982,0.9984612,1.6170977
-0.029461686,0.9992014,-0.027022038,56.236115,-0.99870354,-0.028302316,0.04233082,-19.807508,0.04153219,0.028234124,0.9987399,1.653842
-0.026661545,0.9993328,-0.024996022,56.223873,-0.99884874,-0.02563398,0.040568843,-20.552431,0.03990099,0.026048854,0.9988658,1.6893829
-0.023706805,0.99920326,-0.032130215,56.200684,-0.99870944,-0.022226125,0.045685228,-21.282955,0.04493466,0.03317178,0.9984408,1.7356981
-0.020675749,0.99918723,-0.03462568,56.18062,-0.9985202,-0.01889431,0.051010787,-22.00273,0.050315056,0.035629105,0.99809945,1.7780751
-0.018240156,0.9994178,-0.028860513,56.174698,-0.9985035,-0.01671941,0.052087236,-22.745386,0.05157433,0.029767377,0.99822724,1.810312
-0.014146777,0.999618,-0.023777256,56.178795,-0.9987084,-0.01296502,0.049144503,-23.494234,0.0488174,0.024441756,0.9985104,1.8444631
-0.009706993,0.9995556,-0.028214743,56.171677,-0.99894965,-0.008429298,0.045059033,-24.23634,0.04480112,0.02862247,0.99858767,1.8903917
-0.0067411037,0.9994072,-0.033788428,56.163704,-0.9989294,-0.005183181,0.04598807,-24.975046,0.045785613,0.03406224,0.99837226,1.9355149
-0.003713375,0.9994201,-0.033874482,56.164433,-0.99872714,-0.002002125,0.050414693,-25.710344,0.05031757,0.034018554,0.9981556,1.9832745
-0.00013873284,0.999554,-0.029893475,56.171864,-0.99865466,0.0014119821,0.05185029,-26.441849,0.05186931,0.029860433,0.99820924,2.013356
0.003045831,0.9995936,-0.02837531,56.180733,-0.9986929,0.004488713,0.05092898,-27.18416,0.051035587,0.028183084,0.998301,2.0628715
0.0071216775,0.99943525,-0.032869067,56.186565,-0.9987718,0.008721396,0.04878833,-27.939157,0.049047377,0.03248123,0.9982701,2.1033816
0.01053193,0.9992291,-0.037845865,56.18982,-0.9987445,0.01236595,0.04856006,-28.678316,0.04899056,0.037286907,0.99810493,2.1499517
0.01352841,0.9990628,-0.04114073,56.19751,-0.9986453,0.015567904,0.049666554,-29.415977,0.05026041,0.040413078,0.99792016,2.194926
0.016676169,0.9989887,-0.04178009,56.212006,-0.9985962,0.018742133,0.049557243,-30.16093,0.050290097,0.040895004,0.99789906,2.23538
0.019992389,0.9988837,-0.04282192,56.22873,-0.99856955,0.022074401,0.048714623,-30.907925,0.04960544,0.041786734,0.9978964,2.2741685
0.023388177,0.9986677,-0.046019353,56.244534,-0.9985524,0.025566805,0.047338974,-31.650126,0.048452403,0.04484555,0.9978202,2.3224955
0.026755903,0.9986548,-0.044437997,56.26474,-0.9984349,0.028881706,0.0479075,-32.399445,0.049126428,0.043086626,0.9978648,2.3606796
0.029644046,0.9987092,-0.041268967,56.2994,-0.99828494,0.031666636,0.049253512,-33.14841,0.05049671,0.039738096,0.99793535,2.4012003
0.032012984,0.99855745,-0.043128837,56.323185,-0.99818605,0.03414335,0.04960183,-33.892963,0.051002763,0.041462686,0.99783945,2.4477825
0.035034142,0.9985321,-0.041328426,56.35609,-0.99809873,0.037057944,0.049266465,-34.64711,0.050725617,0.039523825,0.99793226,2.4884472
0.036645673,0.9985362,-0.039802723,56.38975,-0.99802095,0.038605854,0.049652092,-35.40572,0.051115952,0.037904397,0.9979752,2.5304804
0.040729977,0.99845594,-0.03779634,56.4299,-0.9978449,0.042594977,0.04992816,-36.16081,0.05146092,0.035681292,0.9980394,2.5760174
0.043796644,0.9984121,-0.03545447,56.466232,-0.99762106,0.045598302,0.051715046,-36.91644,0.053249512,0.033105165,0.99803436,2.619061
0.046526086,0.9982883,-0.03546511,56.5074,-0.997299,0.04844175,0.055223234,-37.677486,0.05684662,0.03279998,0.997846,2.6685386
0.050000478,0.9981251,-0.035330918,56.551388,-0.9970009,0.051974256,0.057354152,-38.444435,0.059082832,0.032357205,0.99773055,2.715897
0.053321462,0.9981231,-0.030150862,56.6016,-0.996697,0.05504911,0.059717424,-39.216385,0.061265036,0.02686704,0.9977619,2.7652502
0.056000933,0.9981046,-0.02555655,56.658207,-0.9965791,0.057437107,0.059435416,-39.992153,0.06079057,0.022140667,0.99790704,2.8043768
0.05945343,0.99783546,-0.02813759,56.708897,-0.9963617,0.06104298,0.059486646,-40.766876,0.0610754,0.024498515,0.9978346,2.8655953
0.06318906,0.99758995,-0.028696,56.76191,-0.99605244,0.06483592,0.060640078,-41.54429,0.062354375,0.024750916,0.99774927,2.9234102
0.06703035,0.9974508,-0.024511205,56.824738,-0.9957404,0.068434015,0.06180115,-42.332924,0.06332092,0.020264223,0.9977896,2.9726696
0.07151075,0.9971684,-0.02331104,56.88839,-0.9954995,0.07280934,0.060672708,-43.125008,0.062198073,0.018867357,0.9978877,3.0161386
0.07586276,0.9968012,-0.02518729,56.951656,-0.9952432,0.07724451,0.059379388,-43.918907,0.06113492,0.020562774,0.9979199,3.085953
0.08095843,0.9964868,-0.021491405,57.02404,-0.9945797,0.082177594,0.06371683,-44.72734,0.06525899,0.016216477,0.9977388,3.1298227
0.08719443,0.99598396,-0.020375721,57.10596,-0.9934742,0.08844811,0.07202497,-45.521736,0.073537804,0.013962556,0.9971969,3.1951067
0.09448914,0.9953235,-0.02012451,57.19084,-0.9923975,0.09577433,0.0773058,-46.321957,0.07887159,0.012666932,0.99680656,3.2550836
0.10167771,0.99468327,-0.016398253,57.287266,-0.9914659,0.10267328,0.08034415,-47.12814,0.08160055,0.008089079,0.9966346,3.318197
0.10977909,0.99386364,-0.01362359,57.38546,-0.99073315,0.11051566,0.07896726,-47.94851,0.079988204,0.0048283655,0.9967864,3.3873363
0.11709437,0.99302894,-0.0135798035,57.481884,-0.9900408,0.11779631,0.07710287,-48.758602,0.07816491,0.004416227,0.996933,3.460993
0.12419241,0.9921636,-0.013766362,57.585075,-0.9894091,0.12487442,0.074010506,-49.56942,0.07514948,0.004429002,0.9971647,3.5287716
0.13220029,0.9911527,-0.011884738,57.70342,-0.98880744,0.13270512,0.0681965,-50.393143,0.069170184,0.0027361005,0.9976034,3.5985336
0.1398314,0.99013156,-0.009410375,57.825333,-0.98821175,0.14014593,0.061629433,-51.213684,0.06233994,0.0006816932,0.99805707,3.6527994
0.14674807,0.9891333,-0.009064849,57.94639,-0.98744076,0.14702694,0.057838693,-52.019493,0.058542818,0.00046326462,0.99828714,3.7192326
0.15415512,0.98800254,-0.009432259,58.080364,-0.9861763,0.1544433,0.06004037,-52.810425,0.06077665,4.6322064e-05,0.99815375,3.7768404
0.15981375,0.98709047,-0.01066595,58.213684,-0.98485434,0.16016912,0.066401385,-53.59886,0.0672524,-0.00010746376,0.9977384,3.8373342
0.16421953,0.98636484,-0.010870322,58.34649,-0.9838153,0.16457607,0.070876725,-54.37091,0.07169917,-0.0009449696,0.9974283,3.8933938
0.16971754,0.9854393,-0.010358322,58.488777,-0.9827249,0.1700186,0.073122084,-55.149715,0.07381835,-0.002230736,0.99727166,3.960701
0.17496365,0.9845411,-0.008273295,58.632538,-0.9818034,0.17509487,0.07352043,-55.918365,0.073832355,-0.004740673,0.9972619,4.018458
0.17991579,0.98361886,-0.011232854,58.769817,-0.9810887,0.18025827,0.07052215,-56.66629,0.07139158,-0.0016676385,0.9974495,4.088928
0.18467692,0.98273385,-0.011420282,58.918713,-0.98060745,0.18502812,0.064614184,-57.43529,0.06561147,-0.000733949,0.9978475,4.142798
0.1884903,0.9820298,-0.009524361,59.06631,-0.98034763,0.18872474,0.057470225,-58.19178,0.058234796,-0.0014954091,0.9983043,4.2060814
0.19177745,0.98142576,-0.0051671667,59.22005,-0.9799274,0.19177139,0.054473273,-58.91768,0.05445222,-0.0053833146,0.9985044,4.253255
0.19503911,0.98078865,-0.0038881658,59.368923,-0.97930574,0.19495954,0.054335568,-59.65421,0.054049574,-0.0067898743,0.9985177,4.3133397
0.19700791,0.98040056,-0.0020756384,59.518536,-0.9788292,0.19681105,0.05621506,-60.366344,0.05552162,-0.009043134,0.9984191,4.360848
0.19896978,0.9800062,0.00068959664,59.67533,-0.9782326,0.19856715,0.06027752,-61.070126,0.05893526,-0.012668014,0.998184,4.412351
0.20082113,0.9796282,0.0010473563,59.822647,-0.97756094,0.20032755,0.06515301,-61.762943,0.06361576,-0.014107979,0.99787736,4.461119
0.2026407,0.97925276,0.001551767,59.970592,-0.9768268,0.2020265,0.07068407,-62.442463,0.06890393,-0.015839301,0.9975002,4.5130014
0.20439714,0.97888887,-0.00018423796,60.12149,-0.97630906,0.20387194,0.07251439,-63.1258,0.07102095,-0.014641885,0.99736995,4.5708075
0.20580082,0.97859246,0.0021132426,60.26462,-0.97604644,0.20510851,0.07256298,-63.79056,0.070576005,-0.016996168,0.9973642,4.617002
0.20610458,0.9785288,0.001960671,60.40936,-0.9761804,0.2054701,0.06968148,-64.4543,0.06778234,-0.016275663,0.99757,4.6770453
0.20697601,0.97834295,0.0027547153,60.550945,-0.97617364,0.20632768,0.06719751,-65.10402,0.06517369,-0.016597377,0.99773854,4.7245755
0.20656565,0.97842985,0.0027090106,60.689404,-0.97631824,0.2059361,0.06629253,-65.75055,0.06430456,-0.016338639,0.9977993,4.777685
0.20524208,0.9787083,0.0027273465,60.82278,-0.9766563,0.20462944,0.065353334,-66.3852,0.06340361,-0.016076956,0.9978612,4.829107
0.20407528,0.97894883,0.0037693277,60.958565,-0.97688437,0.2033913,0.06580911,-67.00694,0.063656956,-0.01711223,0.99782795,4.8771157
0.20124254,0.97953236,0.004415191,61.08696,-0.9772841,0.20047046,0.06876985,-67.618774,0.06647704,-0.018154338,0.9976256,4.922127
0.19927065,0.97994137,0.002820044,61.213383,-0.9773994,0.19854459,0.072611794,-68.22297,0.07059526,-0.017225731,0.99735916,4.9755406
0.19740012,0.9803237,0.0006198331,61.335217,-0.97768897,0.19682296,0.07339604,-68.820496,0.07182976,-0.0150944125,0.9973055,5.0242767
0.19506764,0.98078996,0.0011593773,61.46124,-0.9782471,0.1944763,0.07220492,-69.41517,0.07059227,-0.0152190225,0.99739194,5.0700083
0.19271153,0.98125285,0.002595217,61.58167,-0.9789125,0.19206758,0.06958831,-69.998856,0.06778515,-0.015950983,0.9975752,5.114564
0.19095296,0.98159647,0.0026631623,61.69313,-0.9795188,0.19037053,0.06560629,-70.572754,0.06389178,-0.0151363555,0.9978448,5.1613154
0.18856455,0.9820616,-0.00025825296,61.80219,-0.980034,0.18819185,0.064182796,-71.14019,0.06307993,-0.011849524,0.99794084,5.213198
0.18669768,0.98240995,-0.0040305275,61.903465,-0.98024297,0.18655533,0.06575018,-71.69167,0.06534543,-0.008324528,0.9978307,5.253424
0.18413085,0.9828656,-0.008518451,62.005894,-0.9805449,0.18428193,0.06763186,-72.24575,0.06804272,-0.0041004024,0.9976768,5.299732
0.1822887,0.9832097,-0.008423702,62.10978,-0.98074484,0.18242875,0.06972516,-72.793724,0.070091076,-0.0044486215,0.9975335,5.335271
0.18086317,0.9834765,-0.007991852,62.21692,-0.98085606,0.18096548,0.07193916,-73.335915,0.072196625,-0.0051723025,0.99737984,5.380547
0.17982034,0.9836575,-0.0091696335,62.314156,-0.98110455,0.18001449,0.070929855,-73.88475,0.071421236,-0.003758273,0.997442,5.421494
0.17980093,0.98359746,-0.014462607,62.40808,-0.9811753,0.18037258,0.06901617,-74.43075,0.07049267,0.0017811735,0.9975136,5.4679604
0.18174931,0.9831469,-0.019769631,62.506443,-0.980856,0.18268202,0.06746251,-74.98239,0.069937,0.0071298936,0.9975288,5.508066
0.18356715,0.9827468,-0.022660801,62.603786,-0.98053765,0.18469028,0.0666172,-75.53947,0.06965294,0.009991041,0.99752414,5.5511127
0.1865124,0.98222846,-0.02102329,62.713043,-0.980002,0.18751495,0.06660862,-76.08753,0.06936694,0.008179532,0.99756056,5.5949783
0.19237787,0.98111963,-0.01991759,62.835644,-0.97885126,0.19329312,0.06701127,-76.643005,0.06959588,0.0066048726,0.99755627,5.637442
0.19868948,0.9798257,-0.021581475,62.947727,-0.977618,0.19970007,0.06622184,-77.20479,0.06919556,0.007940856,0.9975743,5.6805873
0.20585588,0.97836536,-0.020646105,63.072933,-0.97615373,0.20678467,0.06607946,-77.77098,0.068919025,0.006550926,0.9976036,5.7238564
0.21440998,0.9765207,-0.020914713,63.20607,-0.9743755,0.2153312,0.06501898,-78.34569,0.06799583,0.0064380663,0.9976677,5.7592745
0.22399364,0.9744087,-0.018878289,63.351746,-0.97230315,0.22475223,0.06415287,-78.928665,0.06675391,0.0039855875,0.99776435,5.808353
0.233338,0.9722378,-0.017572869,63.49538,-0.97010976,0.23398972,0.0643301,-79.50646,0.06665588,0.002036958,0.9977768,5.8509603
0.24346533,0.96980286,-0.014456084,63.66024,-0.9674516,0.24388157,0.06753993,-80.09412,0.06902584,-0.0024580671,0.9976147,5.894761
0.25266504,0.9674788,-0.012127466,63.827904,-0.96492404,0.25288174,0.07053224,-80.69208,0.07130511,-0.0061189467,0.9974386,5.9356985
0.26403874,0.96446306,-0.009827171,64.00647,-0.96175206,0.2640394,0.07292946,-81.29893,0.07293237,-0.009804896,0.99729156,5.978813
0.2745037,0.96154237,-0.00927454,64.19043,-0.9587011,0.27441362,0.074778795,-81.91191,0.07444788,-0.011635541,0.99715996,6.0324574
0.28464872,0.9586051,-0.0073039476,64.38458,-0.95568705,0.28436238,0.076175965,-82.53282,0.075099476,-0.014703099,0.99707055,6.0809364
0.2945704,0.9556025,-0.007353527,64.585526,-0.95264775,0.29424948,0.076694675,-83.15795,0.075453244,-0.015586655,0.99703044,6.130244
0.30468127,0.95244163,-0.005126562,64.795944,-0.94947165,0.3041479,0.07746152,-83.788345,0.07533665,-0.018733546,0.9969851,6.179091
0.3168002,0.94848204,-0.004629839,65.02704,-0.94582886,0.31627193,0.07336526,-84.46635,0.071049765,-0.018863093,0.9972973,6.2266464
0.32626307,0.9452576,-0.0065108277,65.24725,-0.9430562,0.32595977,0.06631689,-85.1152,0.06480865,-0.015496668,0.99778026,6.2799125
0.33762094,0.94125295,-0.00754482,65.49405,-0.9393299,0.33742544,0.06169481,-85.79628,0.06061607,-0.013742374,0.9980694,6.3334885
0.34764484,0.9375917,-0.008175881,65.753136,-0.93584764,0.3475086,0.058565058,-86.474396,0.057751134,-0.012708448,0.998253,6.3721857
0.35644194,0.9342387,-0.012213543,66.01046,-0.93258554,0.3565461,0.056231502,-87.160866,0.056888174,-0.008653076,0.99834585,6.425406
0.36481377,0.9309078,-0.017986273,66.286385,-0.92944765,0.36524948,0.052180994,-87.861565,0.055145007,-0.0023190263,0.9984785,6.460869
0.3723687,0.92775923,-0.02462387,66.56023,-0.92680836,0.37311685,0.04258016,-88.59456,0.048691556,0.006966116,0.99879235,6.5039043
0.37914094,0.9248756,-0.029310193,66.847694,-0.92420703,0.38005373,0.037462324,-89.30409,0.04578728,0.012885216,0.9988709,6.5539207
0.3862798,0.9217847,-0.033206515,67.14439,-0.9211677,0.3873682,0.037402563,-90.02261,0.047340102,0.016140947,0.9987512,6.5860124
0.393092,0.9187064,-0.03819612,67.45273,-0.91787374,0.39452773,0.04311117,-90.74406,0.054675788,0.018112594,0.9983427,6.636452
0.4000704,0.91542387,-0.04409722,67.76536,-0.91438013,0.40194866,0.04846799,-91.44949,0.06209342,0.020931052,0.99785364,6.681947
0.40531912,0.91312176,-0.043896243,68.080086,-0.91194075,0.40721768,0.05040585,-92.163635,0.06390185,0.019600358,0.99776644,6.735708
0.40986478,0.91137916,-0.037427843,68.410126,-0.90996116,0.41137734,0.05236752,-92.86687,0.06312347,0.012594316,0.99792904,6.7842183
0.41422513,0.90958,-0.032921545,68.74762,-0.90789986,0.41547528,0.055688407,-93.56132,0.06433099,0.006821963,0.99790806,6.8339415
0.41873476,0.9075146,-0.032870825,69.073654,-0.9056186,0.41999167,0.05886365,-94.249886,0.067224935,0.0051202113,0.99772745,6.9028964
0.42240003,0.9058362,-0.032265954,69.39433,-0.9036389,0.4236232,0.063112885,-94.9175,0.07083838,0.002497922,0.9974874,6.956899
0.4261735,0.9041355,-0.030284412,69.72335,-0.90171444,0.42724723,0.066135876,-95.59141,0.072734565,-0.00087742973,0.9973537,7.0194087
0.43009892,0.9023149,-0.029065413,70.04773,-0.8999586,0.43107572,0.06520202,-96.25039,0.07136199,-0.0018856116,0.9974514,7.0742745
0.4341042,0.90040004,-0.028902115,70.360214,-0.89829063,0.4350645,0.061610833,-96.898865,0.06804852,-0.0007829828,0.9976844,7.1385145
0.4379161,0.8985791,-0.028054506,70.6805,-0.89663434,0.43881315,0.05910161,-97.54282,0.065418,-0.00072687515,0.9978604,7.1919403
0.44107923,0.8970733,-0.026658233,70.996216,-0.8951917,0.4418805,0.058107648,-98.17055,0.06390641,-0.0017658055,0.99795705,7.251825
0.44481307,0.8952728,-0.025102815,71.311424,-0.89327675,0.44550076,0.059907082,-98.789696,0.06481633,-0.0042236494,0.997891,7.3024654
0.44771144,0.89379615,-0.026175119,71.62542,-0.8917489,0.44845992,0.060586832,-99.40396,0.065890595,-0.0037837422,0.99782246,7.3587904
0.4497291,0.8927251,-0.02807023,71.92483,-0.89078176,0.4506018,0.058898404,-100.00446,0.0652284,-0.0014838362,0.99787205,7.4065156
0.45109078,0.8919775,-0.029925523,72.227165,-0.8901107,0.45208183,0.057690844,-100.59366,0.064987555,0.0006132615,0.9978887,7.4602847
0.4530633,0.89102566,-0.02844714,72.53186,-0.88913983,0.4539544,0.05795782,-101.17788,0.06455545,-0.00096503575,0.9979165,7.507978
0.4548606,0.8900592,-0.029981432,72.82721,-0.8882252,0.45584708,0.05712192,-101.74865,0.064508684,0.0006477922,0.99791974,7.557727
0.45734134,0.8887647,-0.030638382,73.12453,-0.88680875,0.45836633,0.058941334,-102.31341,0.066428415,0.00021411551,0.99779403,7.6051383
0.46018615,0.8871992,-0.033298295,73.413055,-0.8852341,0.46138352,0.059070993,-102.868454,0.06777085,0.0022931732,0.99770117,7.65575
0.46298984,0.88563985,-0.03584645,73.69769,-0.8837366,0.46435142,0.058230925,-103.41406,0.068216816,0.004718535,0.9976622,7.7070227
0.4658303,0.88404936,-0.03822937,73.97787,-0.8822464,0.46734053,0.056901123,-103.95314,0.06816936,0.0072215004,0.9976505,7.7533526
0.46939638,0.8820862,-0.039918378,74.26582,-0.88035756,0.4710067,0.055917196,-104.48591,0.068125434,0.008895163,0.99763995,7.8002977
0.47242197,0.88043356,-0.040703084,74.54563,-0.8787277,0.47407705,0.055606987,-105.0074,0.06825448,0.009497014,0.9976256,7.8486967
0.47552115,0.87872934,-0.041435577,74.827156,-0.8770712,0.4772135,0.05492656,-105.521034,0.06803902,0.010223264,0.99763316,7.895495
0.4789792,0.8767502,-0.04348008,75.105316,-0.87514365,0.48079905,0.054400954,-106.02417,0.06860106,0.011994442,0.997575,7.9401
0.48277563,0.874653,-0.043730635,75.389275,-0.8729482,0.48462135,0.05574251,-106.53289,0.06994797,0.011263505,0.99749,7.983502
0.48736885,0.8719393,-0.046862286,75.67162,-0.87025714,0.48942843,0.055821043,-107.03542,0.07160811,0.013576853,0.9973433,8.034446
0.49193892,0.8693706,-0.046833687,75.95498,-0.8674355,0.49402848,0.05912003,-107.53036,0.07453421,0.01154181,0.99715453,8.0789585
0.49725688,0.8663278,-0.0470544,76.244545,-0.8639403,0.4994074,0.06483052,-108.01465,0.07966362,0.008414823,0.99678916,8.127716
0.50284714,0.86316276,-0.04579576,76.54366,-0.8601521,0.5049186,0.07210517,-108.49968,0.08536146,0.0031334949,0.99634796,8.174066
0.5092953,0.8594582,-0.044185903,76.84481,-0.85584646,0.5112034,0.07875049,-108.98052,0.09027058,-0.0022908552,0.99591744,8.221227
0.51557714,0.8557392,-0.04350993,77.147736,-0.8517001,0.5173766,0.08325957,-109.4666,0.093759336,-0.0058692656,0.99558043,8.274689
0.5216651,0.85221165,-0.040041417,77.46163,-0.8481246,0.52310735,0.08394719,-109.95824,0.09248657,-0.009832155,0.99566823,8.327125
0.5278698,0.84869367,-0.03278723,77.787865,-0.8447628,0.52863866,0.083191425,-110.45321,0.08793646,-0.016216755,0.99599695,8.380202
0.5339921,0.84512234,-0.024963863,78.11857,-0.8415351,0.53411496,0.080893606,-110.94492,0.081698395,-0.022188524,0.996413,8.434309
0.5407741,0.84099907,-0.016927991,78.46856,-0.8377561,0.5402818,0.07914715,-111.45649,0.0757084,-0.02861914,0.99672216,8.491382
0.54688054,0.83711296,-0.012894251,78.81396,-0.8341303,0.546123,0.077332444,-111.958755,0.071777664,-0.031536058,0.996925,8.5418215
0.55339426,0.83286107,-0.010000134,79.16673,-0.82974356,0.5522911,0.08064914,-112.47562,0.07269233,-0.03633315,0.99669546,8.591085
0.5599697,0.8284727,-0.008348299,79.53752,-0.8251115,0.5585536,0.08492996,-113.00109,0.07502494,-0.040669855,0.99635506,8.6368065
0.56632584,0.82414156,-0.008279627,79.91594,-0.8205296,0.5647317,0.088394195,-113.52669,0.077524915,-0.043266166,0.99605435,8.6880245
0.5726078,0.8197938,-0.007825382,80.29602,-0.8160287,0.57084423,0.09076492,-114.05643,0.078875415,-0.045586888,0.99584484,8.732542
0.5793908,0.8150309,-0.0058163325,80.704094,-0.811288,0.5773856,0.0918805,-114.60171,0.07824354,-0.04851592,0.9957563,8.786857
0.58625174,0.81012964,-0.001287539,81.12548,-0.806481,0.58376044,0.09389547,-115.15506,0.07681896,-0.054007925,0.9955845,8.837127
0.5930578,0.8051616,0.0002008463,81.54338,-0.8017258,0.5905039,0.09243999,-115.7082,0.07431036,-0.0549832,0.99572146,8.890953
0.6006958,0.7994788,0.0009375006,81.98887,-0.7962506,0.59816384,0.09049439,-116.28906,0.0717874,-0.055106,0.99589974,8.946436
0.6081919,0.79379076,0.0012384728,82.43813,-0.79059434,0.60560113,0.09062016,-116.86356,0.071183264,-0.056093488,0.99588794,9.005593
0.61578643,0.787908,0.003280184,82.90343,-0.78471094,0.6129016,0.09265288,-117.43311,0.07099135,-0.05962829,0.99569625,9.054455
0.62384796,0.7815384,0.003754847,83.386765,-0.7783061,0.6208159,0.09397589,-118.01904,0.07111453,-0.06154899,0.99557054,9.107364
0.63076323,0.7759665,0.0040485454,83.881744,-0.7727366,0.6276438,0.094581336,-118.6081,0.07085074,-0.06278679,0.995512,9.157734
0.6358386,0.7718122,0.004230168,84.37643,-0.76867706,0.6327419,0.09368882,-119.193405,0.0696334,-0.062822506,0.9955957,9.213243
0.63979614,0.7685391,0.0033506402,84.89243,-0.7654424,0.6368142,0.092574246,-119.80815,0.06901302,-0.061793264,0.9957033,9.268715
0.64274865,0.7660781,0.0010936065,85.40894,-0.76300114,0.6400374,0.09047469,-120.41676,0.068610564,-0.058986798,0.9959013,9.322826
0.6463023,0.76307625,-0.003287902,85.93943,-0.76002854,0.6440937,0.08662712,-121.04259,0.068220645,-0.05348829,0.9962385,9.380511
0.64962745,0.7602062,-0.0085778,86.47252,-0.7573237,0.6480712,0.08043017,-121.67564,0.06670237,-0.045753367,0.9967265,9.439286
0.65286356,0.7573827,-0.011983341,87.014336,-0.75474256,0.6517678,0.074611165,-122.3101,0.06431939,-0.039666463,0.9971439,9.4959755
0.65582484,0.75478274,-0.0141351065,87.56139,-0.7523868,0.6550447,0.06953477,-122.95061,0.061742596,-0.034967452,0.99748266,9.558308
0.6592265,0.75179845,-0.014922537,88.13254,-0.7495079,0.6585558,0.06743033,-123.591774,0.060521167,-0.03326719,0.9976157,9.607633
0.6619939,0.749366,-0.014760194,88.69451,-0.7469816,0.6612479,0.06909696,-124.22313,0.061538883,-0.03471606,0.99750406,9.672805
0.66628164,0.745594,-0.012705315,89.305695,-0.7430249,0.6652351,0.07335563,-124.8789,0.06314537,-0.039435033,0.9972282,9.726839
0.66908926,0.7431396,-0.008132689,89.90589,-0.7405409,0.6675912,0.07697986,-125.51195,0.06263592,-0.045483693,0.9970027,9.77969
0.6721575,0.7403948,-0.0047952365,90.50557,-0.7380882,0.6705474,0.074811496,-126.16251,0.058605302,-0.04674569,0.99718946,9.838374
0.67568886,0.73718846,0.00096752547,91.11585,-0.73532706,0.67388767,0.07193214,-126.81442,0.052375372,-0.049315073,0.9974124,9.884989
0.67919767,0.7339417,0.004842391,91.72446,-0.73255837,0.6774802,0.066208646,-127.46744,0.0453125,-0.04851598,0.99779737,9.9385805
0.68348277,0.7299544,0.004606547,92.34704,-0.728764,0.68197775,0.061758958,-128.1227,0.04193951,-0.04556815,0.9980838,9.978466
0.68799067,0.7257218,0.00015798258,92.96538,-0.7244641,0.6867848,0.059018202,-128.77597,0.04272214,-0.040718306,0.99826026,10.030972
0.6925499,0.7212831,-0.011345877,93.58957,-0.7197422,0.69195575,0.056331065,-129.43755,0.04848133,-0.030845854,0.998351,10.07713
0.6972932,0.7164883,-0.020738583,94.21344,-0.7145665,0.69711685,0.058545016,-130.08871,0.056403864,-0.026003834,0.9980726,10.125214
0.7025678,0.71114254,-0.026041698,94.85308,-0.70906144,0.70267344,0.05904778,-130.73955,0.060290024,-0.023019794,0.9979187,10.186276
0.7084888,0.7051851,-0.027586563,95.50776,-0.70334303,0.7087667,0.054434113,-131.38622,0.057938397,-0.019163031,0.9981395,10.229192
0.7143396,0.6992197,-0.028533205,96.16323,-0.69768155,0.71475446,0.048694924,-132.03473,0.05444252,-0.014877512,0.99840933,10.2988
0.7192757,0.6939274,-0.033324827,96.83131,-0.6925131,0.7199846,0.0453042,-132.68124,0.055431023,-0.009508224,0.9984205,10.346173
0.7237267,0.6890632,-0.037616104,97.50365,-0.6874459,0.7246491,0.04802787,-133.3184,0.06035254,-0.008899908,0.9981407,10.415502
0.72725636,0.68523765,-0.039380398,98.183914,-0.6834891,0.7282624,0.049812075,-133.95325,0.06281221,-0.009309972,0.9979852,10.4671755
0.7304749,0.6817633,-0.04010581,98.86867,-0.68017817,0.73154116,0.047009904,-134.58588,0.061388515,-0.0070603546,0.9980923,10.53125
