'03':
  ARE: 0.0011316158905423904
  ATE: 0.014297005301277935
  STD_ARE: 0.0007950538173919407
  STD_ATE: 0.008319484275659891
  nsecs_per_frame: 0.7317592454760262
  rot_err: 4.027799244265449e-05
  tr_err: 0.007107547904089145
AVG:
  ARE: 0.0011316158905423904
  ATE: 0.014297005301277935
  STD_ARE: 0.0007950538173919407
  STD_ATE: 0.008319484275659891
  nsecs_per_frame: 0.7317592454760262
  rot_err: 4.027799244265449e-05
  tr_err: 0.007107547904089145
