'03':
  ARE: 0.0011529957334353957
  ATE: 0.014588456521384706
  STD_ARE: 0.0007963468870810376
  STD_ATE: 0.008497377312334877
  nsecs_per_frame: 0.3758663988291994
  rot_err: 3.941679517337391e-05
  tr_err: 0.007261254841007962
AVG:
  ARE: 0.0011529957334353957
  ATE: 0.014588456521384706
  STD_ARE: 0.0007963468870810376
  STD_ATE: 0.008497377312334877
  nsecs_per_frame: 0.3758663988291994
  rot_err: 3.941679517337391e-05
  tr_err: 0.007261254841007962
