0,1,2,3,4,5,6,7,8,9,10,11
1.0,0.0,0.0,0.0,0.0,1.0,0.0,0.0,0.0,0.0,1.0,0.0
0.99999917,-0.00046670286,0.0012053306,0.79618704,0.00046338415,0.99999607,0.0027522151,0.014476991,-0.0012066105,-0.0027516545,0.99999547,0.015989343
0.9999987,-0.00015358708,0.0016014933,1.582798,0.00014532486,0.9999866,0.0051579596,0.026350077,-0.0016022645,-0.0051577203,0.9999854,0.029244497
0.99999905,0.00022769753,0.0013608402,2.351488,-0.00023621389,0.9999803,0.0062613506,0.028532082,-0.0013593881,-0.0062616663,0.9999795,0.045411497
0.9999994,0.0001759209,0.0010686723,3.0892565,-0.0001847026,0.9999661,0.008222941,0.035887104,-0.0010671897,-0.008223134,0.99996567,0.05588236
0.9999994,0.000580168,0.00094550045,3.8124804,-0.00058817305,0.9999637,0.0084884055,0.04066558,-0.0009405417,-0.008488957,0.9999635,0.070336826
0.9999976,0.0013519633,0.0017299954,4.5207834,-0.0013663138,0.99996436,0.008321109,0.041766644,-0.001718684,-0.008323452,0.99996394,0.08415218
0.99999106,0.0012582531,0.0040466944,5.193583,-0.0012947342,0.99995834,0.009025092,0.045745466,-0.0040351707,-0.00903025,0.9999511,0.09478895
0.9999617,0.0033730178,0.008078432,5.8538384,-0.0034408392,0.99995875,0.008396314,0.04442942,-0.008049778,-0.008423789,0.9999321,0.10395786
0.999924,0.0039818184,0.011671793,6.487779,-0.004074447,0.99996024,0.007923124,0.042627815,-0.011639781,-0.007970077,0.99990046,0.11544092
0.9998911,0.004846635,0.01394468,7.09645,-0.0049469364,0.999962,0.0071673305,0.036401756,-0.0139094135,-0.007235531,0.9998771,0.12574317
0.99987817,0.006811642,0.01405269,7.6840444,-0.006910993,0.9999513,0.0070334645,0.0387397,-0.014004097,-0.007129723,0.99987656,0.13362814
0.99990064,0.0075696576,0.011903841,8.242915,-0.007666869,0.99993736,0.008142058,0.0330541,-0.011841465,-0.008232512,0.99989605,0.14151433
0.99991834,0.008913197,0.009167686,8.767049,-0.00898712,0.9999271,0.008054244,0.023743486,-0.009095231,-0.008135976,0.99992555,0.14508663
0.9999208,0.010033254,0.007613293,9.265032,-0.010084127,0.99992687,0.006673578,0.019601468,-0.007545781,-0.0067498214,0.99994874,0.14789668
0.99991184,0.012193842,0.005274154,9.738004,-0.012210852,0.99992025,0.0032049634,0.01021109,-0.005234656,-0.0032690817,0.9999809,0.15746182
0.9998881,0.01436751,0.0041879774,10.185725,-0.0143720675,0.9998961,0.0010605254,-0.0052376348,-0.004172309,-0.0011205955,0.99999064,0.17214617
0.9998627,0.016430344,0.002219521,10.589705,-0.016441176,0.99985254,0.0049541127,0.00089220516,-0.0021377995,-0.004989922,0.9999852,0.17496297
0.99981284,0.019303937,0.0013542967,10.984211,-0.019315343,0.999773,0.008990232,-0.002104321,-0.0011804462,-0.009014705,0.99995863,0.18203409
0.9997474,0.022375455,0.0021665038,11.334133,-0.022395544,0.99970174,0.00974195,-0.0069158305,-0.0019478808,-0.009788007,0.9999502,0.18392633
0.99966425,0.025750443,0.00291417,11.661415,-0.025767691,0.9996497,0.006045703,-0.019155657,-0.0027574732,-0.0061187632,0.99997747,0.19280119
0.99959105,0.028460376,0.0028101525,11.953632,-0.0284629,0.9995945,0.00086298725,-0.03834619,-0.0027844554,-0.0009426195,0.9999957,0.19912548
0.99952555,0.030554678,0.0039124633,12.208136,-0.03054613,0.999531,-0.0022256265,-0.054736815,-0.0039786347,0.0021050596,0.99998987,0.20707938
0.9994521,0.03272947,0.004959063,12.441823,-0.032712087,0.9994586,-0.0035457825,-0.07078598,-0.005072433,0.0033816178,0.9999814,0.21031709
0.99937767,0.035024825,0.0042326245,12.648182,-0.035014097,0.9993836,-0.0025812252,-0.073681474,-0.0043204254,0.0024314171,0.99998766,0.21410577
0.99930423,0.037187845,0.002927607,12.83608,-0.037183926,0.9993077,-0.001379916,-0.083014905,-0.0029768993,0.001270096,0.99999475,0.21989273
0.99921006,0.03969023,0.0020847123,13.012463,-0.039690737,0.9992122,0.00020679599,-0.083481476,-0.0020748654,-0.00028937543,0.9999978,0.22329943
0.9991415,0.041402232,0.0015425177,13.181803,-0.04140694,0.9991376,0.0031621235,-0.08671722,-0.001410272,-0.0032232779,0.9999938,0.22962914
0.9990835,0.042804416,0.00041803106,13.330482,-0.042805772,0.99907506,0.0041280678,-0.09661801,-0.00024094887,-0.004142176,0.9999914,0.23418318
0.9989999,0.04470258,-0.0011166596,13.490219,-0.04469795,0.9989932,0.0038663503,-0.106622346,0.0012883667,-0.0038125685,0.99999195,0.24020712
0.9989282,0.046224494,-0.0024640653,13.645761,-0.046217542,0.99892753,0.002805539,-0.1133766,0.0025911026,-0.0026886463,0.9999931,0.24343118
0.99885476,0.047727693,-0.0033928817,13.781353,-0.047720972,0.9988587,0.0020332998,-0.123761795,0.0034860491,-0.0018690573,0.9999922,0.24695273
0.9987867,0.04901003,-0.004826841,13.914371,-0.048998594,0.99879587,0.0024585354,-0.1259921,0.004941516,-0.002219042,0.99998534,0.24812354
0.9987063,0.050406333,-0.006723504,14.046461,-0.05038561,0.9987247,0.0032165037,-0.12763877,0.006877056,-0.0028735725,0.9999722,0.25003403
0.9986441,0.051283885,-0.008953396,14.167966,-0.051254004,0.99867946,0.00353504,-0.13550398,0.009122858,-0.0030713473,0.9999537,0.2522924
0.99857515,0.052188646,-0.011147461,14.297283,-0.052159272,0.9986346,0.0029097467,-0.14634839,0.011284091,-0.0023241555,0.99993366,0.25541928
0.9985891,0.051461663,-0.013108439,14.433039,-0.05144451,0.9986745,0.0016425838,-0.16018537,0.01317559,-0.00096590735,0.99991274,0.25816998
0.99867356,0.049516987,-0.0141274985,14.566548,-0.04950197,0.998773,0.0014110697,-0.16456808,0.014180032,-0.0007098572,0.99989927,0.26175198
0.99879926,0.04663765,-0.015008413,14.694161,-0.04662423,0.9989117,0.0012433394,-0.16779515,0.01505006,-0.00054208905,0.99988675,0.2620233
0.9989552,0.042753417,-0.016154459,14.833875,-0.042728495,0.9990849,0.0018850015,-0.16885306,0.016220262,-0.0011927746,0.99986786,0.26469946
0.99916977,0.036956195,-0.017151667,14.973373,-0.036923964,0.99931556,0.0021922367,-0.16592342,0.01722094,-0.0015571078,0.9998506,0.26539108
0.999375,0.030520923,-0.017838964,15.105448,-0.030490631,0.999533,0.0019679843,-0.16267651,0.017890695,-0.0014228317,0.999839,0.26547885
0.99955475,0.023369035,-0.018557355,15.257869,-0.02333257,0.9997253,0.0021795784,-0.15757018,0.018603189,-0.0017456156,0.9998255,0.26462933
0.9996912,0.015321721,-0.019567598,15.407903,-0.015283545,0.9998809,0.0020995599,-0.14883402,0.019597434,-0.0017998478,0.99980634,0.2622283
0.99976563,0.0054319305,-0.02095963,15.55924,-0.005403336,0.9999843,0.0014211376,-0.14533065,0.020967018,-0.0013075513,0.99977934,0.26299304
0.9997138,-0.0071314033,-0.022840414,15.709517,0.007130691,0.9999745,-0.000112078385,-0.13876309,0.022840625,-5.0820177e-05,0.99973917,0.26449433
0.9994264,-0.023233764,-0.024643933,15.852271,0.023213888,0.99972993,-0.0010918344,-0.13154095,0.024662636,0.0005191281,0.9996958,0.269657
0.9987513,-0.042734817,-0.025884084,16.027136,0.042728387,0.99908644,-0.00080087536,-0.11453409,0.025894655,-0.00030610827,0.9996647,0.27267635
0.99758947,-0.06437829,-0.025903307,16.22279,0.064390525,0.99792475,-0.00036149766,-0.09188141,0.025872817,-0.0013072994,0.9996645,0.2763796
0.9958104,-0.08798355,-0.024917703,16.423353,0.0880059,0.99612004,-0.00019928599,-0.07333654,0.02483855,-0.0019944517,0.99968964,0.2820099
0.9931305,-0.114531726,-0.02397049,16.670248,0.11458407,0.9934133,0.00081814214,-0.040404387,0.023718894,-0.0035591559,0.9997125,0.2914109
0.9892199,-0.14469141,-0.02255623,16.898445,0.14476053,0.9894658,0.0014550918,0.00277856,0.022108072,-0.004704655,0.99974465,0.29565805
0.9838879,-0.17770216,-0.019669227,17.173147,0.17777124,0.9840703,0.0018089614,0.07466945,0.01903444,-0.0052764355,0.99980503,0.3042962
0.9766363,-0.21425682,-0.016611518,17.449963,0.21432824,0.97675836,0.002627152,0.15509479,0.015662547,-0.006126087,0.99985874,0.3079713
0.96724844,-0.2535668,-0.011606396,17.701624,0.25362396,0.96729594,0.0037307034,0.2504845,0.010280829,-0.0065521747,0.99992585,0.31944147
0.95547265,-0.2949505,-0.008760382,17.995512,0.2950176,0.9554609,0.0077193873,0.3732319,0.006093359,-0.009960126,0.999932,0.31757244
0.9414829,-0.33700514,-0.006162283,18.302353,0.3370549,0.94142133,0.0109715145,0.5074229,0.0021038426,-0.012406517,0.999921,0.32296628
0.9250391,-0.37986434,-0.0024492026,18.577684,0.379863,0.92495257,0.012935916,0.6454497,-0.0026485014,-0.012896586,0.9999136,0.32501006
0.9059726,-0.4233243,0.003225021,18.89908,0.42322466,0.9058821,0.016092338,0.8278137,-0.00973377,-0.013214306,0.9998656,0.33281976
0.8843413,-0.46678123,0.007477306,19.19687,0.46656647,0.88425726,0.020134494,1.0168728,-0.016010268,-0.014317103,0.99976957,0.33471802
0.8597634,-0.5106213,0.008540974,19.470228,0.51031137,0.8596477,0.024264598,1.2138014,-0.019732252,-0.016503256,0.9996693,0.33382636
0.8322154,-0.5543817,0.008865755,19.785297,0.55399334,0.8320707,0.027392806,1.4645306,-0.022563007,-0.017885145,0.9995857,0.33349958
0.80178195,-0.59757954,0.006681511,20.049364,0.59715486,0.8015517,0.030357055,1.7002642,-0.023496332,-0.020349838,0.999517,0.32155684
0.768532,-0.6397816,0.006198265,20.3601,0.6392948,0.76826453,0.03274818,1.9972918,-0.02571359,-0.021205498,0.99944466,0.31706724
0.73213845,-0.6811313,0.005797474,20.650614,0.6805482,0.7318182,0.03601264,2.294828,-0.028772037,-0.022420771,0.99933475,0.30179283
0.6935439,-0.7203817,0.006880596,20.899494,0.7197406,0.6932765,0.036628854,2.5988848,-0.031156914,-0.020451467,0.9993055,0.28929833
0.6532925,-0.7570732,0.00702334,21.189337,0.7564239,0.65306956,0.03638337,2.9781716,-0.032131612,-0.018456355,0.9993135,0.2799454
0.6108156,-0.7917183,0.009314635,21.456928,0.79106355,0.61072385,0.035149407,3.3473127,-0.033517104,-0.014101328,0.999339,0.26795176
0.5665305,-0.8239478,0.01238762,21.691292,0.82327634,0.5665882,0.034561083,3.7258768,-0.03549521,-0.009381462,0.99932617,0.26175642
0.5202243,-0.8539424,0.012217275,21.943945,0.8532523,0.5203076,0.03522868,4.18755,-0.036440007,-0.007902386,0.99930495,0.23965546
0.4712104,-0.8819552,0.010770258,22.14101,0.8813112,0.47128573,0.03436202,4.615736,-0.035381638,-0.006699782,0.99935174,0.2176122
0.4193665,-0.907733,0.012360577,22.35631,0.9071229,0.41953918,0.033395197,5.1172376,-0.035499677,-0.0027922532,0.9993661,0.20232199
0.36585978,-0.93055034,0.014935821,22.528296,0.9300052,0.36615768,0.031926304,5.6206717,-0.0351779,0.0022098522,0.9993789,0.18857303
0.3123205,-0.94986486,0.014597918,22.681185,0.94936943,0.31263322,0.030960236,6.117468,-0.033971835,0.004189312,0.9994143,0.17919266
0.2589298,-0.9657956,0.013952066,22.805508,0.96517086,0.25926787,0.035011012,6.6987724,-0.037430804,0.004400745,0.9992899,0.14166075
0.20781618,-0.9780413,0.015745856,22.918259,0.977259,0.2082898,0.039758053,7.2863398,-0.04216472,0.0071254233,0.9990856,0.11713434
0.15946384,-0.9870218,0.018960893,23.007439,0.9862317,0.16012943,0.04130546,7.851942,-0.043805588,0.012113118,0.998967,0.108329326
0.11446953,-0.993241,0.019218829,23.071468,0.99246246,0.11518907,0.041835,8.503304,-0.04376603,0.014285144,0.99894,0.089512266
0.074382715,-0.99707586,0.017530061,23.099749,0.99636644,0.07503801,0.04029449,9.127489,-0.041492082,0.014469163,0.9990344,0.06830497
0.03863871,-0.9991781,0.01226577,23.110748,0.9985906,0.039056994,0.03594337,9.812537,-0.036392894,0.010859688,0.9992789,0.038552582
0.010091936,-0.9999089,0.008971792,23.11351,0.9993324,0.010400185,0.035028845,10.468842,-0.035118964,0.008612305,0.9993463,0.004522305
-0.01163234,-0.99990994,0.006698847,23.093939,0.9991812,-0.011363908,0.03883689,11.194924,-0.038757265,0.0071451375,0.9992234,-0.019680299
-0.024797365,-0.99966764,0.007062767,23.067326,0.9987122,-0.024459817,0.04445515,11.92936,-0.044267617,0.008156054,0.9989868,-0.048243
-0.032363072,-0.999446,0.0077833333,23.034441,0.99837977,-0.03196212,0.04708275,12.684524,-0.04680789,0.009294476,0.998861,-0.071742624
-0.03632883,-0.9993092,0.007851386,23.000124,0.99834627,-0.035941508,0.044872373,13.455764,-0.04455918,0.009468575,0.9989623,-0.09947058
-0.0356805,-0.999256,0.014643822,22.978193,0.99857736,-0.035067722,0.040176693,14.24176,-0.039633278,0.016056525,0.9990857,-0.1410005
-0.03232163,-0.99911547,0.026903518,22.972265,0.99873394,-0.03124778,0.03942989,15.053717,-0.038554337,0.028143907,0.99886054,-0.15463245
-0.026378095,-0.99923164,0.028991006,22.953053,0.9989152,-0.025234297,0.03914355,15.888858,-0.038381908,0.029992102,0.9988134,-0.18929425
-0.021067023,-0.9994191,0.026791362,22.929152,0.99909836,-0.020057287,0.03742379,16.752325,-0.036864687,0.02755563,0.9989407,-0.22820422
-0.0174864,-0.99935126,0.031484682,22.922886,0.9993509,-0.016477201,0.032040324,17.625523,-0.031500757,0.032024533,0.99899095,-0.24254175
-0.015426565,-0.99945426,0.02920866,22.904497,0.99966735,-0.014812803,0.021122258,18.517193,-0.020678064,0.029524803,0.99935055,-0.26362148
-0.013866784,-0.99966127,0.022022564,22.878695,0.9998278,-0.013590659,0.0126497345,19.424288,-0.012346141,0.022194197,0.9996779,-0.29177204
-0.014565729,-0.9997654,0.016029049,22.856659,0.99985164,-0.014415741,0.009448254,20.342495,-0.009214958,0.016164303,0.9998273,-0.30234236
-0.01843934,-0.999805,0.007068841,22.816875,0.9997199,-0.018332096,0.014980051,21.312258,-0.014847537,0.007343092,0.99986327,-0.31553736
-0.022478944,-0.9997454,0.0019267453,22.784128,0.9994831,-0.02242888,0.023040274,22.270597,-0.022991192,0.0024436787,0.99973315,-0.33618978
-0.027486775,-0.9996221,-0.00031961093,22.7506,0.99910337,-0.02748305,0.03221016,23.268797,-0.032206766,0.00056603656,0.99948156,-0.35016784
-0.02968407,-0.9995576,-0.001861993,22.72072,0.9986681,-0.029736448,0.04216734,24.282995,-0.04220405,-0.0006078076,0.9991093,-0.3864344
-0.029967606,-0.9995508,0.0003321448,22.68936,0.9983137,-0.029914232,0.04974977,25.303288,-0.049717486,0.0018224744,0.99876213,-0.41716152
-0.03160327,-0.99949944,0.0014725128,22.65374,0.9981654,-0.03148514,0.05171812,26.343502,-0.05164587,0.0031042816,0.9986611,-0.44790596
-0.032719478,-0.9994645,0.00030409126,22.620108,0.99828535,-0.03266634,0.048575014,27.354845,-0.04853907,0.0018929272,0.99881995,-0.49577022
-0.035455793,-0.9993577,-0.005194981,22.537357,0.9984117,-0.035649262,0.043627203,28.393404,-0.04378438,-0.003639887,0.9990348,-0.5285485
-0.039695054,-0.9991921,-0.0062601008,22.486237,0.99846756,-0.03990674,0.038344163,29.4187,-0.03856301,-0.0047284276,0.99924546,-0.5537211
-0.04504511,-0.9989722,-0.0050319466,22.448542,0.9983967,-0.045191117,0.034091115,30.451555,-0.034283474,-0.0034882347,0.9994065,-0.5827694
-0.051977977,-0.99862266,-0.007131894,22.39025,0.99814224,-0.052177913,0.031464264,31.50083,-0.031793054,-0.005483191,0.9994799,-0.61110586
-0.057953775,-0.9982999,-0.0061957547,22.327566,0.99773544,-0.058131266,0.03384116,32.54943,-0.034143798,-0.0042204955,0.9994084,-0.6360749
-0.064917,-0.99785393,-0.008551556,22.246883,0.9971344,-0.06519927,0.038371496,33.6272,-0.038846705,-0.0060360837,0.99922734,-0.6592774
-0.070572995,-0.99745256,-0.010377278,22.162321,0.996613,-0.07094649,0.041586313,34.693974,-0.042216614,-0.0074072555,0.99908143,-0.6899038
-0.074750334,-0.9970919,-0.014828687,22.072203,0.9962086,-0.075331576,0.04351988,35.75042,-0.044510398,-0.011519337,0.9989429,-0.7224038
-0.077765755,-0.99679005,-0.019024732,21.976295,0.99588525,-0.078557804,0.045184642,36.83877,-0.046534155,-0.015432631,0.9987979,-0.75544095
-0.07856139,-0.9966397,-0.02317512,21.87739,0.995776,-0.07955935,0.045834616,37.908936,-0.047524415,-0.019476399,0.99868065,-0.7961201
-0.08056719,-0.9964543,-0.024239996,21.777122,0.99561065,-0.08161371,0.04581402,39.004383,-0.047629908,-0.020442493,0.9986564,-0.82985777
-0.08190092,-0.9963381,-0.02454261,21.678556,0.99552214,-0.08295077,0.045332413,40.085197,-0.04720226,-0.020719947,0.99867094,-0.86552876
-0.08259363,-0.99625474,-0.025584374,21.581932,0.9954935,-0.08367672,0.044622563,41.169823,-0.046596274,-0.02178354,0.9986768,-0.90252817
-0.08351327,-0.99613905,-0.027061421,21.475817,0.9954483,-0.0846454,0.04379586,42.26869,-0.04591741,-0.023280714,0.99867445,-0.9397749
-0.08390496,-0.9959693,-0.031699877,21.36656,0.9955007,-0.08518648,0.041495807,43.357952,-0.044028968,-0.02807555,0.9986362,-0.9718266
-0.08358587,-0.99581504,-0.036953915,21.264866,0.9957213,-0.08492975,0.03641936,44.449135,-0.039405446,-0.033751663,0.99865365,-1.0068737
-0.08349773,-0.99575156,-0.038815636,21.156403,0.9957628,-0.08487842,0.035388894,45.55816,-0.03853317,-0.035696283,0.9986201,-1.0423298
-0.08091131,-0.99595,-0.039200068,21.055113,0.9958177,-0.08245009,0.03936256,46.67299,-0.04243521,-0.03585125,0.9984563,-1.0738293
-0.07975307,-0.9960484,-0.03907325,20.961811,0.99577874,-0.081395894,0.042422846,47.794132,-0.045435634,-0.035524968,0.9983359,-1.1116345
-0.07746579,-0.9962942,-0.03737046,20.867064,0.9959507,-0.079045735,0.04282683,48.897667,-0.04562212,-0.033901528,0.9983838,-1.141701
-0.07573103,-0.9964371,-0.037116397,20.779663,0.99612266,-0.07727387,0.042054247,50.014744,-0.044772558,-0.033787683,0.9984262,-1.1780056
-0.0715601,-0.9966259,-0.040194843,20.68651,0.9964147,-0.07325247,0.04233174,51.132793,-0.0451333,-0.03702148,0.9982953,-1.2148246
-0.06515019,-0.99682313,-0.04581255,20.603395,0.99682665,-0.067117795,0.042801898,52.249557,-0.04574078,-0.042878635,0.9980332,-1.2546729
-0.05977304,-0.99704164,-0.04832003,20.515495,0.9971579,-0.06186427,0.043001473,53.39235,-0.04586356,-0.045612384,0.99790645,-1.2918915
-0.053272784,-0.9973498,-0.04954882,20.441658,0.9975697,-0.055385087,0.042275846,54.511097,-0.044908088,-0.04717627,0.9978772,-1.3282312
-0.048183866,-0.9976436,-0.048839413,20.37074,0.997867,-0.050235763,0.041688155,55.65872,-0.04404342,-0.046726562,0.99793684,-1.3634453
-0.04267538,-0.9979621,-0.04743708,20.313091,0.99813616,-0.04466015,0.041592546,56.80427,-0.043626346,-0.0455737,0.99800855,-1.3967087
-0.0369154,-0.99823624,-0.046492808,20.26934,0.9983588,-0.038878825,0.04205311,57.933834,-0.04378654,-0.04486411,0.99803364,-1.4319983
-0.03124652,-0.9985378,-0.044113636,20.21895,0.99850506,-0.033165302,0.043449618,59.0915,-0.044849135,-0.042690057,0.9980818,-1.4626802
-0.026014531,-0.9986417,-0.045142684,20.179085,0.9986264,-0.028015932,0.044277523,60.231525,-0.04548211,-0.043928836,0.99799937,-1.5066265
-0.02021775,-0.99880695,-0.044450164,20.148752,0.9987757,-0.02218509,0.044214655,61.387383,-0.045148052,-0.043501843,0.9980332,-1.5412872
-0.015930636,-0.9988938,-0.044242226,20.118,0.9990429,-0.017704815,0.039997105,62.55367,-0.040736176,-0.04356273,0.9982204,-1.5764185
-0.011308885,-0.9989661,-0.044031598,20.096865,0.99931353,-0.01284465,0.034747034,63.70052,-0.035276696,-0.04360845,0.9984262,-1.6014982
-0.007945836,-0.9990011,-0.04397353,20.076414,0.9993776,-0.009445135,0.033987004,64.86765,-0.0343684,-0.04367613,0.9984549,-1.6338185
-0.004510393,-0.9990589,-0.04313854,20.06753,0.999341,-0.006057172,0.035786334,66.03466,-0.036013965,-0.042948727,0.99842846,-1.6628767
-0.0016876936,-0.9990855,-0.04272307,20.059893,0.999347,-0.00322723,0.03598539,67.19409,-0.036090367,-0.042634465,0.9984392,-1.6878852
-0.001158947,-0.99901515,-0.044354137,20.038517,0.99936575,-0.002735813,0.035501223,68.382,-0.03558761,-0.044284888,0.9983854,-1.7185801
-0.000110647525,-0.9989777,-0.045203585,20.026955,0.99934113,-0.0017512124,0.036248613,69.54593,-0.036290724,-0.045169815,0.99832046,-1.7457666
0.0007544755,-0.9989676,-0.04542221,20.012661,0.9993495,-0.00088471133,0.036050692,70.73839,-0.036053665,-0.045419887,0.9983177,-1.7722828
0.0018784637,-0.9989378,-0.046041053,20.004087,0.9994079,0.00029337214,0.034404308,71.91594,-0.03435426,-0.04607844,0.99834746,-1.7982785
0.0030950462,-0.99898416,-0.04495642,20.00708,0.9994504,0.0016062399,0.033108875,73.080444,-0.033003036,-0.045034204,0.9984407,-1.8240794
0.0030030634,-0.99911964,-0.041843247,20.001503,0.99946153,0.0016314175,0.032769553,74.293396,-0.032672446,-0.041919146,0.99858713,-1.848813
0.0030004885,-0.9992211,-0.03934635,20.00117,0.9994519,0.0016991812,0.03305786,75.48048,-0.03296526,-0.03942399,0.99867916,-1.8721764
0.003521412,-0.9992469,-0.03864143,20.001211,0.9993558,0.0021362524,0.03582216,76.64948,-0.035712644,-0.038742702,0.9986114,-1.8931363
0.0034856782,-0.9991685,-0.04062218,19.993425,0.99923533,0.0018979353,0.039051943,77.85751,-0.038942385,-0.040727258,0.9984117,-1.92236
0.004439537,-0.9990857,-0.042522676,19.990253,0.99921906,0.002762254,0.03941569,79.02892,-0.039262205,-0.042664476,0.9983183,-1.9490172
0.0043446794,-0.9990403,-0.04358719,19.984432,0.99929196,0.0027082372,0.037526723,80.22744,-0.037372667,-0.043719385,0.9983452,-1.9776863
0.0045587905,-0.9990254,-0.043905392,19.98152,0.9993818,0.0030208034,0.035026047,81.416466,-0.034859285,-0.044037946,0.9984221,-2.0047235
0.0051697176,-0.9990963,-0.042191405,19.980705,0.9993997,0.0037165005,0.034442853,82.574394,-0.034254927,-0.042344157,0.9985162,-2.0259793
0.0044356636,-0.99915534,-0.040855087,19.980816,0.99936503,0.0029845343,0.035504837,83.78212,-0.03535292,-0.04098665,0.9985345,-2.0504816
0.004749093,-0.9991751,-0.04033487,19.978369,0.9992749,0.0032178164,0.037937578,84.957985,-0.037776496,-0.04048581,0.9984662,-2.0741951
0.005837548,-0.99917805,-0.040118895,19.975601,0.9991747,0.0042151115,0.040400002,86.121994,-0.04019769,-0.04032164,0.99837834,-2.1005642
0.0056569465,-0.99913025,-0.04131735,19.97501,0.99917144,0.003981853,0.040505733,87.31362,-0.04030598,-0.041512273,0.99832517,-2.132225
0.0068263,-0.9991358,-0.04100523,19.97387,0.99922967,0.005230411,0.038894337,88.45521,-0.038646244,-0.041239165,0.9984021,-2.156564
0.0061644292,-0.9991859,-0.03987283,19.975317,0.9992922,0.0046753213,0.037325468,89.64902,-0.037108656,-0.040074717,0.99850786,-2.1846557
0.006151306,-0.99923664,-0.03858241,19.976192,0.9992695,0.0046867556,0.037928045,90.82747,-0.03771826,-0.03878755,0.9985359,-2.2088642
0.007003796,-0.9993363,-0.035752535,19.980778,0.9991522,0.005542746,0.040794645,91.98296,-0.040569395,-0.036007956,0.9985282,-2.2379768
0.0067758863,-0.9993865,-0.034366645,19.980856,0.9990642,0.00529728,0.042926416,93.172806,-0.042718027,-0.034625363,0.99848753,-2.2657359
0.0071541336,-0.9993624,-0.034984406,19.980932,0.9989917,0.005591832,0.044544857,94.34712,-0.044320825,-0.035267826,0.9983952,-2.297717
0.008207705,-0.9992763,-0.037147067,19.978804,0.99891496,0.0064901034,0.046117086,95.50283,-0.045842618,-0.03748529,0.9982457,-2.3338976
0.008136856,-0.9992023,-0.039100684,19.970142,0.99894184,0.0063520144,0.0455496,96.68127,-0.045264896,-0.039429955,0.99819714,-2.3709097
0.008906121,-0.9990762,-0.04204563,19.969526,0.9990892,0.007135516,0.042068765,97.82556,-0.041729875,-0.04238202,0.9982302,-2.4005568
0.008680656,-0.9990094,-0.043650642,19.971031,0.9991635,0.0069207684,0.040301923,98.99638,-0.039959893,-0.043963995,0.9982342,-2.4340653
0.008995457,-0.9989951,-0.043911736,19.971596,0.9992087,0.0072783995,0.03910059,100.15433,-0.038741685,-0.044228736,0.9982705,-2.4616308
0.0093941,-0.99904776,-0.042612653,19.976063,0.99920785,0.0077303243,0.039035775,101.30602,-0.038669188,-0.04294562,0.99832934,-2.48854
0.009089866,-0.9990456,-0.042729475,19.978664,0.9991345,0.0073392736,0.040942524,102.47874,-0.040589835,-0.043064672,0.998248,-2.5205703
0.00963519,-0.99913,-0.0405818,19.984022,0.99905044,0.007893848,0.042846367,103.63373,-0.042488735,-0.040956113,0.9982577,-2.5480478
0.009017598,-0.9989457,-0.045017943,19.97902,0.99908453,0.0071176155,0.042182162,104.821205,-0.041817263,-0.04535713,0.99809575,-2.584113
0.00895268,-0.99876535,-0.048868548,19.975285,0.9990594,0.006860072,0.042816505,105.99792,-0.042428393,-0.049205918,0.9978876,-2.6232302
0.009098276,-0.99861443,-0.051836018,19.972258,0.9990883,0.0069155195,0.04212835,107.15207,-0.041711498,-0.052172065,0.99776715,-2.661933
0.008480924,-0.99857545,-0.052683517,19.96812,0.99923813,0.006455659,0.03848875,108.354904,-0.03809381,-0.052969813,0.99786973,-2.6919632
0.007879627,-0.998498,-0.0542223,19.968252,0.99939656,0.0060288943,0.034206513,109.542984,-0.03382823,-0.05445913,0.9979432,-2.7240818
0.0072575496,-0.9986833,-0.05078755,19.97547,0.9994376,0.005581306,0.033063892,110.71214,-0.032736886,-0.05099896,0.9981624,-2.7526119
0.0063268114,-0.9989175,-0.046087865,19.978724,0.9994579,0.0048275217,0.03256407,111.93584,-0.03230632,-0.046268918,0.9984068,-2.7748003
0.0062920214,-0.9989364,-0.04568166,19.97799,0.9994154,0.0047465265,0.033855766,113.13812,-0.033602916,-0.04586798,0.9983825,-2.8025298
0.005230749,-0.998979,-0.04487773,19.9778,0.9992881,0.0035448438,0.037558135,114.37365,-0.03736069,-0.045042243,0.99828655,-2.8333993
0.004711844,-0.99906707,-0.04293163,19.97524,0.99928,0.0030876773,0.03781309,115.60736,-0.037645243,-0.043078892,0.9983625,-2.8670764
0.004845831,-0.99905044,-0.043302216,19.968157,0.99942774,0.0033886742,0.03365472,116.82717,-0.033476014,-0.043440524,0.99849534,-2.8948936
0.0033059968,-0.9990133,-0.044292394,19.96774,0.9995495,0.001979847,0.029945027,118.069725,-0.029827774,-0.044371445,0.9985701,-2.9257898
0.002790618,-0.99905956,-0.043271966,19.965374,0.99958926,0.0015525746,0.028611606,119.30066,-0.0285175,-0.043334045,0.99865395,-2.9467692
0.0018508655,-0.9989863,-0.044978965,19.957169,0.9995638,0.0005223056,0.029525021,120.572815,-0.029471587,-0.045014,0.9985519,-2.969305
0.0020607992,-0.9987529,-0.04988542,19.947872,0.99942434,0.00036755163,0.033922583,121.84229,-0.03386193,-0.04992662,0.9981791,-2.9982562
0.002433752,-0.9984621,-0.05538652,19.934338,0.99930555,0.00036870062,0.03725908,123.08883,-0.03718135,-0.055438746,0.99777,-3.0269237
0.002593185,-0.99802744,-0.06272707,19.91593,0.99930274,0.00024959905,0.037336234,124.37005,-0.037246924,-0.062780164,0.9973325,-3.0604603
0.0025854164,-0.99777967,-0.0665523,19.902401,0.99938637,0.00025312294,0.035024956,125.640724,-0.034930337,-0.06660202,0.9971684,-3.0907798
0.0027084975,-0.99766344,-0.068267666,19.89093,0.99942553,0.0003941785,0.03388729,126.89899,-0.033781197,-0.068320245,0.9970917,-3.1179507
0.0018420457,-0.9976367,-0.068686105,19.883844,0.99944717,-0.00044342742,0.033240043,128.17441,-0.03319194,-0.06870937,0.99708474,-3.1433094
0.0016496178,-0.99774355,-0.067120716,19.877316,0.99946237,-0.0005529356,0.03277887,129.42671,-0.032742016,-0.0671387,0.99720657,-3.1612144
0.00086320104,-0.99772805,-0.06736559,19.870718,0.99945164,-0.0013691697,0.03308082,130.70123,-0.033097897,-0.067357205,0.99718004,-3.184064
0.00035661348,-0.9977263,-0.06739506,19.868938,0.9992906,-0.0021824646,0.03759304,131.97241,-0.037654657,-0.06736066,0.9970181,-3.2119668
0.0007482365,-0.9978372,-0.065730244,19.864079,0.99913,-0.0019948552,0.041652802,133.21196,-0.04169384,-0.065704234,0.9969679,-3.2426455
0.00027219608,-0.9977988,-0.06631355,19.848566,0.99916095,-0.002444554,0.04087948,134.48627,-0.040951606,-0.06626904,0.9969613,-3.2734635
0.0011270918,-0.9977484,-0.06705869,19.842081,0.99922913,-0.0015078371,0.03922516,135.74927,-0.03923796,-0.0670512,0.99697787,-3.3092728
0.002421285,-0.9978103,-0.06609572,19.83657,0.9992469,-0.00014558039,0.038798977,136.99374,-0.038723648,-0.066139884,0.9970588,-3.337575
0.0030210149,-0.99777216,-0.06664428,19.828545,0.9992727,0.00047866866,0.038126875,138.25958,-0.038010046,-0.06671099,0.9970482,-3.3668418
0.004530727,-0.99777967,-0.06644674,19.823673,0.99920344,0.0018824469,0.039860103,139.50986,-0.03964653,-0.0665744,0.99699366,-3.3934176
0.0054734466,-0.9977308,-0.06710647,19.820412,0.9990615,0.002572539,0.04323475,140.77177,-0.04296402,-0.06728014,0.9968088,-3.428069
0.006687519,-0.99765366,-0.06813488,19.814566,0.99899703,0.0036485675,0.04462513,142.02408,-0.044271838,-0.06836498,0.9966778,-3.460454
0.008022497,-0.9974722,-0.07060232,19.81053,0.99910945,0.005070764,0.04188433,143.25882,-0.04142045,-0.070875466,0.99662507,-3.4978218
0.007693634,-0.9975331,-0.0697746,19.80993,0.9992273,0.00497953,0.038985066,144.51999,-0.03854145,-0.070020616,0.996801,-3.5326054
0.0077796555,-0.9977179,-0.067069925,19.811943,0.9992813,0.0052682245,0.037536737,145.76057,-0.03709774,-0.06731374,0.9970423,-3.5595417
0.007837647,-0.9977992,-0.0658426,19.815424,0.99930614,0.005417719,0.036847517,146.99124,-0.036409713,-0.0660857,0.99714977,-3.5857258
0.0074456483,-0.9979456,-0.06363258,19.819237,0.9993073,0.005105058,0.036862306,148.24074,-0.036461733,-0.06386296,0.9972927,-3.6153789
0.007497288,-0.9980887,-0.061339747,19.81719,0.99933815,0.005294634,0.035988644,149.46724,-0.035595093,-0.06156896,0.99746823,-3.6336026
0.0069241403,-0.99811894,-0.06091266,19.820555,0.9993489,0.0047496506,0.035766587,150.72429,-0.035410002,-0.06112064,0.9975024,-3.6641424
0.0069290805,-0.9982391,-0.058910076,19.82289,0.9992759,0.004707952,0.03775456,151.96461,-0.037410744,-0.05912902,0.9975494,-3.690289
0.0069597582,-0.99843127,-0.055554405,19.82541,0.9992114,0.0047716876,0.039417036,153.18628,-0.039090123,-0.055784926,0.9976776,-3.7182772
0.006191898,-0.99850583,-0.054289997,19.827421,0.99926275,0.0041210614,0.038168192,154.43213,-0.03788744,-0.05448631,0.99779576,-3.7461681
0.006011537,-0.9984653,-0.055050384,19.826422,0.99926424,0.0039126477,0.03815036,155.66287,-0.037876427,-0.055239227,0.99775475,-3.7777727
0.006645804,-0.99842024,-0.055789962,19.82448,0.99907744,0.004262189,0.04273059,156.88681,-0.042425312,-0.056022476,0.99752796,-3.8028862
0.0073159253,-0.9981821,-0.059820775,19.816496,0.99879676,0.0043931077,0.048841245,158.1282,-0.048489686,-0.060106125,0.99701375,-3.8443944
0.00926477,-0.9978297,-0.065189146,19.813862,0.998759,0.006043555,0.049433902,159.34737,-0.04893267,-0.06556625,0.99664795,-3.8838494
0.010383345,-0.9975573,-0.06907424,19.804811,0.9989394,0.0072491392,0.045467347,160.58574,-0.044855583,-0.0694731,0.9965752,-3.926822
0.011745931,-0.99734944,-0.071803175,19.803057,0.9991247,0.008822969,0.040886596,161.81053,-0.040144734,-0.07222059,0.9965808,-3.9589374
0.0129547855,-0.99717265,-0.0740164,19.81315,0.99919796,0.010105054,0.038743205,163.02211,-0.03788575,-0.074458964,0.99650455,-3.996869
0.013024391,-0.9975325,-0.06898445,19.819845,0.9993194,0.0106043825,0.035327256,164.24385,-0.03450857,-0.06939762,0.99699247,-4.020572
0.012917528,-0.9978067,-0.06491863,19.832165,0.999464,0.010931441,0.030851861,165.47281,-0.030074561,-0.065282375,0.99741393,-4.0456123
0.012995377,-0.9981191,-0.05990602,19.848263,0.9995388,0.011322942,0.028168468,166.6869,-0.027437193,-0.060244463,0.99780685,-4.0607195
0.012091523,-0.9982925,-0.057141684,19.855623,0.99949026,0.010378218,0.030180845,167.91911,-0.029536305,-0.057477504,0.99791014,-4.080046
0.013196694,-0.998281,-0.05709781,19.865637,0.9992689,0.011117843,0.03656949,169.14212,-0.03587185,-0.057538677,0.99769896,-4.1045876
0.0143496655,-0.9982347,-0.05762696,19.871832,0.9991505,0.012088642,0.03938947,170.37733,-0.03862333,-0.05814324,0.99756116,-4.1336946
0.01619909,-0.998092,-0.05957483,19.874445,0.9992129,0.014002182,0.037106194,171.60092,-0.036201246,-0.06012904,0.9975343,-4.159098
0.017305788,-0.9979815,-0.061095804,19.886211,0.999217,0.015088271,0.03656783,172.81133,-0.035572216,-0.061680812,0.99746215,-4.1904984
0.017739074,-0.9980374,-0.060049202,19.90069,0.9991776,0.015505227,0.03745939,174.03181,-0.036454823,-0.060664322,0.9974926,-4.2177353
0.018536266,-0.9980386,-0.05978834,19.916164,0.9992093,0.01638811,0.03621709,175.23819,-0.035166264,-0.060412403,0.9975541,-4.2383814
0.02071684,-0.99795705,-0.060430244,19.93165,0.9992093,0.018615678,0.03512362,176.41803,-0.03392694,-0.061110124,0.9975546,-4.258777
0.021868337,-0.9978816,-0.061264765,19.94539,0.9991459,0.01966513,0.036332577,177.5796,-0.035050858,-0.062006988,0.99746037,-4.2802167
0.023678884,-0.997838,-0.061301373,19.964642,0.99904805,0.021371588,0.038019966,178.69322,-0.03662769,-0.062143303,0.9973952,-4.2944465
0.023989195,-0.99779767,-0.061835416,19.978676,0.99898624,0.021569308,0.03950466,179.80643,-0.03808394,-0.062720425,0.9973045,-4.308191
0.02437638,-0.9977596,-0.062296547,19.995348,0.99893284,0.02186514,0.04067526,180.87518,-0.03922204,-0.06322159,0.99722874,-4.3273835
0.024693137,-0.99779814,-0.061549447,20.01378,0.99889076,0.022157472,0.041540284,181.92055,-0.04008507,-0.062506944,0.9972395,-4.3423104
0.024914004,-0.9977746,-0.061841253,20.023699,0.99889755,0.022384861,0.041254163,182.93674,-0.039778084,-0.06280089,0.9972333,-4.3591104
0.026753526,-0.997688,-0.06246657,20.041231,0.99885464,0.024200713,0.04126753,183.91345,-0.03966042,-0.063499086,0.99719375,-4.3742967
0.027646016,-0.99762434,-0.06309186,20.05985,0.9988178,0.025044538,0.04165376,184.88344,-0.039974734,-0.06416884,0.9971384,-4.395376
0.027046148,-0.9976874,-0.062350873,20.080633,0.9988835,0.02455671,0.04034831,185.83139,-0.038723905,-0.06337253,0.99723864,-4.4103317
0.023847416,-0.99791026,-0.060047243,20.098087,0.999068,0.021627733,0.037343558,186.75389,-0.035966866,-0.060881827,0.997497,-4.4207754
0.018805005,-0.9980261,-0.0599133,20.106108,0.99929196,0.016808528,0.033649694,187.69772,-0.032576244,-0.060503658,0.99763656,-4.435949
0.013897946,-0.99797094,-0.062128704,20.105793,0.99945056,0.011995463,0.030886035,188.62401,-0.030078132,-0.06252381,0.9975905,-4.454523
0.010341126,-0.99788874,-0.06411036,20.108475,0.99952155,0.008446822,0.029744172,189.53313,-0.029139875,-0.06438726,0.9974998,-4.4705663
0.0075046625,-0.9977975,-0.065899946,20.099926,0.99952424,0.0055138646,0.030335266,190.4738,-0.029905118,-0.06609624,0.99736536,-4.48679
0.005847509,-0.9978743,-0.06489661,20.105143,0.999489,0.0037932503,0.031728227,191.39095,-0.031414647,-0.06504897,0.9973878,-4.50038
0.003856414,-0.9980415,-0.06242683,20.102846,0.99944687,0.0017851046,0.033197146,192.32661,-0.033020724,-0.06252031,0.9974977,-4.512383
0.0023100767,-0.998133,-0.061024383,20.099361,0.99942553,0.0002413931,0.03388035,193.24095,-0.033802398,-0.061067577,0.99756145,-4.5268016
0.0018258323,-0.9981411,-0.06090757,20.101622,0.9994504,-0.00019418733,0.033138335,194.13873,-0.033088595,-0.06093459,0.9975935,-4.5372252
0.0009416367,-0.99802566,-0.06278999,20.086815,0.9994819,-0.0010802958,0.032155316,195.06038,-0.032159697,-0.06278773,0.997509,-4.5554066
0.0013346833,-0.99780595,-0.06618258,20.079973,0.9995125,-0.00073271565,0.031199463,195.95543,-0.031179536,-0.06619195,0.99732,-4.5764537
0.0016042779,-0.99765515,-0.068412066,20.065622,0.9995641,-0.0004162817,0.029506553,196.8745,-0.029465875,-0.068429574,0.99722105,-4.589442
0.002861541,-0.9976203,-0.068878196,20.064682,0.9996333,0.0009997978,0.027044741,197.79051,-0.026911547,-0.06893033,0.9972588,-4.6048727
0.003481483,-0.99762326,-0.068807065,20.064575,0.9996985,0.0018004782,0.02447357,198.69788,-0.024291541,-0.06887151,0.9973301,-4.6184835
0.003945268,-0.99764013,-0.068536624,20.05973,0.9997073,0.0022994985,0.024071231,199.63719,-0.02385685,-0.06861151,0.99735856,-4.6331654
0.0043808,-0.9977712,-0.06657354,20.062527,0.9996513,0.0026365903,0.026260864,200.56671,-0.026026832,-0.06666535,0.99743634,-4.6472764
0.004819073,-0.9978227,-0.06576675,20.066221,0.9996176,0.003016395,0.02747775,201.49208,-0.027219571,-0.065873995,0.99745715,-4.659573
0.004634448,-0.9981461,-0.060674828,20.069387,0.999708,0.0031860878,0.023941282,202.44147,-0.023703605,-0.060768038,0.9978709,-4.6685243
0.0053152186,-0.99820083,-0.05971154,20.064077,0.99977136,0.004068235,0.020980999,203.3844,-0.020700349,-0.05980937,0.9979957,-4.6771793
0.0058023455,-0.997928,-0.064066544,20.05437,0.99975985,0.004435719,0.021448687,204.34866,-0.021120084,-0.06417558,0.9977156,-4.695512
0.006971199,-0.997907,-0.06427822,20.050423,0.9996933,0.0054273847,0.024156779,205.3086,-0.023757378,-0.06442688,0.99764013,-4.7128854
0.009235087,-0.99799246,-0.06264489,20.057375,0.9996661,0.0077025043,0.02465774,206.26987,-0.02412574,-0.06285166,0.9977318,-4.719739
0.011190262,-0.9980234,-0.061829254,20.058002,0.9996286,0.009628967,0.025487795,207.26671,-0.024842085,-0.062091466,0.99776185,-4.7358794
0.0135095725,-0.997987,-0.061954387,20.065779,0.99948686,0.011678309,0.029821318,208.2404,-0.02903779,-0.06232543,0.99763393,-4.7581067
0.014959632,-0.99815017,-0.058918405,20.072382,0.99933857,0.012972105,0.03396817,209.25082,-0.033141065,-0.059387542,0.9976853,-4.7738113
0.016010525,-0.9981603,-0.058468305,20.080482,0.9992841,0.013969075,0.03515424,210.25832,-0.034272846,-0.058989238,0.99767065,-4.789905
0.018845158,-0.9979711,-0.06080656,20.08845,0.9992258,0.016698435,0.035616823,211.25699,-0.034529213,-0.06143065,0.9975145,-4.815917
0.021174839,-0.9977985,-0.062837645,20.094639,0.999136,0.018871412,0.037022434,212.2909,-0.03575512,-0.06356726,0.9973374,-4.8465505
0.025157498,-0.9976612,-0.06354539,20.10631,0.999035,0.022801358,0.03753095,213.30766,-0.035994273,-0.064428225,0.99727356,-4.8667464
0.02805513,-0.99737024,-0.06681503,20.122856,0.99905485,0.02575719,0.035005387,214.35347,-0.033192385,-0.067733936,0.99715173,-4.8956194
0.030333163,-0.99725705,-0.067505136,20.14654,0.9990884,0.028221108,0.03202039,215.40149,-0.030027505,-0.06841485,0.99720556,-4.9177046
0.032945704,-0.9972309,-0.06666188,20.171007,0.9990356,0.030921958,0.03116216,216.42651,-0.029014565,-0.06762422,0.9972895,-4.936655
0.03418545,-0.99719733,-0.066539586,20.195133,0.99893564,0.032030653,0.033181883,217.49045,-0.030957595,-0.067603074,0.9972325,-4.956607
0.036167018,-0.99704945,-0.06769779,20.222502,0.9987887,0.03380269,0.035746828,218.5437,-0.033353005,-0.06890863,0.99706584,-4.983672
0.037112806,-0.9970105,-0.0677599,20.251139,0.9987528,0.03474079,0.03585178,219.61905,-0.033390585,-0.06900594,0.99705786,-5.0050497
0.03803114,-0.9970465,-0.06671351,20.286337,0.9988051,0.03587828,0.03317338,220.70255,-0.030681845,-0.0678954,0.9972212,-5.0280924
0.038500287,-0.9971425,-0.06498716,20.327034,0.99886197,0.03657173,0.030605642,221.77943,-0.028141502,-0.06609151,0.9974173,-5.0476155
0.037624635,-0.99736345,-0.06204273,20.366165,0.9989345,0.035878602,0.029016605,222.8789,-0.0267141,-0.06306834,0.99765223,-5.0664253
0.038504396,-0.9972816,-0.06281322,20.399054,0.99892366,0.036788728,0.028241765,223.98267,-0.025854183,-0.06383302,0.9976263,-5.087801
0.0385934,-0.9973094,-0.062315457,20.43294,0.998921,0.036893465,0.02819983,225.10986,-0.025824932,-0.063336514,0.9976587,-5.100273
0.038846165,-0.9971548,-0.06459081,20.460592,0.9988937,0.037037067,0.028970392,226.23253,-0.026495727,-0.06564471,0.9974919,-5.122371
0.038575575,-0.99718034,-0.064357825,20.491766,0.99885505,0.03665652,0.030733835,227.36188,-0.02828806,-0.065469675,0.9974542,-5.141105
0.03757256,-0.9971548,-0.06533983,20.523455,0.99884534,0.035516415,0.03234671,228.50743,-0.029934064,-0.0664797,0.99733937,-5.1607466
0.036879502,-0.9971108,-0.066396594,20.559927,0.99881524,0.034668528,0.03414574,229.65678,-0.031745236,-0.067577176,0.9972096,-5.1833425
0.03658682,-0.997022,-0.067875735,20.588255,0.99879616,0.034262042,0.035100736,230.79845,-0.032670666,-0.06907822,0.99707687,-5.207937
0.035288803,-0.9968804,-0.07058805,20.614336,0.99887615,0.032947015,0.034065783,231.95284,-0.03163386,-0.07171085,0.9969244,-5.2371144
0.034577925,-0.9970147,-0.06902601,20.64384,0.9990258,0.032587647,0.029751005,233.1158,-0.027412802,-0.06998746,0.9971719,-5.256331
0.032566298,-0.997218,-0.06703946,20.67684,0.99923974,0.031047406,0.023571547,234.27245,-0.021424567,-0.0677561,0.9974726,-5.2755637
0.030272769,-0.9975405,-0.06320734,20.712555,0.99939805,0.029136384,0.018819684,235.44627,-0.016931752,-0.06373899,0.99782366,-5.286798
0.028052427,-0.9979589,-0.057354946,20.747192,0.9994601,0.027020691,0.018681208,236.63002,-0.017093297,-0.057847984,0.99817973,-5.2944536
0.025524568,-0.99831265,-0.05214262,20.775381,0.9994579,0.024399607,0.022093523,237.83087,-0.020783981,-0.052678224,0.9983959,-5.3028636
0.023834739,-0.99846894,-0.049900953,20.7978,0.99945456,0.022657808,0.024014398,239.03972,-0.022846987,-0.050446056,0.9984661,-5.3186345
0.022124879,-0.9985584,-0.0488876,20.821386,0.99949545,0.020978237,0.023839163,240.24376,-0.022779224,-0.049390312,0.9985204,-5.3295674
0.019401679,-0.99860126,-0.04916709,20.834549,0.9995421,0.018231124,0.024139894,241.47067,-0.023209764,-0.049612872,0.9984994,-5.3481054
0.017522264,-0.9986817,-0.048228465,20.850126,0.99954516,0.01631273,0.025354076,242.70604,-0.024533924,-0.048650727,0.99851507,-5.3636093
0.015989255,-0.9987489,-0.047362495,20.861883,0.9995741,0.014810415,0.025131272,243.92882,-0.024398379,-0.04774409,0.9985622,-5.37966
0.013294341,-0.9987805,-0.047529124,20.871317,0.99963856,0.012165323,0.023959382,245.17363,-0.023351962,-0.047830407,0.9985831,-5.395518
