08:
  ARE: 0.0012634066761981495
  ATE: 0.024680681461136073
  STD_ARE: 0.0008851391056110989
  STD_ATE: 0.029616375885709874
  nsecs_per_frame: 0.09802364237154476
  rot_err: 9.734359226889577e-05
  tr_err: 0.015060926408319386
AVG:
  ARE: 0.0012634066761981495
  ATE: 0.024680681461136073
  STD_ARE: 0.0008851391056110989
  STD_ATE: 0.029616375885709874
  nsecs_per_frame: 0.09802364237154476
  rot_err: 9.734359226889577e-05
  tr_err: 0.015060926408319386
