0,1,2,3,4,5,6,7,8,9,10,11
1.0,0.0,0.0,0.0,0.0,1.0,0.0,0.0,0.0,0.0,1.0,0.0
0.9999476,0.01019202,0.0009754801,0.29463667,-0.010190012,0.999946,-0.002042839,-0.017839584,-0.0009962481,0.002032792,0.99999744,0.0032762429
0.99985826,0.016801605,0.0011419904,0.5867775,-0.016796838,0.9998507,-0.0040630037,-0.0355896,-0.0012100848,0.0040432457,0.9999911,0.0043464093
0.99981326,0.019328091,-0.0002084804,0.9011,-0.019329064,0.99978983,-0.0068328017,-0.04041241,7.637162e-05,0.006835555,0.9999767,0.0070504406
0.99984676,0.017450836,-0.0015006608,1.2032675,-0.017462315,0.99981546,-0.00801169,-0.04608864,0.0013605731,0.008036667,0.99996686,0.008273701
0.99993956,0.010518059,-0.00324953,1.5125985,-0.010552546,0.9998862,-0.010785043,-0.053436022,0.0031357221,0.010818681,0.99993664,0.005995051
0.9999891,-0.0012291837,-0.004524744,1.8426121,0.0011754427,0.999929,-0.011860624,-0.047649566,0.0045390013,0.011855176,0.9999195,0.013949762
0.9998456,-0.016922386,-0.0047503025,2.1663766,0.01686816,0.99979466,-0.011232541,-0.024991736,0.004939408,0.011150678,0.99992573,0.01845739
0.99933535,-0.03608156,-0.005211716,2.5125053,0.036040135,0.9993197,-0.007834545,0.006698129,0.0054908525,0.007641507,0.99995583,0.023816377
0.99842894,-0.05567263,-0.00635921,2.866394,0.05564573,0.9984412,-0.0043322355,0.043536052,0.0065904832,0.0039715655,0.99997056,0.028810551
0.9971456,-0.07519189,-0.0068547125,3.2198443,0.07516584,0.9971631,-0.0039832857,0.08478356,0.0071347766,0.0034566745,0.9999687,0.03127764
0.9953407,-0.096212536,-0.006342146,3.6083803,0.096181326,0.995351,-0.005056004,0.12745981,0.0067991116,0.0044224495,0.99996734,0.034786317
0.99325544,-0.11581828,-0.0054844823,3.9931622,0.115784556,0.99325556,-0.0061122677,0.181045,0.0061554033,0.005436023,0.99996656,0.04138306
0.9910985,-0.13303761,-0.005010313,4.385642,0.13300954,0.9910991,-0.00557321,0.25030947,0.0057071615,0.004857179,0.9999722,0.04659599
0.98882544,-0.14900523,-0.004690687,4.807102,0.14898367,0.9888288,-0.0046520396,0.31772298,0.005331463,0.0039012178,0.9999785,0.052781384
0.98671365,-0.162395,-0.004939003,5.2253275,0.16237466,0.98671997,-0.0042759837,0.39979035,0.0055678096,0.0034172009,0.999979,0.057568524
0.98456573,-0.17492332,-0.005704196,5.660668,0.1748921,0.9845718,-0.00558106,0.4841903,0.006592447,0.0044973,0.9999685,0.0618392
0.9827974,-0.1845561,-0.0069872383,6.106342,0.1844968,0.9827976,-0.008354212,0.5688433,0.008408861,0.0069213724,0.9999411,0.07152374
0.9812609,-0.19247468,-0.009001953,6.561229,0.19240873,0.9812846,-0.00770231,0.66016304,0.010315978,0.0058259186,0.99993026,0.077497624
0.97968256,-0.20025705,-0.010935918,7.03699,0.20018023,0.9797286,-0.007727752,0.7680001,0.012261769,0.005381586,0.99991083,0.07667242
0.9780696,-0.20784636,-0.013418563,7.51088,0.20774676,0.97814614,-0.0084475055,0.8761608,0.0148811,0.005474583,0.9998748,0.085103124
0.9762494,-0.21616617,-0.014475179,8.0093775,0.2160024,0.9763181,-0.01207317,0.9852854,0.016742192,0.008659751,0.9998228,0.09098563
0.9744937,-0.22395208,-0.0144134145,8.528101,0.22369157,0.9744991,-0.01770159,1.0970027,0.018010171,0.01402593,0.9997399,0.10344168
0.9725141,-0.23225431,-0.01657109,9.046322,0.2319384,0.9725452,-0.018979272,1.2190521,0.020524157,0.014614138,0.999683,0.12748007
0.97034055,-0.24077106,-0.021652628,9.589465,0.2404769,0.97053367,-0.015331963,1.3721013,0.024706105,0.009670269,0.99964845,0.12837489
0.9681133,-0.24921837,-0.025436329,10.118601,0.24897349,0.9684305,-0.012428539,1.5191542,0.027730744,0.005699263,0.99959964,0.14179379
0.9657113,-0.25822088,-0.026907025,10.682155,0.25789198,0.9660556,-0.015109666,1.6719153,0.02989532,0.007652469,0.99952424,0.16249269
0.9633823,-0.26664335,-0.028216504,11.246704,0.26625264,0.96375567,-0.016868856,1.8313713,0.03169179,0.0087384395,0.99946,0.18944542
0.96118593,-0.27415952,-0.030958056,11.822848,0.27374262,0.9616515,-0.017068895,2.0026727,0.03445047,0.007931843,0.9993754,0.2094797
0.9586245,-0.28252602,-0.03490491,12.428045,0.2821077,0.95924115,-0.016480293,2.1865647,0.03813835,0.005951467,0.9992552,0.22829558
0.95631576,-0.28959438,-0.039942447,13.009759,0.28910547,0.9571346,-0.01764255,2.3716779,0.043339495,0.005324266,0.9990466,0.25425562
0.954082,-0.29581383,-0.047137756,13.625571,0.29525396,0.9552379,-0.018586379,2.5713606,0.050525896,0.0038153143,0.9987158,0.2887298
0.95234793,-0.29992318,-0.05549528,14.252401,0.2993316,0.95396227,-0.018877966,2.7745953,0.058602363,0.0013668973,0.99828076,0.31807396
0.95054716,-0.30379108,-0.06458563,14.869814,0.30318588,0.9527377,-0.01921167,2.9740024,0.06736953,-0.0013198593,0.9977275,0.3587281
0.94863355,-0.3075881,-0.07405561,15.521303,0.3070843,0.95150477,-0.01838004,3.200825,0.07611778,-0.0053054006,0.99708503,0.39847764
0.9467836,-0.311294,-0.081835434,16.17516,0.31089056,0.9502761,-0.017953228,3.4302986,0.08335501,-0.008444049,0.9964845,0.45428166
0.9445016,-0.3161902,-0.08911102,16.840988,0.31598783,0.94861543,-0.01674287,3.6588993,0.08982605,-0.012344342,0.9958813,0.5116238
0.94233257,-0.32064265,-0.09590582,17.507713,0.32069084,0.94705975,-0.015331352,3.9033325,0.09574445,-0.0163089,0.9952727,0.5764976
0.9401906,-0.32488152,-0.10244018,18.186367,0.32525715,0.9455294,-0.013484358,4.152392,0.101241045,-0.020641552,0.9946481,0.64692247
0.9380952,-0.32947385,-0.1068867,18.887312,0.33025855,0.94382876,-0.010786814,4.408706,0.10443675,-0.025181208,0.994213,0.7204127
0.9362079,-0.3341421,-0.10892293,19.58354,0.3350776,0.94213575,-0.010144265,4.668174,0.10600985,-0.027000515,0.9939987,0.79753006
0.9340229,-0.34032834,-0.10852776,20.305563,0.34139776,0.9398743,-0.009145682,4.9343348,0.10511502,-0.028508876,0.99405164,0.88286144
0.9318712,-0.3465517,-0.1073243,21.02433,0.34760943,0.9375932,-0.009292776,5.2128515,0.10384701,-0.028647289,0.9941809,0.96490103
0.9296532,-0.352967,-0.1056392,21.74489,0.3540252,0.9351906,-0.009189815,5.4920444,0.10203652,-0.028855613,0.99436235,1.0480933
0.9270756,-0.3605033,-0.10280424,22.460728,0.3615429,0.932312,-0.008988031,5.7757406,0.09908589,-0.028835576,0.99466133,1.1324842
0.9238997,-0.36986145,-0.09804346,23.257753,0.37103996,0.92859334,-0.006602358,6.0959077,0.093484506,-0.030278137,0.9951605,1.2109404
0.92103386,-0.377954,-0.09406415,23.991913,0.37930387,0.92526436,-0.0037824775,6.4109087,0.08846384,-0.032195117,0.9955593,1.2938683
0.91782033,-0.38638774,-0.09116467,24.743668,0.38793105,0.9216879,-0.0008562732,6.7379823,0.08435627,-0.034579713,0.9958358,1.3671967
0.9142898,-0.3949402,-0.089983575,25.489792,0.39656395,0.91800696,0.00018159978,7.0659776,0.082533866,-0.03585029,0.99594355,1.4408749
0.910363,-0.40391612,-0.08995307,26.270191,0.40563208,0.9140359,0.00087206333,7.4193234,0.08186814,-0.037281763,0.99594593,1.5170962
0.9066335,-0.41236526,-0.089282,27.026516,0.41408828,0.9102362,0.00085488823,7.7752204,0.08091523,-0.037745714,0.9960063,1.5847373
0.9028265,-0.42088318,-0.0881039,27.813993,0.42262742,0.9063025,0.0012662793,8.152056,0.07931587,-0.03837837,0.9961108,1.6559529
0.8991542,-0.42912313,-0.08588228,28.59844,0.4308025,0.9024454,0.0011348955,8.530684,0.07701709,-0.03801876,0.996305,1.7280836
0.89572567,-0.43700632,-0.081864186,29.373775,0.43858132,0.89869034,0.0014042846,8.913766,0.072956905,-0.037161972,0.9966429,1.7976453
0.8922708,-0.44489062,-0.076979145,30.183071,0.44641134,0.89482325,0.0028736095,9.324301,0.0676043,-0.03692842,0.997029,1.8607353
0.8889352,-0.45220494,-0.072839834,30.979641,0.45361704,0.8911909,0.0032278425,9.737222,0.06345456,-0.035910748,0.9973389,1.9279842
0.8851852,-0.45988768,-0.07036505,31.79234,0.46117702,0.88730496,0.0023628722,10.162118,0.061348625,-0.034542337,0.997519,1.9919877
0.8821205,-0.46589965,-0.06929448,32.61914,0.46715638,0.88417196,0.0022028089,10.602248,0.060241964,-0.034314513,0.99759436,2.0548337
0.87939996,-0.47126436,-0.06757462,33.44176,0.47246477,0.8813472,0.0020387934,11.05367,0.058595903,-0.03371955,0.9977127,2.1081216
0.8762889,-0.477265,-0.06585366,34.284645,0.4783616,0.8781624,0.0010109335,11.517124,0.05734774,-0.03238774,0.9978293,2.1700509
0.8736049,-0.48223904,-0.06527546,35.127808,0.48327023,0.87547123,9.241747e-06,11.985104,0.05714235,-0.03155377,0.9978679,2.2267945
0.87188965,-0.4853037,-0.06549581,35.986763,0.4863013,0.8737908,-0.00080964004,12.466748,0.057622574,-0.031144792,0.9978531,2.2881587
0.8702725,-0.48813057,-0.06599446,36.84944,0.48914522,0.87220186,-0.00089278974,12.964181,0.057996295,-0.031503912,0.9978202,2.3433425
0.87002116,-0.48868203,-0.06522274,37.716064,0.48967507,0.87190455,-0.00086730573,13.456731,0.05729185,-0.031183384,0.9978709,2.404023
0.8697433,-0.48936766,-0.06377162,38.613026,0.4903331,0.8715349,-0.0005835281,13.9676285,0.055864763,-0.030761827,0.99796486,2.4623263
0.8692724,-0.4903817,-0.062387604,39.51131,0.4912439,0.8710203,-0.0017285297,14.479398,0.05518852,-0.029144974,0.99805105,2.525234
0.86900157,-0.4908882,-0.06217691,40.4192,0.4916562,0.870783,-0.0033338114,14.995646,0.055779137,-0.027672583,0.9980601,2.5850425
0.86792684,-0.4928446,-0.061710436,41.34168,0.49349046,0.8697347,-0.0053587584,15.524085,0.056312755,-0.025802506,0.99808025,2.6480262
0.8665686,-0.49549848,-0.059507564,42.2588,0.4960544,0.8682702,-0.0060775564,16.053555,0.054680075,-0.024252374,0.9982099,2.7091403
0.8646372,-0.49927697,-0.05591238,43.191437,0.4997887,0.8661304,-0.0054262895,16.592648,0.05113665,-0.023252605,0.9984215,2.7735288
0.8620073,-0.50432724,-0.05097645,44.11566,0.5047231,0.86326236,-0.005729626,17.14376,0.046895675,-0.020790013,0.9986839,2.8399773
0.85835695,-0.51079005,-0.048147086,45.020073,0.51108575,0.85950226,-0.006887178,17.684084,0.044900447,-0.018695632,0.998817,2.8988156
0.8529069,-0.51977813,-0.048802212,45.92487,0.5199629,0.85413235,-0.009830937,18.239544,0.04679347,-0.016990466,0.9987605,2.958662
0.8472811,-0.528691,-0.051008012,46.812542,0.5287908,0.8486584,-0.012626077,18.79589,0.049963683,-0.01627473,0.9986189,3.0214994
0.8409958,-0.5386678,-0.050637968,47.725952,0.538741,0.84236556,-0.013365078,19.382442,0.04985503,-0.01604077,0.99862814,3.0802913
0.83538514,-0.54766816,-0.04682314,48.612724,0.5478182,0.83652896,-0.010713093,19.971504,0.04503615,-0.016701004,0.9988463,3.1353204
0.8307183,-0.55494136,-0.04413959,49.48725,0.5552128,0.8316791,-0.0069826907,20.567287,0.040584978,-0.018706214,0.99900144,3.1967015
0.82647026,-0.56111157,-0.045844797,50.383465,0.56143594,0.8274933,-0.006683656,21.18148,0.041686557,-0.020215074,0.9989267,3.2506614
0.82274336,-0.5661979,-0.050142612,51.256355,0.566542,0.82398975,-0.008435466,21.794981,0.04609316,-0.021467675,0.99870694,3.3031158
0.8196268,-0.57007194,-0.056839187,52.11975,0.5704407,0.82126373,-0.011107388,22.400196,0.05301199,-0.023319475,0.99832207,3.3701153
0.8162352,-0.5747163,-0.058839627,53.000717,0.5751298,0.8179835,-0.01134878,23.0311,0.05465219,-0.02457715,0.99820346,3.4288023
0.81336266,-0.5791298,-0.05523337,53.855347,0.57951516,0.8148951,-0.010402362,23.639664,0.051033746,-0.023547685,0.9984198,3.4922988
0.81021076,-0.5839842,-0.050217927,54.746197,0.5843704,0.81144625,-0.008146693,24.281054,0.045506716,-0.022745332,0.9987056,3.5534065
0.80740553,-0.58805007,-0.04789897,55.607162,0.58845246,0.80850405,-0.00671161,24.919828,0.042673297,-0.022767277,0.9988302,3.611672
0.804615,-0.59177303,-0.048992705,56.46497,0.5922375,0.8057413,-0.005983401,25.553886,0.04301628,-0.024200985,0.99878174,3.6686072
0.80090046,-0.5966899,-0.050206225,57.32955,0.5971332,0.802109,-0.007295966,26.213251,0.04462431,-0.024136469,0.9987127,3.7234235
0.79685175,-0.60193586,-0.051976655,58.180717,0.6023284,0.79819185,-0.00950571,26.864986,0.04720919,-0.023732383,0.9986036,3.7830117
0.7928385,-0.60719335,-0.05219625,59.025993,0.6075518,0.7942105,-0.0105195865,27.518425,0.04784225,-0.0233716,0.99858195,3.8384824
0.78817964,-0.613327,-0.05102895,59.888634,0.6136437,0.7895058,-0.011051137,28.189207,0.04706563,-0.022603324,0.99863654,3.8990448
0.783578,-0.6192263,-0.050651256,60.725876,0.6195545,0.78487897,-0.010830547,28.855593,0.046461686,-0.022894647,0.99865824,3.9554322
0.7782504,-0.62589014,-0.050883338,61.578644,0.62618345,0.77958465,-0.011928134,29.553455,0.047133587,-0.02257924,0.9986339,4.019585
0.7727126,-0.6326829,-0.05127256,62.42051,0.63292783,0.7740954,-0.013374803,30.239473,0.048151877,-0.022116961,0.9985958,4.078727
0.76734054,-0.6391665,-0.051536735,63.24727,0.63936406,0.76876366,-0.014710394,30.936438,0.049021974,-0.021662865,0.9985634,4.1397333
0.76147485,-0.6461048,-0.05201699,64.08853,0.64626014,0.7629489,-0.016037276,31.652727,0.05004808,-0.021404533,0.99851805,4.2021465
0.7556228,-0.6529426,-0.05197348,64.91251,0.65299463,0.7571412,-0.018320683,32.374657,0.05131363,-0.020094886,0.998481,4.2652392
0.7494649,-0.6600285,-0.051630348,65.74781,0.6600467,0.75098133,-0.019122519,33.1065,0.05139485,-0.0197468,0.9984837,4.3287897
0.743364,-0.66700935,-0.05009508,66.57379,0.6670045,0.74480486,-0.019259574,33.85362,0.050157394,-0.01909679,0.9985593,4.3898997
0.73722196,-0.67390853,-0.048497595,67.37971,0.67384416,0.73859954,-0.020125603,34.595562,0.049383137,-0.0178428,0.99862105,4.4562435
0.7308004,-0.680895,-0.04810235,68.205284,0.68075186,0.7321889,-0.021833232,35.369995,0.05008616,-0.016790042,0.9986043,4.522823
0.7242835,-0.687762,-0.048966497,69.0207,0.6875694,0.7257432,-0.023356881,36.149376,0.051601093,-0.016750868,0.9985278,4.591699
0.718631,-0.6936039,-0.04983986,69.82177,0.69344795,0.72013426,-0.023173478,36.929432,0.05196462,-0.017908178,0.99848896,4.651934
0.7129612,-0.6994927,-0.048962027,70.63667,0.69934136,0.7144175,-0.023015013,37.73214,0.051078178,-0.017832369,0.9985361,4.7159224
0.7082819,-0.7041935,-0.049491484,71.43645,0.70407987,0.70975953,-0.022657633,38.538914,0.051082425,-0.018797975,0.9985182,4.780617
0.70331603,-0.70909834,-0.050270647,72.24178,0.70898354,0.7048445,-0.023173738,39.359585,0.051865462,-0.019342605,0.99846745,4.8493533
0.6982067,-0.71401674,-0.0518517,73.0406,0.7138393,0.6998584,-0.025141917,40.18798,0.054240614,-0.019459533,0.998339,4.920393
0.69313955,-0.7187921,-0.053820744,73.830795,0.7185528,0.6949421,-0.027162967,41.01226,0.05692684,-0.019845327,0.9981818,4.9911275
0.6881466,-0.7235053,-0.05473146,74.62995,0.723254,0.6900183,-0.027910039,41.85704,0.057958778,-0.020378556,0.9981117,5.062532
0.6833426,-0.72814757,-0.053340867,75.42156,0.72789115,0.6851323,-0.02772607,42.703182,0.056734234,-0.01987995,0.9981921,5.1351
0.6784075,-0.732835,-0.0521283,76.20244,0.7325616,0.68013245,-0.02781839,43.562904,0.05584045,-0.019314995,0.9982535,5.208834
0.6734122,-0.73746216,-0.05164118,76.99287,0.73714566,0.6751274,-0.028630877,44.428333,0.055978578,-0.018786702,0.99825585,5.2849455
0.6690082,-0.74149156,-0.05118238,77.77238,0.74112266,0.67071736,-0.029594617,45.303936,0.056273088,-0.018133393,0.99825144,5.354761
0.66466624,-0.7454377,-0.050427057,78.56297,0.74502754,0.6663471,-0.03026552,46.19004,0.056162994,-0.01745309,0.9982698,5.4311886
0.66075546,-0.7489864,-0.049223747,79.34486,0.7485037,0.66238934,-0.03135463,47.083652,0.05608949,-0.016126424,0.9982962,5.504067
0.65724754,-0.7521635,-0.047719378,80.11826,0.7515128,0.65883905,-0.034060907,47.975155,0.057058774,-0.01347529,0.99828064,5.5809126
0.65258884,-0.7562486,-0.047088366,80.898994,0.7553478,0.6542001,-0.03837432,48.877495,0.05982575,-0.010525452,0.9981541,5.662936
0.6479093,-0.7603764,-0.0451972,81.67967,0.7592094,0.64944863,-0.042640325,49.782578,0.061775964,-0.0066870903,0.99806845,5.738334
0.64190495,-0.7657027,-0.040729895,82.45144,0.7642819,0.64319396,-0.046640847,50.694656,0.061910253,-0.0011901478,0.99808186,5.8218217
0.63373786,-0.7726697,-0.036869377,83.22333,0.77104,0.63479936,-0.05027665,51.623127,0.06225191,0.0034344352,0.9980554,5.9083223
0.6250461,-0.7798616,-0.033686593,83.98759,0.77817297,0.62592286,-0.05165316,52.56431,0.061367538,0.006071591,0.9980976,5.9939985
0.6160902,-0.78707415,-0.030801173,84.739525,0.78547627,0.61681926,-0.050612837,53.53461,0.05883482,0.0069884663,0.9982441,6.0696726
0.6070955,-0.7940514,-0.03031379,85.47907,0.79247564,0.60781527,-0.05043364,54.503403,0.058472097,0.0065950803,0.99826807,6.1553636
0.59776306,-0.80102426,-0.03226074,86.207085,0.79938614,0.59861165,-0.0514426,55.475063,0.06051844,0.004961685,0.99815553,6.2309585
0.58753604,-0.80857027,-0.031886782,86.92659,0.8067832,0.58836895,-0.054067336,56.472496,0.062478445,0.006040776,0.9980288,6.319464
0.57804644,-0.81535643,-0.03251855,87.64752,0.8134871,0.57893246,-0.055465084,57.481915,0.06404987,0.005607959,0.9979317,6.397211
0.56857336,-0.8221328,-0.02869215,88.345924,0.8202272,0.56923026,-0.056609362,58.486263,0.06287287,0.008652477,0.99798477,6.4855595
0.55799073,-0.8294142,-0.02683026,89.04595,0.8275401,0.55855674,-0.056499418,59.52516,0.061847653,0.009323017,0.9980428,6.571613
0.54753405,-0.83638513,-0.025844738,89.73463,0.8344778,0.5480551,-0.057297543,60.570328,0.062087163,0.009805476,0.99802333,6.6600237
0.53778166,-0.84266686,-0.026551511,90.4042,0.8406968,0.5383602,-0.058290426,61.61494,0.0634137,0.009025732,0.99794734,6.7463055
0.5276051,-0.84904075,-0.02764377,91.061066,0.8470297,0.52827233,-0.058904044,62.68116,0.06461539,0.007662959,0.99788165,6.832397
0.5177244,-0.8550726,-0.028530225,91.70511,0.85299426,0.5184656,-0.059957333,63.751465,0.06605983,0.006705229,0.99779403,6.923165
0.5079163,-0.8609197,-0.028982887,92.340065,0.85883737,0.50871027,-0.06010717,64.84414,0.06649136,0.0056377966,0.997772,7.0150394
0.49934983,-0.8659407,-0.028250895,92.960205,0.8639815,0.5001247,-0.05841124,65.93072,0.06470965,0.0047593648,0.99789375,7.1034284
0.4917033,-0.87038285,-0.025751512,93.585014,0.8685358,0.49234393,-0.056951944,67.02983,0.0622486,0.0056373216,0.99804574,7.1928906
0.48390362,-0.8747533,-0.025408057,94.199455,0.8729057,0.48453864,-0.057083152,68.144226,0.062244866,0.0054438775,0.99804705,7.283886
0.47633916,-0.87891644,-0.024667008,94.80844,0.8768971,0.47692618,-0.059946094,69.27137,0.064451955,0.0069242166,0.9978978,7.3762846
0.46987426,-0.882422,-0.02347775,95.39757,0.88020027,0.47037256,-0.06322753,70.38531,0.06683665,0.009043837,0.997724,7.470216
0.46329987,-0.8859025,-0.023055242,95.98895,0.883484,0.46375757,-0.06622364,71.50687,0.069359735,0.010312436,0.99753946,7.5635138
0.45838714,-0.8884655,-0.022623539,96.56986,0.8858111,0.4587902,-0.06964865,72.62581,0.07225989,0.011885833,0.9973161,7.665922
0.45342958,-0.89104503,-0.021021692,97.145134,0.8883781,0.45372596,-0.07012765,73.74233,0.07202499,0.013122711,0.99731755,7.769583
0.4495342,-0.89309764,-0.017237905,97.71258,0.8906161,0.44960207,-0.06827619,74.864006,0.06872751,0.015340095,0.9975186,7.8673654
0.44619885,-0.89485806,-0.011710337,98.283844,0.89256966,0.44593135,-0.06682373,75.99017,0.065019764,0.019364346,0.9976972,7.968643
0.44293112,-0.89650595,-0.009521534,98.831604,0.89429396,0.44254154,-0.06630311,77.1128,0.06365481,0.020852627,0.99775517,8.062985
0.44011852,-0.89790267,-0.008253225,99.384735,0.895732,0.43966082,-0.06605602,78.22487,0.0629405,0.021679766,0.9977829,8.157521
0.43802473,-0.89894503,-0.0058144657,99.92542,0.8968917,0.43744397,-0.06503063,79.348694,0.061002467,0.023270044,0.99786747,8.250596
0.43561158,-0.9001294,-0.0033686804,100.4638,0.89817804,0.434907,-0.064288504,80.4553,0.059333034,0.024979107,0.99792683,8.337332
0.43372774,-0.901044,-0.0013081715,100.99627,0.89909846,0.43288487,-0.0650657,81.56816,0.05919334,0.027044585,0.99788135,8.4300375
0.43124837,-0.9022341,0.0006142649,101.52726,0.90033644,0.4302962,-0.06511832,82.66562,0.058487643,0.028635176,0.9978786,8.517658
0.42928776,-0.90315664,0.0046781152,102.05427,0.90141875,0.4281271,-0.06443943,83.76577,0.056196067,0.03187996,0.9979119,8.602865
0.42756996,-0.90395063,0.0076778973,102.57361,0.90233386,0.4262608,-0.0640021,84.86423,0.054581944,0.034293365,0.9979214,8.688425
0.42597175,-0.90469456,0.0088081,103.08477,0.9030828,0.42458317,-0.06458815,85.94404,0.054692775,0.035467137,0.9978743,8.772275
0.42492604,-0.9051823,0.009202662,103.59362,0.9035369,0.42348763,-0.06542398,87.02962,0.05532341,0.03611526,0.9978163,8.853658
0.4246919,-0.90529376,0.00904493,104.092476,0.9035736,0.42321813,-0.06664972,88.10343,0.056509588,0.03647832,0.99773663,8.937791
0.4247901,-0.9052597,0.0077495156,104.5875,0.90345794,0.42336792,-0.06726365,89.1659,0.057610158,0.035574254,0.99770635,9.022398
0.42676488,-0.90434337,0.006062484,105.07995,0.9024828,0.42543474,-0.067313224,90.21987,0.058295056,0.034198165,0.9977147,9.105804
0.42990354,-0.9028674,0.003923715,105.56615,0.9009372,0.42869088,-0.06735936,91.25965,0.05913448,0.032493006,0.99772227,9.191942
0.4350423,-0.90040773,0.0024504086,106.04624,0.8984018,0.43388724,-0.06794931,92.28503,0.06011886,0.03176223,0.997687,9.276784
0.4409473,-0.89753336,0.0010990679,106.52769,0.8954965,0.43986252,-0.06788316,93.295456,0.060443945,0.030917061,0.9976939,9.360636
0.4478049,-0.8941323,-0.00016898115,107.02033,0.8921259,0.4468117,-0.06687173,94.29372,0.059867654,0.029794687,0.9977628,9.44169
0.45570648,-0.890131,-0.0005232331,107.51956,0.8881604,0.4547356,-0.0662397,95.29569,0.059199918,0.029721096,0.9978049,9.51937
0.46454048,-0.8855508,-0.0019842952,108.02899,0.8836085,0.4636667,-0.065195054,96.278175,0.058653552,0.02853235,0.9978719,9.600643
0.47379786,-0.8806296,-0.0030174113,108.549416,0.8786905,0.47297558,-0.064794846,97.253555,0.05848739,0.028048236,0.99789536,9.674971
0.48354092,-0.8753102,-0.0047194045,109.07662,0.87330306,0.4827832,-0.06529547,98.21946,0.05943221,0.02745151,0.99785614,9.752709
0.49374756,-0.86957043,-0.007915187,109.59559,0.86740327,0.49312276,-0.066655636,99.17285,0.061864898,0.026045348,0.99774593,9.83427
0.5052182,-0.86291564,-0.011544426,110.1333,0.8606571,0.5047883,-0.06677983,100.101074,0.06345282,0.023802547,0.99770224,9.915102
0.51735413,-0.85565823,-0.013987489,110.6917,0.85345405,0.5170849,-0.06512112,101.051575,0.06295411,0.021752952,0.9977806,9.993778
0.53011763,-0.8477906,-0.015109502,111.253685,0.8457158,0.5299369,-0.06271381,101.98245,0.061175235,0.020467302,0.9979184,10.074661
0.542143,-0.8401408,-0.015691534,111.84141,0.8381815,0.54201037,-0.06064549,102.891975,0.0594557,0.019726127,0.9980373,10.1488905
0.55392116,-0.8324107,-0.016298436,112.42932,0.83050644,0.5538188,-0.059540115,103.78946,0.05858818,0.019444525,0.9980941,10.22571
0.56524104,-0.82474345,-0.017398668,113.03367,0.82282084,0.5651778,-0.059508502,104.6799,0.05891256,0.019320613,0.9980774,10.302137
0.57624555,-0.817083,-0.017842742,113.626434,0.8150757,0.5761566,-0.060798906,105.55259,0.05995794,0.020491865,0.99799186,10.378809
0.5872051,-0.80925184,-0.017421898,114.24081,0.80715805,0.5870284,-0.062408786,106.403244,0.060731556,0.022584483,0.9978999,10.454505
0.5979722,-0.80131006,-0.018256677,114.86006,0.7992525,0.59783775,-0.06153629,107.23689,0.060224164,0.022205245,0.99793917,10.534611
0.6083492,-0.7934696,-0.017862838,115.47627,0.7915068,0.6081968,-0.060123686,108.04485,0.058570422,0.022437584,0.99803245,10.604411
0.61827385,-0.78579843,-0.016127042,116.09531,0.78400666,0.6180506,-0.0578643,108.84953,0.05543699,0.023132224,0.9981955,10.67421
0.6283771,-0.777735,-0.016502563,116.73615,0.7760084,0.6281814,-0.05657016,109.64651,0.054363184,0.022741213,0.9982636,10.746537
0.6379957,-0.76977926,-0.02007649,117.36197,0.76806796,0.638009,-0.054928325,110.42982,0.055091657,0.019623877,0.99828976,10.818287
0.647441,-0.7617986,-0.022017673,118.013535,0.7600625,0.6475452,-0.054692503,111.19567,0.055922102,0.018675312,0.99826175,10.887102
0.6566622,-0.7538648,-0.02201188,118.6554,0.75213856,0.65674865,-0.05449736,111.943535,0.055539906,0.019230321,0.99827254,10.955721
0.66576344,-0.74584377,-0.02186578,119.31311,0.74423116,0.6658605,-0.052449055,112.690926,0.05367835,0.018645415,0.9983855,11.023158
0.67438024,-0.73808426,-0.02109391,119.960464,0.7365722,0.6744494,-0.050798595,113.40154,0.051720403,0.018720323,0.9984875,11.083425
0.6823914,-0.7306906,-0.020863356,120.60808,0.72923267,0.68245107,-0.04981223,114.095764,0.05063553,0.018777136,0.9985421,11.150716
0.6902227,-0.72327393,-0.0216694,121.26957,0.7218376,0.6903212,-0.04907328,114.80461,0.050452255,0.01822964,0.9985615,11.21144
0.6974542,-0.7162943,-0.021961765,121.92461,0.71492267,0.6975786,-0.04765159,115.47879,0.0494526,0.01753377,0.998624,11.275393
0.704572,-0.7093198,-0.021116555,122.58297,0.70808005,0.704685,-0.04519614,116.15057,0.04693902,0.016891655,0.99875635,11.331929
0.711871,-0.7020142,-0.020444902,123.23929,0.70090157,0.7119834,-0.042633995,116.81774,0.044486087,0.016019972,0.99888295,11.389907
0.7193426,-0.69435775,-0.020392362,123.89828,0.69331545,0.7194664,-0.04102054,117.458145,0.043154538,0.015369408,0.99895155,11.441887
0.7267295,-0.6866143,-0.02067077,124.55966,0.6856046,0.7268678,-0.040129427,118.0959,0.042578347,0.014991193,0.998982,11.50599
0.73454136,-0.67821395,-0.02184309,125.21155,0.67731196,0.7347591,-0.037126575,118.701355,0.041229166,0.012476347,0.99907315,11.549883
0.7433578,-0.66857654,-0.020663718,125.86136,0.667798,0.74355173,-0.0343157,119.2989,0.03830721,0.011709586,0.99919873,11.599911
0.7526992,-0.6580602,-0.020077512,126.52344,0.6574173,0.7529005,-0.03073069,119.89118,0.035339005,0.009931595,0.99932736,11.642031
0.7625348,-0.6466225,-0.020555126,127.174286,0.646063,0.7627674,-0.028098263,120.44932,0.03384774,0.008145928,0.99939513,11.690747
0.7723075,-0.63486,-0.02228267,127.83503,0.63430905,0.7725964,-0.027349103,121.006294,0.03457835,0.006987752,0.9993789,11.7320595
0.782189,-0.62259215,-0.023705205,128.49582,0.62200886,0.78251565,-0.027847089,121.53736,0.03588706,0.007036772,0.9993324,11.775392
0.7920774,-0.60995764,-0.023826187,129.17279,0.6093914,0.7924037,-0.02719738,122.05822,0.035469197,0.007022887,0.99934745,11.820281
0.80205375,-0.5967992,-0.023307955,129.84683,0.59628814,0.80236435,-0.025557298,122.56609,0.03395403,0.0066,0.999403,11.850204
0.81194144,-0.58333844,-0.0216848,130.52718,0.5829017,0.8122048,-0.023459446,123.059944,0.03129728,0.0064075193,0.999491,11.887648
0.8214205,-0.56998026,-0.019840984,131.22374,0.5695988,0.821632,-0.021892857,123.54727,0.028780472,0.00668177,0.9995648,11.925509
0.8305426,-0.55668455,-0.017436987,131.92485,0.556361,0.8306941,-0.020273298,124.02032,0.025770623,0.0071365074,0.99964386,11.961346
0.83871394,-0.544349,-0.015684534,132.63208,0.54405355,0.83882236,-0.01959868,124.47522,0.02382505,0.007904386,0.99968636,11.987888
0.84591734,-0.5331362,-0.013880695,133.34866,0.5328551,0.8459804,-0.019591937,124.92633,0.022187961,0.0091766855,0.9997131,12.020311
0.8524898,-0.522575,-0.013393982,134.06569,0.5222999,0.8525397,-0.019496629,125.37217,0.021607347,0.009624928,0.9997216,12.053688
0.8592632,-0.5113522,-0.013734862,134.78697,0.5110955,0.85932654,-0.018451793,125.81335,0.02123809,0.008835044,0.99973685,12.074861
0.8657248,-0.50032574,-0.0140607245,135.52763,0.50009984,0.86580527,-0.016807005,126.24751,0.020582821,0.0075183986,0.99976134,12.102904
0.8718915,-0.4894994,-0.014090606,136.26663,0.48929727,0.8719787,-0.015569636,126.665794,0.019908031,0.006680462,0.99978095,12.120487
0.87761056,-0.4791764,-0.013880766,137.01685,0.47896555,0.8776879,-0.016033236,127.07947,0.019865725,0.007422452,0.99977654,12.151412
0.88279474,-0.46954882,-0.014157418,137.77834,0.46931738,0.88286835,-0.016904932,127.493454,0.020436823,0.008279183,0.99975836,12.178025
0.8871078,-0.4613356,-0.014571245,138.54665,0.46108913,0.8871833,-0.017428318,127.885765,0.020967664,0.0087420745,0.9997434,12.2057905
0.8904696,-0.45482367,-0.014228356,139.3233,0.4545944,0.89054245,-0.016711257,128.2906,0.020271627,0.008412656,0.99976057,12.227912
0.89371663,-0.44848573,-0.011588194,140.11115,0.4483114,0.8937536,-0.014919791,128.69487,0.017048301,0.008138866,0.99982303,12.254375
0.8969381,-0.44207093,-0.008863759,140.90851,0.44197294,0.89696044,-0.011094388,129.09215,0.012854948,0.006033358,0.99990064,12.273451
0.9000323,-0.4357685,-0.00713466,141.72142,0.43571293,0.90004957,-0.008142736,129.49614,0.009969898,0.0042199837,0.9999429,12.289441
0.9034313,-0.42869547,-0.0059394147,142.54964,0.42866698,0.90344644,-0.0055122282,129.89241,0.0077290144,0.0024338122,0.9999687,12.307205
0.90657294,-0.42203072,-0.004332309,143.38947,0.4220187,0.9065812,-0.0034452416,130.2966,0.0053815944,0.0012949723,0.99998623,12.312751
0.9098336,-0.4149724,-0.0019537297,144.24315,0.41496828,0.9098338,-0.0022217103,130.69836,0.0026995263,0.001210576,0.99999714,12.3282995
0.9132634,-0.40737337,0.00042624967,145.11014,0.40737352,0.9132603,-0.0019015428,131.08444,0.0003853715,0.0019101768,0.99999964,12.341606
0.9166914,-0.39959693,0.001537471,146.00003,0.3995996,0.91668797,-0.0021203835,131.47604,-0.0005620706,0.0025580344,0.99999815,12.351896
0.9202651,-0.3912957,0.0017459629,146.90025,0.39129943,0.9202598,-0.0027962115,131.86153,-0.0005125815,0.003256374,0.9999962,12.341749
0.92419267,-0.38192257,0.0024909002,147.81564,0.38193074,0.9241772,-0.0051404703,132.24388,-0.00033875855,0.005702059,0.99998534,12.368805
0.9280447,-0.37246865,0.0018157408,148.74065,0.3724724,0.92802,-0.0066472967,132.62007,0.0007908792,0.0068452237,0.9999779,12.365069
0.9327185,-0.36060956,0.00025389582,149.68745,0.3606014,0.9326905,-0.007488837,132.99179,0.0024637533,0.007076454,0.9999736,12.381562
0.93759274,-0.34773684,-0.0014384689,150.64597,0.34772378,0.93757975,-0.005777199,133.36366,0.0033576381,0.0049163923,0.99998397,12.385358
0.9434948,-0.33138877,-0.0014999891,151.63098,0.33138514,0.94349325,-0.0023373403,133.72102,0.0021898136,0.0017081182,0.99999785,12.392217
0.9497443,-0.31303182,0.00035184505,152.62135,0.31303102,0.94974184,0.0017403391,134.05098,-0.0008789247,-0.0015428129,1.0000001,12.393401
0.95599204,-0.29339513,0.0013517672,153.6386,0.29338586,0.9559822,0.0048738373,134.39374,-0.0027222047,-0.004262833,0.999989,12.401934
0.9622484,-0.27217087,0.0020872906,154.67285,0.2721519,0.96223104,0.006771037,134.68965,-0.0038513113,-0.0059474306,0.9999767,12.414001
0.96802723,-0.2508295,0.0033620365,155.72296,0.25079507,0.96800435,0.008393266,134.98053,-0.0053597186,-0.007281797,0.99996096,12.406512
0.9734982,-0.22861633,0.0062630656,156.80206,0.2285546,0.9734873,0.009294968,135.24063,-0.008221967,-0.007617251,0.999939,12.420744
0.978298,-0.20698634,0.009638903,157.87814,0.2068749,0.9783011,0.011438548,135.47717,-0.01179734,-0.009196329,0.99988997,12.406821
0.98272,-0.18457888,0.013974819,158.98833,0.18439429,0.9827596,0.013546466,135.70474,-0.016234243,-0.010735572,0.9998125,12.413499
0.9865945,-0.16227469,0.017364012,160.09622,0.16201308,0.98666644,0.015568899,135.89749,-0.019658888,-0.012547058,0.99973,12.395884
0.98999095,-0.14003205,0.017672496,161.23502,0.13973194,0.99004,0.017234232,136.08482,-0.019909784,-0.014592383,0.99969727,12.384488
0.99289894,-0.11786378,0.016225187,162.39073,0.11758496,0.9929144,0.017210528,136.23051,-0.018138679,-0.015180537,0.99972224,12.373587
0.99519664,-0.096668765,0.015567213,163.54517,0.09639776,0.9951926,0.017337775,136.35332,-0.017168352,-0.015753906,0.9997305,12.3551655
0.99693626,-0.07618013,0.017837593,164.73476,0.07589658,0.99698645,0.01609516,136.46152,-0.019009927,-0.014692089,0.9997134,12.348333
0.9982253,-0.056084193,0.02011266,165.9234,0.055753574,0.99830604,0.016665095,136.53877,-0.021013197,-0.015514215,0.9996609,12.3309145
0.99913377,-0.035661474,0.021532299,167.12172,0.035297163,0.9992312,0.017094795,136.58798,-0.022125328,-0.016320007,0.99962413,12.320224
0.9996318,-0.015099961,0.02262625,168.34831,0.014677839,0.9997174,0.018733848,136.63173,-0.02290269,-0.018394891,0.9995706,12.300192
0.9997093,0.005419622,0.023572179,169.57306,-0.0058722747,0.999799,0.01920287,136.62807,-0.023463324,-0.019335752,0.9995399,12.280546
0.9993826,0.02597611,0.023734575,170.83253,-0.026488435,0.99941725,0.021560406,136.62575,-0.023160644,-0.022175828,0.999488,12.25819
0.99867374,0.046003662,0.023197478,172.07907,-0.046532094,0.99865705,0.022809347,136.58199,-0.022116967,-0.023858562,0.9994729,12.234406
0.9975995,0.0657634,0.021774948,173.34746,-0.06626046,0.99753827,0.022985857,136.51515,-0.020209672,-0.024373535,0.9995009,12.224005
0.9962034,0.08476718,0.019923966,174.62434,-0.08525352,0.9960459,0.025018873,136.42923,-0.017724361,-0.026622511,0.9994907,12.203458
0.9943883,0.104132965,0.018760985,175.91818,-0.104594514,0.9941856,0.025621,136.31648,-0.015983865,-0.027439553,0.99949795,12.188508
0.99223506,0.123286024,0.016549839,177.20876,-0.12368192,0.991993,0.025575792,136.16624,-0.013264141,-0.027424145,0.9995382,12.186254
0.98981357,0.14188305,0.011915945,178.5148,-0.14215916,0.9894761,0.027006438,136.00563,-0.007958742,-0.028425332,0.99956656,12.170059
0.98707885,0.16011935,0.006395319,179.81746,-0.16023678,0.9866668,0.0285378,135.81502,-0.0017405502,-0.029193858,0.9995746,12.184898
0.9840916,0.17766236,0.0019182165,181.14317,-0.17763408,0.98360085,0.031257804,135.59517,0.0036666202,-0.031101312,0.9995119,12.178982
0.9807348,0.19535127,-0.0009244816,182.46875,-0.19521242,0.9801983,0.0332404,135.35655,0.007399773,-0.032419577,0.9994493,12.203177
0.97700024,0.21322908,-0.0027773161,183.79225,-0.21299706,0.97640413,0.0356216,135.08423,0.010307386,-0.034210775,0.9993639,12.216386
0.9730795,0.2304672,-0.002194861,185.13626,-0.23024918,0.97249675,0.035171427,134.78365,0.010240399,-0.033719257,0.99938124,12.24016
0.9687521,0.24802937,-0.0021360524,186.48097,-0.24781276,0.96820354,0.034239672,134.45842,0.0105606215,-0.032640435,0.9994137,12.26208
0.9641077,0.26544115,-0.0064023226,187.81987,-0.26508418,0.9636308,0.03387793,134.10701,0.015162113,-0.03096484,0.9994079,12.305234
0.95964193,0.28105524,-0.00995566,189.16998,-0.28055516,0.95918834,0.035330497,133.73679,0.019479213,-0.031111531,0.99932855,12.337887
0.9544355,0.29828218,-0.00918123,190.51004,-0.29775423,0.9539045,0.037554692,133.33879,0.019959949,-0.033109795,0.99925494,12.359682
0.9488401,0.31566066,-0.008031793,191.87321,-0.3151224,0.94822955,0.03950166,132.91531,0.02008514,-0.034949776,0.9991898,12.403856
0.9428362,0.3331276,-0.009464336,193.21971,-0.33243638,0.94211984,0.043567184,132.46323,0.023430007,-0.037930444,0.99900824,12.433442
0.936324,0.3509413,-0.011884281,194.56815,-0.35011986,0.93564427,0.04458411,131.98033,0.0267659,-0.03758426,0.99893755,12.486168
0.9297721,0.36788356,-0.013753414,195.91872,-0.3669552,0.9291277,0.045470268,131.47423,0.029506475,-0.03723011,0.9988736,12.528642
0.9225552,0.38545465,-0.017897187,197.26538,-0.3843565,0.9220522,0.045735728,130.94049,0.03413122,-0.035314847,0.99879587,12.591067
0.91422176,0.40461087,-0.02219132,198.60234,-0.40322775,0.9137868,0.049020644,130.3804,0.040112454,-0.035867594,0.9985538,12.660542
0.9047411,0.42530152,-0.023790173,199.93506,-0.42370084,0.9042774,0.05255516,129.7889,0.043864734,-0.037468906,0.99833727,12.725702
0.89310753,0.44927517,-0.022684708,201.27693,-0.44756657,0.8925206,0.05561576,129.15868,0.04523338,-0.039517943,0.99819714,12.7943945
0.8802984,0.47392413,-0.021783672,202.59026,-0.4720294,0.8795387,0.0600155,128.49182,0.04760241,-0.042549014,0.99796236,12.876592
0.8664156,0.4988637,-0.021515176,203.89944,-0.49674004,0.86550653,0.06441839,127.78362,0.050757553,-0.045125645,0.9976937,12.958508
0.8518438,0.52336067,-0.02144206,205.18939,-0.52102137,0.850826,0.06807071,127.04333,0.053869028,-0.046813834,0.99745274,13.0511055
0.83690405,0.5469325,-0.021457234,206.45624,-0.5444706,0.8358747,0.06976356,126.26537,0.056091562,-0.04670257,0.9973355,13.1415615
0.8211222,0.5703455,-0.021638045,207.71767,-0.5677777,0.8201185,0.070964225,125.43299,0.05821993,-0.045984704,0.9972469,13.23901
0.805049,0.59271044,-0.024382304,208.94533,-0.5898665,0.80419177,0.07304016,124.5857,0.06289975,-0.044418596,0.99703366,13.34367
0.788785,0.6140593,-0.027448695,210.1511,-0.61088973,0.7880955,0.07563782,123.69307,0.06807833,-0.042893846,0.99676025,13.454633
0.772217,0.6346931,-0.029149326,211.34328,-0.6313172,0.7716617,0.077322595,122.760864,0.07156957,-0.04130735,0.99658275,13.568999
0.756179,0.6536603,-0.03042396,212.52025,-0.6501032,0.755738,0.07891677,121.79794,0.07457734,-0.03989649,0.99641967,13.692403
0.7403873,0.67147064,-0.030948246,213.65926,-0.66783255,0.7400452,0.079591535,120.804344,0.07634652,-0.038260315,0.9963499,13.81822
0.7244905,0.68857265,-0.03138827,214.79048,-0.68488264,0.724254,0.0799619,119.77952,0.0777927,-0.036434356,0.9963065,13.9467125
0.7096057,0.703816,-0.033268575,215.8876,-0.70000386,0.70957434,0.08062799,118.72846,0.080353834,-0.03392595,0.9961918,14.078642
0.6941711,0.71892565,-0.035727207,216.96924,-0.71493185,0.6943847,0.08187988,117.65848,0.083674006,-0.031296123,0.9960046,14.215964
0.67938006,0.73278767,-0.038327195,218.02654,-0.72852707,0.6798315,0.08413904,116.5606,0.087712124,-0.02923998,0.9957196,14.3669815
0.6642976,0.74643487,-0.039341424,219.06297,-0.74194044,0.6648593,0.08653544,115.4321,0.09074962,-0.028296275,0.9954747,14.501485
0.64841485,0.76029646,-0.038877808,220.08105,-0.7557894,0.6490178,0.08694935,114.296104,0.091339715,-0.026995804,0.9954569,14.662071
0.6324978,0.7737029,-0.036529854,221.07889,-0.7691521,0.6329447,0.08824934,113.12739,0.09140019,-0.027720485,0.9954314,14.815752
0.61561865,0.7873933,-0.032087374,222.05608,-0.78288543,0.61573195,0.089254625,111.947556,0.09003576,-0.029826056,0.9954949,14.974042
0.59747577,0.80143714,-0.026930122,222.99481,-0.7970021,0.5972015,0.09022079,110.75116,0.08838904,-0.032441348,0.99556065,15.121345
0.58008677,0.8142399,-0.022733554,223.90579,-0.80981445,0.57949203,0.091604695,109.551094,0.087762155,-0.034728687,0.99553895,15.278121
0.56218,0.8267607,-0.02060353,224.76982,-0.8221293,0.5613886,0.09459413,108.34299,0.08977333,-0.036240138,0.99530566,15.43714
0.5445007,0.8385735,-0.017823644,225.60945,-0.8337008,0.5434236,0.09816154,107.126884,0.09200149,-0.038589414,0.9950139,15.591607
0.5253524,0.8507568,-0.014895247,226.40517,-0.84596235,0.52411264,0.09826287,105.905106,0.091404624,-0.03902179,0.99505204,15.752523
0.5045145,0.8633337,-0.011143719,227.17004,-0.85876226,0.5030965,0.097072944,104.6613,0.08941274,-0.03940488,0.9952179,15.90627
0.48383537,0.8751302,-0.0073917396,227.89987,-0.87084275,0.48226902,0.0951388,103.413055,0.08682368,-0.03959445,0.99543965,16.05682
0.46219862,0.88677084,-0.0037514481,228.60149,-0.8827191,0.4604833,0.093616694,102.16315,0.08474407,-0.039958008,0.9956044,16.206808
0.440501,0.8977524,-0.0019019884,229.25046,-0.8938315,0.43877348,0.092439406,100.90375,0.08382229,-0.039019573,0.9957197,16.34801
0.41969752,0.9076663,7.536262e-05,229.87032,-0.90382785,0.41791555,0.09188982,99.640656,0.08337384,-0.038634025,0.99577236,16.492178
0.39842004,0.91720533,5.946451e-05,230.45343,-0.9133839,0.39675465,0.09120081,98.371994,0.08362632,-0.036390524,0.9958357,16.630186
0.37720546,0.9261316,-0.0006017055,230.99413,-0.92224544,0.3756824,0.091257796,97.11193,0.08474283,-0.033868,0.9958303,16.768316
0.35679623,0.93418336,-0.0014238491,231.49745,-0.93030965,0.35545507,0.09042944,95.8524,0.08498384,-0.030940244,0.99590504,16.90857
0.33542734,0.94206756,-0.0011402963,231.96896,-0.9383184,0.33420035,0.088715896,94.58441,0.0839575,-0.028687757,0.9960595,17.044006
0.3148639,0.9491385,-0.00095312315,232.4202,-0.94538164,0.31370702,0.08856173,93.31961,0.0843564,-0.026983801,0.9960734,17.1758
0.29486936,0.95553964,0.00043098256,232.83469,-0.9514009,0.29355067,0.093091846,92.06899,0.088826485,-0.027859945,0.99566066,17.312723
0.27541804,0.96132594,0.0012006791,233.21724,-0.9564062,0.2738824,0.10137822,90.83882,0.09712872,-0.029069703,0.9948505,17.454018
0.25634158,0.96658164,0.0036009015,233.57632,-0.9609197,0.2544341,0.109080404,89.59019,0.10451898,-0.031421997,0.9940297,17.604355
0.2372955,0.9714119,0.007330837,233.90515,-0.96540993,0.23497698,0.11301051,88.35648,0.10805722,-0.033894125,0.9935701,17.758234
0.21754505,0.9759772,0.012107309,234.20439,-0.96994793,0.21478334,0.11432835,87.12878,0.10898145,-0.036615003,0.9933726,17.911053
0.19828843,0.979995,0.017183732,234.48761,-0.974088,0.19508713,0.11443503,85.89043,0.10879349,-0.03942959,0.9932854,18.06603
0.17885076,0.98364276,0.021519337,234.74109,-0.9778654,0.17530155,0.11423838,84.67358,0.10859744,-0.041474614,0.9932236,18.22211
