09:
  ARE: 0.0010762107906759565
  ATE: 0.015891547312231295
  STD_ARE: 0.0007084455627472234
  STD_ATE: 0.009600282548225198
  nsecs_per_frame: 0.4525438858082578
  rot_err: 2.3571058396552596e-05
  tr_err: 0.005440963308084744
AVG:
  ARE: 0.0010762107906759565
  ATE: 0.015891547312231295
  STD_ARE: 0.0007084455627472234
  STD_ATE: 0.009600282548225198
  nsecs_per_frame: 0.4525438858082578
  rot_err: 2.3571058396552596e-05
  tr_err: 0.005440963308084744
