'10':
  ARE: 0.0013988453279482498
  ATE: 0.0141895457192783
  STD_ARE: 0.0010107915431328295
  STD_ATE: 0.011938696143390942
  nsecs_per_frame: 0.09540879061378904
  rot_err: 9.610603338213796e-05
  tr_err: 0.016449155977507762
AVG:
  ARE: 0.0013988453279482498
  ATE: 0.0141895457192783
  STD_ARE: 0.0010107915431328295
  STD_ATE: 0.011938696143390942
  nsecs_per_frame: 0.09540879061378904
  rot_err: 9.610603338213796e-05
  tr_err: 0.016449155977507762
