0,1,2,3,4,5,6,7,8,9,10,11
0.9999999000017876,-6.986264529124792e-11,4.812787651048422e-10,2.9206219831490188e-08,-6.986271196968152e-11,0.9999999999998093,9.429894922288951e-12,2.0914318887843564e-11,4.812788440347604e-10,9.42989743967087e-12,0.999999999998403,-1.4042202123309977e-10
0.9999956182178581,-0.0013034535149762183,0.0026529414040300193,1.5292928799906644,0.001309366868035291,0.9999966747061558,-0.0022283246206571583,-0.005553064855061482,-0.002650028557609394,0.0022317891884825565,0.9999940070759862,0.02020953112069169
0.9999897566406456,-0.0028219035020357946,0.0035226266458432145,3.0529343351294624,0.0028325654187275236,0.9999914243114695,-0.003025730968918979,-0.005663517645461636,-0.0035140577911721496,0.0030356790801911813,0.9999892190478846,0.039141517130357795
0.9999862621284116,-0.004208881644910153,0.0031158681384363114,4.566965884685654,0.004215614466836794,0.9999887966863644,-0.0021574909573675205,-0.003113935689267106,-0.0031067530516586486,0.0021705978694727024,0.999992841185224,0.05637249259534066
0.9999789610044226,-0.005653398064462301,0.003152154404221761,6.0801689260215745,0.005658347837929701,0.9999828574910611,-0.0015639168800853837,0.006968948048869119,-0.0031432585138968304,0.0015817219452680493,0.9999937815045163,0.06788324078326624
0.9999693803425413,-0.0069375669132881596,0.00359796115475202,7.616172472961495,0.006943625909324538,0.9999744999212539,-0.0016743078582664524,0.018949015300040718,-0.003586253689889974,0.0016992398361137672,0.9999921197362047,0.0777589701009259
0.9999565066131773,-0.008527239423341134,0.0037671048994118088,9.100097440239246,0.008534065109653472,0.9999620417772205,-0.0017996465620924208,0.03230880068968427,-0.0037516175836678546,0.0018317191613072394,0.9999912516096022,0.0887439358132251
0.9999428610850153,-0.010274757316984427,0.002927437113249767,10.600365941572232,0.010285298198248667,0.9999406596874049,-0.003609120130701867,0.045345183924675105,-0.0028901808216506295,0.0036390268665094337,0.9999891792275802,0.09921626151734071
0.9999272930407042,-0.011615209296102092,0.00322638297019218,12.095321447432525,0.011630606598655712,0.9999209021336753,-0.004795927092107768,0.06262263191085683,-0.0031704231936200695,0.004833105661700129,0.9999833048256205,0.10333937647099666
0.9999113405824405,-0.01288601636273272,0.0033332919665854535,13.588530944258295,0.012902079534461602,0.9999050577807606,-0.004841937010312786,0.08285047148694971,-0.003270582605839928,0.0048845167056478156,0.999982701636799,0.10952319916751171
0.999896730251782,-0.014057264272074717,0.0029577721674036404,15.077158730179992,0.014069990227311476,0.9998916666252092,-0.004329622795243845,0.10893498398252548,-0.002896590118669023,0.004370794539827382,0.9999862031230089,0.11800616827544264
0.9998876790487937,-0.014554980047446028,0.0035673856156367163,16.56176368516759,0.01456474589294518,0.9998902802124242,-0.0027274361218400257,0.13997140167865058,-0.003527296728260785,0.0027790898350696707,0.9999899407387826,0.13205572581591893
0.9998780210370103,-0.015021228926594157,0.004260010306396812,18.04432317605613,0.015026297265096678,0.9998864790747802,-0.0011602869307187434,0.17486756728062514,-0.004242098118188465,0.0012241602356779684,0.9999901998882097,0.14491689103827257
0.999865313205771,-0.015613077315622522,0.005054548777019501,19.51810139785325,0.01561396324880226,0.99987815536927,-0.00013546321401537243,0.20837017163327354,-0.0050518182833846435,0.0002143674888119571,0.9999872314249588,0.15824565403496965
0.9998573139432926,-0.01605068222552901,0.00525672122151428,20.99144386663245,0.016051625943244774,0.999871210902468,-0.00013759483641383657,0.24165396733566977,-0.005253837147698626,0.0002219550502382007,0.9999861751542392,0.16545439787193233
0.9998485605766819,-0.016558107161541196,0.0053457643570527765,22.453461300027072,0.01655661220192059,0.9998628753972758,0.0003236837521911342,0.2713108538175815,-0.005350392500332064,-0.00023512719976231795,0.9999856640260423,0.16991208749489617
0.9998445819378443,-0.016608949162714277,0.005908636082672892,23.91060982614748,0.016603311685905765,0.9998616953072541,0.0010017049228856906,0.3018578317727189,-0.005924457658747242,-0.000903445470072334,0.9999820227549018,0.17327439976539558
0.9998373755805877,-0.016601282887628147,0.007039893921621781,25.363013608819802,0.016588058213139505,0.999860540251978,0.0019329692171140803,0.3333883553906487,-0.0070710052508257785,-0.001815876351156676,0.9999732841674343,0.1785030358656666
0.9998439369472532,-0.016535229796641966,0.006208476717392284,26.80403331786771,0.016521472523217146,0.9998609542428598,0.0022603253283436974,0.36372566568542586,-0.006244990389865612,-0.0021573991829425413,0.9999781088098872,0.18168993362725755
0.9998584873038758,-0.016441619626620864,0.003553383058008099,28.23705638432284,0.01643224114985819,0.9998615123404787,0.002651427431678638,0.3940701920079249,-0.003596487004454055,-0.0025926610922126455,0.9999901003556457,0.19102422939106092
0.9998636759241575,-0.016130052252687658,0.0035160259162990855,29.662678676195522,0.016126432727502003,0.999869430740045,0.0010548170460825137,0.4221039883825768,-0.0035325828508339196,-0.0009979714011482941,0.999993193335798,0.20333958689690193
0.9998541884532598,-0.015873445995294846,0.0062904587353487754,31.08439264738458,0.015873144686844438,0.9998740855939621,9.803034605292203e-05,0.44974957789530284,-0.006291223389631587,1.8342816987084506e-06,0.9999802259527786,0.2164428306596608
0.9998454726108603,-0.015691262782877524,0.007919313350482935,32.495907685718386,0.015704173164233046,0.9998754961446651,-0.0015711751084665215,0.4752967573184837,-0.007893674722205087,0.0016952996574414786,0.9999674312444756,0.22586485106377674
0.9998553758557721,-0.015425434659521653,0.007156647662825132,33.89043734193403,0.015444073092829637,0.999877511430189,-0.0025567310391154865,0.5017310022067613,-0.007116334835499384,0.0026668908183014933,0.9999711127140399,0.22965015673758354
0.9998724583320512,-0.015005242372513102,0.00545616831526768,35.2745133666292,0.015018827115706268,0.9998842395889396,-0.002457793194312374,0.5317036600671111,-0.005418657931883057,0.002539427066227489,0.9999821020790105,0.23612176002238155
0.9998873666434024,-0.01437211255549614,0.004299911203597095,36.642273121765115,0.014379372593848722,0.999895298680544,-0.001660537426471783,0.5643005978669942,-0.004275595400543571,0.001722182632699962,0.9999893346760549,0.2443723969752441
0.9999019896464715,-0.013475182518426223,0.0037754417135989126,37.998613484960245,0.013478903135905503,0.9999086855211712,-0.0009625764474330984,0.5933856814009073,-0.0037621262895358113,0.001013370955488903,0.9999924248323591,0.2556581922556672
0.9999138335019441,-0.012343052697482537,0.004459882885819512,39.332966020270774,0.012344963866239048,0.9999237516756186,-0.0004017853219454142,0.6220711785028693,-0.004454585388747987,0.00045680951740779204,0.9999899148224383,0.2674419570552133
0.999919280651052,-0.010763571145840011,0.006744389922608459,40.65703323280937,0.01076206659416274,0.9999421100897244,0.00025960424446399037,0.6472008823245335,-0.006746795357327137,-0.0001869986718594941,0.9999772092592245,0.2791634601848897
0.999927120900172,-0.009104968637308931,0.007920556381221133,41.96038784771428,0.00910789117360292,0.9999585175972617,-0.00033307912494427353,0.6689474504333784,-0.0079171966735672,0.0004051956854020977,0.9999685615025672,0.2889693106943867
0.9999411992480233,-0.0068281293709796095,0.008423241461283823,43.24288303323628,0.0068281796196749565,0.9999767358320765,2.2765561834139382e-05,0.6873274572734867,-0.008423203429601863,3.47529482322362e-05,0.9999644649199008,0.297461761195242
0.9999593993658835,-0.003433234240857053,0.00832297893636821,44.50633182745665,0.003433066071969649,0.9999941707990243,3.444802491364243e-05,0.7021524863158265,-0.00832304978588115,-5.871700140846014e-06,0.9999653298350928,0.30503060085622874
0.9999806960883458,0.0002823229034323049,0.006192205137992254,45.74757684261302,-0.0002775011959885612,0.9999997173201389,-0.0007795297351700693,0.7107003453042141,-0.006192423655978179,0.0007777982795207092,0.9999804865915158,0.31273399142369895
0.9999822683156274,0.003779206030108022,0.004586659525629904,46.980970049388254,-0.0037743326322249022,0.9999923423962306,-0.0010706715951807535,0.7145294417168891,-0.0045906711491883224,0.0010533422443647317,0.9999888892881422,0.3210462488790705
0.9999557630092379,0.00782766399854122,0.005207889243126463,48.20137088865615,-0.007824547129829471,0.999969229853528,-0.0006185274882614646,0.7204756673408275,-0.005212572049519442,0.0005777521480911029,0.9999862071372344,0.32433541414238976
0.9998998825705983,0.01311815338170787,0.005295980065347594,49.41119047635926,-0.013117461840396796,0.9999139573383876,-0.00016552769097765297,0.7198467812415177,-0.005297696591337093,9.604158653841105e-05,0.9999859600910143,0.3292578003039066
0.9997965870845078,0.019696436989745603,0.004317428414611118,50.609417597594835,-0.019702339500736094,0.9998050709916508,0.001327975020719224,0.7151757556366762,-0.004290431605124573,-0.0014127668602312005,0.9999897419238416,0.33206321133772077
0.9996235688136795,0.02711672328015463,0.004158408688011021,51.795346056813145,-0.027128989925084387,0.9996276746881804,0.002921782311537143,0.7035188317356545,-0.00407763129098082,-0.003033496644572444,0.9999870564981408,0.3353909784631251
0.9993536229089209,0.035499648021392,0.005650695580363605,52.97319191318164,-0.03552241901546085,0.9993609525059889,0.0039824947614787295,0.6779175497389587,-0.005505707137563698,-0.004180649028801898,0.9999761245850904,0.3376181225652919
0.9989366803143025,0.04566808227293734,0.006307995567377231,54.13768804086908,-0.0457076601135616,0.9989351940073024,0.006280013083474901,0.6435834846222456,-0.006014483569238777,-0.006561659023258522,0.9999603256783957,0.3395334958729542
0.9982601808001861,0.058574983920621645,0.006747581382505664,55.28623669845553,-0.05863245594451373,0.9982421428348144,0.008660743496657816,0.5985863118204054,-0.0062284186256834255,-0.009041303341244842,0.9999396763649999,0.33756624270804564
0.9972835632861456,0.07325702689971324,0.00766930544175915,56.417897045600704,-0.07333762009112241,0.9972486038182107,0.010816444262048558,0.5368116421504656,-0.006855823830911456,-0.011349520513734555,0.999912032895644,0.33832965471772736
0.9959476771804403,0.08945282153690776,0.009285914685034733,57.537484974474026,-0.08957148383785217,0.9958920832482547,0.01326437310411166,0.4598562099858484,-0.008061234747992595,-0.014042385583928507,0.9998688395713056,0.337746810199763
0.9941900455497686,0.10705977862273774,0.0111461366819873,58.64747995896998,-0.10720731841197803,0.9941435905681315,0.013610352753379715,0.3587391493011609,-0.009623735534309457,-0.014726228585266279,0.9998452638821005,0.3376483081482205
0.9919582675683796,0.12609116915416194,0.010941884876316319,59.73986417022438,-0.12623284567561666,0.9919102217747788,0.013398453119916541,0.23760385027708955,-0.009163943256241532,-0.014671932300068366,0.9998503106568425,0.3371474425555849
0.9891893135440403,0.14630772405301137,0.009924882447951727,60.81668239555082,-0.1464274416903513,0.9891405974579213,0.012649952744606915,0.09691335444310709,-0.00796631954738255,-0.013966479056578303,0.9998706889980395,0.3350816292770939
0.9858927484636552,0.167120309465611,0.009279842586456715,61.879007846372616,-0.16721212937847765,0.9858681301672724,0.010205620028080774,-0.06844552705755323,-0.007443135723088336,-0.011613347734968221,0.9999048213690732,0.33516228759651784
0.9819445297629028,0.1888551443624237,0.01089325137095235,62.9251523335897,-0.1889175798116399,0.9819802090603034,0.005015235640558269,-0.26352504944246613,-0.009749805361088989,-0.006982611198265744,0.9999280611767949,0.33710482729320923
0.9772524300657726,0.21173945596436738,0.012001543078764379,63.954756557309324,-0.21175050288786892,0.9773237297093667,-0.000360248230759112,-0.48270820474685716,-0.01180567599368101,-0.0021892799637243544,0.9999279402248619,0.33710694422562903
0.9718351745064304,0.23542483321090532,0.010553868627846946,64.96494360689077,-0.23537907253343426,0.9718886971265694,-0.00540638232265094,-0.7294444986257034,-0.01152998332778066,0.0027699573306192897,0.9999296283670014,0.3312736398239995
0.9655029129422494,0.26030025534066636,0.006918965415808396,65.95279440692046,-0.2602104396660776,0.965480899682738,-0.011711468045967365,-0.9981541256823958,-0.00972862847687572,0.009507069094564755,0.9999074873750138,0.3244536936457376
0.9581610586084006,0.2861688780008007,0.005886195693207745,66.92432220936634,-0.28605140516599464,0.9580879800498339,-0.015558936029560924,-1.2924093966603831,-0.010091978294408215,0.01322421615696328,0.9998615613417668,0.31442042686787464
0.9496721253564483,0.31315696667372767,0.00744447120413693,67.87969271255324,-0.3129850026055128,0.9495836150522414,-0.01820258804606977,-1.6032322521822284,-0.012769414564674274,0.014956489827134208,0.9998065595913115,0.31082436560402926
0.9401176784359657,0.34072732489249224,0.009143733161715812,68.81836893411646,-0.3404645524835409,0.9399921633054684,-0.02233207081282892,-1.9465259005707614,-0.01620418759360189,0.01788166503950953,0.9997087582585676,0.30397230096529027
0.9294246007213871,0.36894452860776067,0.0070517649915861624,69.73272057857744,-0.36865998466320193,0.9292031872762536,-0.025911646381729703,-2.312462938412214,-0.0161124870073322,0.02148323582428169,0.9996393120023613,0.2958963855996698
0.9174930897515029,0.39774101958554237,0.002918047620787045,70.62237823615422,-0.3975495956288117,0.9172361103127359,-0.025145457493843597,-2.695185221800483,-0.01267791644543032,0.021910723876515544,0.9996794999357637,0.2861400653437438
0.9045113553268872,0.4264285147265322,-0.0042229126260484836,71.4906276081989,-0.4263851378858675,0.904158993350905,-0.026312593287684333,-3.1035711806854462,-0.007402253546614778,0.025600644179707244,0.9996448513222105,0.27779168252642245
0.8904940657227565,0.4549015264008387,-0.009208607820207236,72.34234656646773,-0.45497073726830445,0.8900572307354683,-0.028279536413369798,-3.538650005998217,-0.004668213054743079,0.0293724247182249,0.9995576035417777,0.2724274313003987
0.8749787314524744,0.48410616464503686,-0.007298589792504004,73.17962796982945,-0.48409658460422117,0.8745164538262291,-0.029520826279740977,-3.9986041933782173,-0.00790848017934297,0.029363330129689766,0.9995375147212985,0.2684029625162334
0.8573532212891877,0.5147277009655946,-0.0009088332992418567,74.00485207805572,-0.5145385834682134,0.8569877901616628,-0.028669375601273465,-4.480137053449197,-0.013978068658628332,0.025047430155524075,0.9995884885491519,0.26633370797819544
0.8378427218596007,0.5458972440577923,0.003954257687205936,74.8004921585812,-0.5455809857669326,0.8375654980043351,-0.028730170324933024,-4.986468795099753,-0.018995670340243735,0.02191400603470776,0.9995793801360667,0.2631650195227223
0.8167320494140387,0.5770163776017054,0.0008468492150909526,75.5680047541833,-0.5768442653204724,0.8165226789341836,-0.02326967321267079,-5.512409193586733,-0.014118450828177776,0.018516596474383498,0.9997288716517805,0.25370718926819563
0.794780912778622,0.6068844519642961,-0.0038181989229180953,76.30926285751,-0.6068565663043555,0.7946410293165583,-0.016454650213725306,-6.063116933076851,-0.006951968813068307,0.015394946253481003,0.9998572579048227,0.24232403280515558
0.7723299071801039,0.6351967602399679,-0.005614713025324283,77.02224243204833,-0.635206648703015,0.7722209435270213,-0.013688625438706551,-6.64017941553845,-0.004359169896358997,0.014138637135462486,0.9998905492928774,0.2351102158478848
0.7491868053534259,0.6623456909814325,-0.004156181450005033,77.71495424039068,-0.6623121085958571,0.7490451005291695,-0.016557857018528212,-7.249192454564167,-0.007853855310964244,0.015157621979964269,0.9998542941174074,0.23327899639800875
0.7248672991566937,0.6888836275525989,-0.0026086462862828577,78.3796960831717,-0.6888204096701945,0.7247373427320922,-0.016799298306242213,-7.874585867956095,-0.009682178772408618,0.01397415474437537,0.9998554581112166,0.23531145301797235
0.6995815821346486,0.7145279743677487,-0.005939275171590033,79.00933949248926,-0.7145188554536132,0.6994434720483482,-0.015545480539611536,-8.5150024087698,-0.006953490914888312,0.015119070341933426,0.9998615458170055,0.23296808432239158
0.673419284538197,0.7392146957084574,-0.008247407345707496,79.61793959294161,-0.7392490192374654,0.6733040827420437,-0.013132991675177688,-9.177838988576848,-0.004155080948100377,0.01494090916364654,0.9998797327197619,0.22838250050354175
0.646445890548592,0.7629254335969601,-0.007244407562806736,80.20165630915143,-0.7629514519522329,0.6463656915464668,-0.010786351390912554,-9.859277344500319,-0.003546638152851022,0.01249992922385481,0.9999155179049436,0.22671757230794096
0.6186462023434234,0.7856277400610531,-0.008120865436743034,80.76309439179796,-0.7856650125920727,0.6185741174314969,-0.009819849535901459,-10.56679568504083,-0.0026913825233501228,0.012455297182157482,0.9999187802250818,0.22855065021461268
0.590017260028246,0.8073160679792806,-0.010973418233755035,81.29929567449659,-0.8073834598584576,0.5900147669101282,-0.0038129124211337346,-11.290869633635648,0.003396258319113843,0.011109454706762584,0.999932473061628,0.23113814451461548
0.5599783955784257,0.8283732835348478,-0.01489889974579825,81.82237832015011,-0.8284099383022433,0.560097699376889,0.005244461648589669,-12.028753969753966,0.012689214294139974,0.0094056179240316,0.9998752050446877,0.2523665278895416
0.529135084794304,0.8483374130285469,-0.018432162445309222,82.33506381225591,-0.8482708289608484,0.5293885201604922,0.013575597427909177,-12.790921437483336,0.021274474739382442,0.008452147988017463,0.9997378950452062,0.2859023338223417
0.4975207179311437,0.8672788630846258,-0.01733756179296858,82.8273836523273,-0.8671009960065172,0.4977886012951554,0.018503528974046776,-13.575838712512498,0.024678176998348258,0.005827537321089431,0.9996784807737031,0.32932723391005253
0.4652879473745454,0.8850648083675157,-0.01293632915673457,83.28014455020129,-0.8848897102778874,0.4654572471801602,0.017881278182114588,-14.385688837442794,0.02184740838316616,0.0031272833718342403,0.9997564054452968,0.3672311620354115
0.43256236721986774,0.9015850773911331,-0.005849436181685773,83.71462153598584,-0.9014429265474646,0.43259866949835685,0.01609398661885513,-15.215599470671451,0.017040564684189626,-0.001688713072274345,0.9998533632817778,0.40938311337948424
0.3984878189635016,0.9171734249764475,-0.0006611630609058561,84.1052432722359,-0.9170394643047343,0.39844172994249427,0.0168156402786099,-16.058447625363158,0.01568630252478818,-0.006094514304410882,0.9998583510940061,0.44129444954684494
0.36352636553343565,0.9315612168574815,0.006500897414620818,84.47700949855957,-0.9314484347247194,0.36334568249434096,0.01959006719767936,-16.921575488807466,0.015887277498821725,-0.013176755071247707,0.9997869519722258,0.4725977286186798
0.32793083456409994,0.9446176559250447,0.012602930123987574,84.81101631110117,-0.9445619058837176,0.3276236146958456,0.02157507032223504,-17.800637814960144,0.016251178126122538,-0.01897938075792264,0.9996877507400563,0.4974578857667586
0.291905035089875,0.9562959767226378,0.01701280861189181,85.10741678697462,-0.9563348427009389,0.2915518762831897,0.020520398931338252,-18.699893475492726,0.014663470166578462,-0.02225995284868382,0.999644688626937,0.5229801171513149
0.2557665227233128,0.966552454312195,0.018971808011571178,85.36804004688926,-0.9666308143644408,0.2553957983426542,0.01994447757618998,-19.61438336949034,0.014432074074806718,-0.023439864689995742,0.9996210789340353,0.5547462764637365
0.2199333996231452,0.9753198458473091,0.019508778382927888,85.59602989758172,-0.9754121954783583,0.21957624313265295,0.018899775127108318,-20.545450706136677,0.014149666250734215,-0.023185796336624473,0.9996310572442038,0.6012091800585433
0.18456195560107508,0.9826439139649111,0.01865238808643905,85.78361463810442,-0.9827208126327354,0.18423915397711807,0.017765852572064516,-21.487142989926166,0.01402101662895762,-0.02160899324962124,0.9996681904218088,0.6449419690455361
0.14983838058173823,0.988634772775554,0.01223594052218117,85.93228703347233,-0.9886151444514825,0.1496405433831508,0.015740346395934655,-22.439770942057876,0.01373047200448891,-0.01445514337537069,0.999801176035113,0.6819247501186114
0.11617290662229157,0.9931883421350549,0.008985474590131015,86.04645893555741,-0.9930738618379938,0.11599016485568162,0.018719253463370913,-23.393320689143536,0.01754952522336062,-0.011097909157224948,0.9997844285220286,0.7214191126804235
0.08354227265375952,0.9964637851255862,0.00898442797236135,86.13774189221165,-0.9962285126413493,0.08330369489295415,0.02427424770935198,-24.351982352865228,0.023439980565652448,-0.010978467371413099,0.9996649424532882,0.7537555254167392
0.05397085146002834,0.9985379045346083,0.003045164878527824,86.1921934680124,-0.9981648432579223,0.053866334569562406,0.027662538950428493,-25.314872110085727,0.027458068578211325,-0.004532539558653929,0.9996126239704112,0.8030962235521344
0.028222196810564044,0.9996010338390067,0.001118039372807798,86.21983120689492,-0.9992369072123806,0.028181673963231072,0.027042548967714544,-26.285694636824825,0.027000259754514682,-0.0018803881183766169,0.9996336592262071,0.8446275845962365
0.005680484613041128,0.9999833295607575,0.0010215426876088456,86.23191163497711,-0.9997209126244173,0.005655567824973624,0.0229336735757339,-27.26747758564852,0.02292751999305791,-0.0011515232717294566,0.9997364565619871,0.8911539185768561
-0.013422321780176896,0.9999091624724432,0.0012853971159528731,86.2220889265635,-0.9997180201529978,-0.013444915516485231,0.019568977643372433,-28.251098968241855,0.019584494838075475,-0.0010223657828712191,0.9998076572966639,0.9298236988101799
-0.030005807786827633,0.9995497685412015,-0.00010557465983091277,86.19571223931601,-0.9993008308693614,-0.02999598332942558,0.02231723496720034,-29.230271945187702,0.022304022721665866,0.0007751515192767945,0.9997509511162551,0.9861536539153459
-0.04490826054589854,0.9989889854855735,-0.002091653814951332,86.15037408200253,-0.9986040097317631,-0.04483249246761386,0.027927041567558597,-30.212243518494986,0.027805047198084756,0.0033428914720003153,0.9996077230135142,1.0366670939440144
-0.05704733551643911,0.9983544544421751,-0.005834837500514704,86.09104382026001,-0.9978774107654451,-0.05683429246734713,0.0317885362139453,-31.19839683110959,0.03140461362901965,0.007635916043207782,0.999477557983788,1.0866829066911028
-0.06649031821542663,0.9977236936133064,-0.011246384682664165,86.01802674628381,-0.9971828816403178,-0.06605367617209068,0.03553992937316736,-32.18844932342405,0.03471616970670457,0.01357777766389174,0.9993049043875192,1.1440321524841162
-0.07249510590719709,0.9972673228765092,-0.014229876577494763,85.938240032945,-0.9965901871650733,-0.0718675162693154,0.04053410013835379,-33.17861800160354,0.03940067134814522,0.017119888270353645,0.9990767921765145,1.1974995946144984
-0.07635658663722111,0.9969591349234639,-0.015561663696931427,85.85855924100804,-0.9960852248943688,-0.0755738792776264,0.045856488360476254,-34.16958031313772,0.04454101164098008,0.019002202969522097,0.9988267759148494,1.2572426803324042
-0.07930484411813297,0.9966986904123296,-0.017391224368196987,85.77365242058272,-0.995696888893728,-0.07836200191361348,0.04946698131647346,-35.168237946648716,0.047940884814764294,0.021239367686935733,0.9986243260317481,1.3139369501501603
-0.08210689667022097,0.9964715971205129,-0.017403847002107113,85.6889469392795,-0.9952971688250277,-0.08108451356296399,0.05299755102984197,-36.168949237237314,0.05139938783902107,0.021673471239864114,0.9984429302331865,1.3775935829027677
-0.08458168459631944,0.9962551140790399,-0.01793452852450531,85.60128231623634,-0.9949606337669827,-0.08347178222855704,0.0555498736859586,-37.17164716522456,0.05384484463892508,0.02254266217271617,0.998294846824878,1.4394011866138248
-0.0866523367202023,0.9960663389752774,-0.018529517360443434,85.51021693213391,-0.9945575746905359,-0.08541114604394925,0.0596662654761787,-38.175326570555626,0.05784894010277307,0.023598904917344125,0.9980463827641531,1.5049188257234092
-0.08889353602728069,0.9958203624631977,-0.020970119967462793,85.40796043167822,-0.9942771933504423,-0.08746403911546849,0.061342234350978325,-39.18459473999065,0.05925172901073223,0.026303052209159586,0.9978964951427508,1.5824855058919505
-0.09090248554231532,0.9956337531871148,-0.021219440845796557,85.30584668175729,-0.9941538779746368,-0.08947953386535629,0.06042707980474359,-40.20240785515596,0.05826455606187957,0.026588383964081006,0.997947059407673,1.6638555828804813
-0.09327493727754857,0.995439179118979,-0.020018945926990626,85.20440327761092,-0.9940060613687511,-0.0919514638440798,0.059133266195394295,-41.221472078780316,0.057022807655041155,0.025414624003990176,0.9980493111216298,1.7400445836330258
-0.09533229910138194,0.9952392108873845,-0.020265392688041117,85.09928286623871,-0.9937247661000692,-0.09395129724823953,0.06069741577976622,-42.24054294960023,0.05850450917056653,0.025924664539664816,0.9979503963496227,1.8107846682248625
-0.09776914585327016,0.9950332532352072,-0.018709204629003665,84.9940886775243,-0.9933713603724253,-0.09642943545920656,0.06256750547177817,-43.26290746227435,0.060452644935172835,0.02470237538870086,0.9978653513124777,1.8831162890579787
-0.10034691477464934,0.9948087451823288,-0.01691303555943674,84.88232928251091,-0.9929508094884625,-0.09905287873926014,0.06509321870305003,-44.29202000012494,0.06308003535630284,0.023325739766828363,0.9977358435139104,1.9590297345837302
-0.10281437567199421,0.9945991544905093,-0.014201751211427197,84.76770166065803,-0.9924667563631546,-0.10161674177993188,0.06843772552090453,-45.325018698479994,0.06662499399226424,0.021131166371135615,0.9975543174519267,2.037507531132992
-0.10485491175236035,0.9944347454898127,-0.010249632834612037,84.65369465595961,-0.9919266277141306,-0.1038401454295841,0.07279187502575458,-46.36012717594764,0.07132246005319967,0.0177994852309876,0.9972944571819451,2.116163403056793
-0.10723265111209493,0.9942055571022453,-0.0075207655993529765,84.53512131456846,-0.9914666387116945,-0.10636710132025681,0.07536484073626444,-47.40115283151956,0.07412819920879281,0.01553816906819933,0.9971276524323522,2.1984528760515643
-0.10974577306568635,0.993943525141496,-0.005672975433286629,84.41529178604105,-0.9912885814436295,-0.10903085887407905,0.07388557445702992,-48.446116613942316,0.07281957358425852,0.013732191750186713,0.9972505319397658,2.2795256293700965
-0.11250174767875422,0.9936483338785647,-0.002537283891669354,84.29123577716925,-0.991274991249035,-0.11205573797091896,0.0694067203355922,-49.50225197026194,0.06868157535854241,0.010323535425799417,0.9975851856496737,2.371872486562977
-0.11504185794199467,0.993357828532177,-0.0023824599422545764,84.16166801879496,-0.991096776998612,-0.11461759824330953,0.06774835204537132,-50.55682721328773,0.0670253020184322,0.010155153743047311,0.9976995561853044,2.456536074892241
-0.11692577528570522,0.9931387997940762,-0.0019193385362420857,84.02891611770701,-0.9908580176612013,-0.11652587664413334,0.06798625181340602,-51.61345416609137,0.06729614989711552,0.009851155181425673,0.9976843519298388,2.5389937405045764
-0.1183834059445107,0.9929637464494555,-0.0028900586422445206,83.8931683124331,-0.9905032062163078,-0.11788419614283491,0.07075770560082355,-52.66990355536446,0.06991917298720675,0.01123916840297517,0.997489302087346,2.6178226748594353
-0.11907649977850608,0.9928804270381326,-0.003038999892005064,83.75585649837032,-0.9902234562096691,-0.11853273975522147,0.07353492865589567,-53.72903634683608,0.07265119411409456,0.011765579712094482,0.9972879395337277,2.6994598678493746
-0.11945278556142612,0.9928378052013058,-0.0020359572279643494,83.61822646894771,-0.990083195189498,-0.11896825338658815,0.07471157097066786,-54.79804484352954,0.07393428075264913,0.010940283948616743,0.9972030389480144,2.786257948072937
-0.1190382133721148,0.9928890666215265,0.0010927572676193839,83.48497932599915,-0.9902348882862185,-0.1188003258582545,0.0729464830871014,-55.87154458676872,0.07255760999487836,0.007601342386759543,0.9973352392303695,2.8725365237225113
-0.11896559484120453,0.9928866464613239,0.004833235185861512,83.35278738877022,-0.9902347866265003,-0.1190013875234265,0.0726199727009812,-56.946684912561565,0.07267858318465958,0.0038532515757853966,0.9973479823646312,2.9612516991879456
-0.11876566577784792,0.9928845039376178,0.008663040575270581,83.22276603443329,-0.9901615563258827,-0.11908116618937782,0.0734822093936968,-58.02321719604949,0.07399097047842586,0.0001493587068549969,0.997258831967226,3.047109330443956
-0.11880560834545932,0.9928352146133075,0.012785710333442054,83.09062215067993,-0.990094554588136,-0.11942835187128537,0.07382077265847424,-59.10607333047451,0.07481885642791371,-0.0038887356043163057,0.997189560216745,3.137065948244833
-0.11900090301181622,0.9927596860602417,0.016340505039226884,82.95817978497884,-0.9901059280473886,-0.11988317649300595,0.07292598587014094,-60.19681154292223,0.07435695421597056,-0.007500568311639033,0.9972034795048225,3.2266623645277144
-0.11942555207436006,0.992716237680231,0.015876637210293917,82.81505723523351,-0.9904135716247668,-0.12023614489132174,0.0680009007221191,-61.303122835855994,0.0694145638307528,-0.0076033885653646015,0.9975588969656822,3.3150314247127253
-0.11999348118365699,0.9927038495812365,0.01186386548957129,82.67233749886557,-0.9909247118305209,-0.12049054221949375,0.059582923626144306,-62.40666816466377,0.06057769388512377,-0.004606632187752736,0.9981528234031511,3.3895492065874913
-0.1203226435930739,0.9927145527414976,0.006352433084194569,82.52330012208049,-0.9913023418121408,-0.12049020999969083,0.052930396195367414,-63.51713532821152,0.05331019101507071,7.155372201418046e-05,0.998577953592765,3.4515220122835264
-0.12009074456648142,0.9927605233290039,-0.0021960468504644524,82.3688358832339,-0.9912395236028495,-0.11978368457941517,0.05564109901963125,-64.6188950136631,0.05497525489626452,0.008858800997830658,0.998448429145897,3.5055514179417764
-0.11933587206544559,0.9928237963417513,-0.0077418005546614375,82.21596394402002,-0.9910244909146849,-0.11863922103365727,0.06160495196035152,-65.72290454931148,0.060244396380043766,0.015024009709067592,0.9980705930991034,3.557740518278006
-0.11880271187533548,0.9928622369381028,-0.010517102669042308,82.06946216336655,-0.9907508449407177,-0.11783730240782583,0.0672829731619091,-66.83186429510833,0.06556344001513903,0.018413240725291068,0.9976785142831619,3.619233094636831
-0.11823280428632704,0.9929225664501221,-0.011221030083921973,81.92638207069014,-0.9905674800946267,-0.1171491374482315,0.07107729552592972,-67.94543354339349,0.06925973150091046,0.01951886846196145,0.9974076417345591,3.6885868988545614
-0.1180247922145496,0.9929739941898589,-0.008530777646752053,81.7885028481506,-0.9906365784207154,-0.11714460188281296,0.07011654305294626,-69.0706624747883,0.06862459404445947,0.01672639320308152,0.9975022940973631,3.76039984327109
-0.11754860146238472,0.993042435133622,-0.0070027577407108885,81.64990768304618,-0.9910171529644146,-0.11685024855187155,0.0650452267941715,-70.20359559923068,0.0637744113006349,0.014585847120101154,0.9978577500142569,3.8367700309109503
-0.11720815852712944,0.9930904298847666,-0.005799665728091919,81.51245391242573,-0.9912339477970051,-0.11662650528042984,0.06207663352007695,-71.34050071848664,0.06097132932487776,0.013024724959024831,0.9980544638075599,3.9053663853545064
-0.11700462913191918,0.9931218488587398,-0.004348469360536719,81.3759218761656,-0.9911968814465101,-0.11650251211236023,0.06289477240008881,-72.47305762734631,0.06195558578642978,0.011669180863284124,0.9980106412442802,3.9728521606430767
-0.11687433983259181,0.9931384093952836,-0.004075736274810644,81.23570208796947,-0.990923641686134,-0.11633730509608635,0.06734967801569959,-73.60952747391337,0.06641340352609003,0.011910210658164787,0.9977210449286787,4.041472392834607
-0.11625795578962579,0.9932110155077901,-0.00400368933600576,81.09482453450822,-0.9907247757484846,-0.1156795738619835,0.07129233690009885,-74.74851670478982,0.07034520665866653,0.012254861727562917,0.9974474296516097,4.11489876794386
-0.11587939603975134,0.9932543623237868,-0.00420565664333426,80.95372357783918,-0.9908398335195606,-0.11530004688849614,0.07030076793604183,-75.89949481909042,0.06934165323480733,0.012313558921388352,0.9975169429282479,4.192170120615912
-0.1153284062892587,0.9933072984712752,-0.006322021763831616,80.80988478216355,-0.9914448576793238,-0.11471586200286102,0.06226857394883807,-77.06216893570627,0.061126607625013665,0.013449277845760046,0.9980393682921201,4.270825642746467
-0.11549469515130792,0.9932887014258107,-0.006211558330022278,80.6688674241236,-0.9914772118515189,-0.11490013002068467,0.06140674560599403,-78.22026176054904,0.060280934781507485,0.013250782914101996,0.998093425171993,4.344481270956964
-0.11527588823817833,0.9933267108727092,-0.0036837306051746154,80.53172627113491,-0.9912904086169969,-0.11480028330059826,0.0645304751819045,-79.3778081559497,0.06367697400185332,0.011090468992671822,0.9979088715387768,4.412987445028861
-0.11502381543859773,0.9933588156231373,-0.0028116555070627934,80.39229886505765,-0.9911042715846594,-0.11457105602371713,0.06771808062383126,-80.53893711442149,0.06694623647005409,0.010575843147103378,0.9977004714623151,4.483622913230798
-0.11486114369619893,0.9933795719216121,-0.002011952880409327,80.25232915621858,-0.9911502940783954,-0.11446726134812718,0.06721835640460826,-81.71391297137014,0.06654305429216704,0.009714933547020414,0.9977362050443263,4.562161507555828
-0.11432421595010757,0.9934422393859049,-0.0016104233994283855,80.11428053687015,-0.9914221113730826,-0.11398804776283665,0.0639447710570427,-82.87519204931142,0.0633418869236638,0.008907050749468343,0.9979521637129443,4.641368880661464
-0.1133769011606373,0.9935485015798939,-0.0026807252425997065,79.97381748162077,-0.9916181351110027,-0.11298752767559525,0.06266714833865719,-84.03836112411159,0.061959978337229445,0.009763273674608745,0.9980308288362322,4.7182094386243465
-0.11202544735610886,0.9936964102810852,-0.004219762782999485,79.83248201936279,-0.9917667869359851,-0.11154084194582863,0.0629059438280757,-85.20874939101027,0.06203875015323154,0.011232100317857496,0.9980104893019374,4.791556297344572
-0.11104276884710536,0.9937910462950333,-0.006999611688664485,79.68860007099438,-0.991866538121725,-0.1103814048326551,0.06337763598347325,-86.38368705848178,0.062211512755764156,0.013980316094528551,0.9979650736797603,4.85297711305221
-0.10985095771779176,0.9939247517909415,-0.00681811704327007,79.54813898598705,-0.9920240381192609,-0.10920916405613779,0.06294076557433491,-87.57170221166159,0.06181379668052187,0.013677848945359432,0.9979939217739293,4.921259865290479
-0.1085662229883551,0.9940560012294835,-0.008124749359087573,79.40753725108469,-0.9921221516603215,-0.1078338432918327,0.06376131148553055,-88.7594283492841,0.06250620827832598,0.014983076159065058,0.9979320662801876,4.985116607055033
-0.10750137603874714,0.9941669513772432,-0.008695067309063453,79.26657269700017,-0.9923943733612173,-0.1067739959641069,0.06125807328611908,-89.96908505873748,0.05997236864169432,0.015214273386232586,0.9980840720028538,5.05980242178248
-0.10638861614592043,0.994296388284119,-0.007492701113271288,79.12945155977016,-0.9925407795852104,-0.10574360496383488,0.06067191005982527,-91.18325534132192,0.05953357601400943,0.013891625236259511,0.9981296211097549,5.1345700837219646
-0.10514558218254022,0.9944191026602155,-0.008664860739980717,78.99145734736204,-0.9927046865200079,-0.10443935374322466,0.06024684272378128,-92.39756695536279,0.059005671640525025,0.014936353725567307,0.9981458359257649,5.209180864031095
-0.10346867177114374,0.9946072059788995,-0.007132524800352,78.85664869703272,-0.9928360034717091,-0.102848303731232,0.06081789446737215,-93.61923522559538,0.0597563620411817,0.013374187826901633,0.9981233755023757,5.2855571301544195
-0.10197244800123006,0.9947604091281677,-0.007309891735084227,78.72215603123598,-0.99280773380221,-0.10130344997180515,0.0637993321141184,-94.84145432709556,0.06272454704758462,0.013763106390597716,0.9979359979730352,5.361228534276266
-0.1006945900355634,0.9949014097612304,-0.0056330591820781565,78.59195489659417,-0.9929396813392132,-0.10013607183235541,0.06358778732368069,-96.07105907279663,0.06269952242560597,0.011996246673999334,0.9979603618679187,5.437766380912057
-0.09995327231217277,0.9949905707884509,-0.00178770972962493,78.47918874933121,-0.9931545315673294,-0.09965941053402003,0.06092648588930438,-97.30314171192525,0.06044313275196822,0.007865280041238855,0.9981406628461928,5.5129202820088725
-0.09962914787023575,0.9950243502258765,0.000746608771478928,78.36255259087224,-0.9931026753467016,-0.09948331927929274,0.06204935284345775,-98.53651677774793,0.061814906726603766,0.005440469640689408,0.9980727471495286,5.587301723592388
-0.0997329434917523,0.9950085442616391,0.003365319731637757,78.24585488302777,-0.9930692835774968,-0.09974876015013644,0.06215771428636678,-99.77805624263375,0.062183162962103904,0.0028571815532471385,0.9980606336418887,5.664123307578524
-0.10059949476306178,0.9949089061863415,0.0060064256961528,78.125503064452,-0.9931525089101086,-0.10077867827597091,0.05908972709874245,-101.02463167991317,0.059394236439297116,-2.0891753840059264e-05,0.9982345730390327,5.741975777623904
-0.10172723299837663,0.9947792611877138,0.008116908388121777,78.00493782291258,-0.9931125725304275,-0.10202674434302142,0.05760182647069913,-102.2744557215222,0.05812925371189427,-0.002201328986427385,0.998306577341398,5.819239979873411
-0.10294645961068248,0.9946384750833138,0.009819155559783134,77.87923838677392,-0.9930130628792441,-0.10334072157359304,0.05697013420845838,-103.52253300001985,0.05767942127630091,-0.0038856729652516075,0.9983275811842758,5.893932890382618
-0.10463904517841464,0.9944577091875794,0.010224646724871516,77.74990144781808,-0.9928404395528173,-0.1050532829123306,0.05684787856561981,-104.77252813212314,0.05760696116276787,-0.004202929148520162,0.9983304280907453,5.97087756545317
-0.10692750146559198,0.9942172170336946,0.009931364643746908,77.61486139115912,-0.9926741142358123,-0.10731601091980762,0.055508963929623324,-106.02237981598523,0.05625377491714414,-0.0039231648200421234,0.9984088123854,6.045881720012239
-0.10977067184346846,0.9938705325279918,0.013105449808959198,77.48169178681974,-0.9926119711821522,-0.11029830103215002,0.05055373706562719,-107.2734056427485,0.051689394676997985,-0.007459304681755204,0.9986353728756188,6.120992733584398
-0.1138352624518553,0.9934054351791782,0.013681320949290119,77.34109651306628,-0.9921723011498422,-0.1143840061027234,0.050102657140026055,-108.51548130595832,0.051337195058486405,-0.007870775059755298,0.998650368554579,6.192105512470912
-0.11904624877918143,0.9926804529174694,0.020335346305933512,77.20352028305184,-0.9912576341145614,-0.11999926107289072,0.054849784681769605,-109.7438329077503,0.05688855297076287,-0.013627903662283058,0.9982875098520725,6.2631053763538524
-0.126206659987792,0.9917963710216636,0.02029274487399854,77.05083325425639,-0.9900492953919374,-0.12721516947206835,0.0601547434598121,-110.98139168317877,0.062242829743766805,-0.012498886584351745,0.9979827294598606,6.3376772701644235
-0.13538369306695758,0.9906260849946963,0.018198821014834665,76.88369810800701,-0.9890263107065269,-0.13621592666702895,0.05720240077647071,-112.20591956643948,0.05914517786857638,-0.010254834771427829,0.9981967197339869,6.418778958818903
-0.14642859646113457,0.989040991724999,0.0188828472477771,76.70415379088423,-0.9877507550670601,-0.1472246903094771,0.05170435364811376,-113.43637265999871,0.05391775982624956,-0.011080549829130712,0.998483886770612,6.497953633980024
