'02':
  ARE: 0.0013405937184671828
  ATE: 0.021940576277618896
  STD_ARE: 0.0012245926973241748
  STD_ATE: 0.017100890414626816
  nsecs_per_frame: 0.08946910198091361
  rot_err: 5.5166198416867714e-05
  tr_err: 0.009883539716931358
AVG:
  ARE: 0.0013405937184671828
  ATE: 0.021940576277618896
  STD_ARE: 0.0012245926973241748
  STD_ATE: 0.017100890414626816
  nsecs_per_frame: 0.08946910198091361
  rot_err: 5.5166198416867714e-05
  tr_err: 0.009883539716931358
