0,1,2,3,4,5,6,7,8,9,10,11
1.0,0.0,0.0,0.0,0.0,1.0,0.0,0.0,0.0,0.0,1.0,0.0
0.99986374,0.016500283,-0.00048390776,0.12167657,-0.016499668,0.9998631,0.0012495971,0.023929149,0.00050446024,-0.0012414425,0.9999991,0.0058421954
0.99932474,0.036742687,-0.00016994991,0.26130444,-0.03674174,0.99931705,0.003920164,-0.0036297787,0.00031387125,-0.0039112726,0.9999923,-0.0021189302
0.9979501,0.06397978,0.0014847633,0.42135286,-0.063987315,0.9979341,0.0057494277,-0.013596643,-0.0011138489,-0.0058326484,0.99998236,-0.006680893
0.9952269,0.097498596,0.0041789864,0.59928405,-0.09752074,0.9952184,0.005470157,-0.05562289,-0.0036256723,-0.0058515854,0.9999763,-0.01079117
0.9909131,0.13436337,0.0061388314,0.79956186,-0.13438036,0.99092674,0.0024441232,-0.13047692,-0.005754733,-0.003246852,0.9999781,-0.008653787
0.9846123,0.17461601,0.0069244946,0.98930067,-0.17461623,0.9846363,-0.00057449983,-0.17361955,-0.006918427,-0.0006434694,0.99997586,-0.00092222914
0.97596574,0.21776624,0.008294392,1.2043401,-0.21776713,0.97600037,-0.0008052883,-0.25105426,-0.008270697,-0.0010203121,0.9999653,-0.0060635325
0.96407664,0.26535946,0.011860403,1.4163611,-0.26537377,0.96414554,-0.0003772576,-0.33377805,-0.0115352655,-0.0027837348,0.99992967,-0.01767373
0.9498537,0.31215894,0.01829543,1.6546568,-0.31213826,0.95002806,-0.0040476387,-0.4639337,-0.01864468,-0.0018660385,0.9998246,-0.027013928
0.9325503,0.3602494,0.0238793,1.8740594,-0.360018,0.93284744,-0.013517945,-0.5716573,-0.027145578,0.0040091877,0.99962354,-0.00977638
0.91126764,0.41094017,0.026821924,2.1116414,-0.4105473,0.9116401,-0.019056343,-0.70955324,-0.032282963,0.006353761,0.9994587,-0.009687258
0.88637626,0.46198657,0.03009236,2.3586078,-0.46153662,0.88687474,-0.020907475,-0.88933116,-0.036347132,0.0046431646,0.99932855,-0.015185308
0.8578215,0.5127989,0.034344785,2.579033,-0.51229966,0.8585067,-0.022701915,-1.0463033,-0.04112675,0.0018793736,0.99915236,-0.037898865
0.82578266,0.56280994,0.03644114,2.8196929,-0.56211865,0.8265821,-0.028012903,-1.2689569,-0.04588754,0.0026483287,0.9989433,-0.04093897
0.7900369,0.6119706,0.036519714,3.0407012,-0.61106014,0.79086894,-0.03364239,-1.4762692,-0.04947047,0.0042629885,0.9987667,-0.04549297
0.75206727,0.6580892,0.036240406,3.2644894,-0.6570001,0.7529239,-0.038163073,-1.7237642,-0.052400988,0.004891249,0.9986144,-0.058900088
0.71218693,0.70113945,0.034541536,3.5067883,-0.6999271,0.7130033,-0.04157372,-2.0016084,-0.053777214,0.005431704,0.9985384,-0.072536245
0.67044926,0.74117225,0.034077015,3.7233214,-0.7399087,0.6713033,-0.043439366,-2.2856464,-0.05507208,0.0039100177,0.9984749,-0.08913122
0.6278044,0.77750796,0.036642246,3.9582796,-0.77626306,0.6288723,-0.04399147,-2.619879,-0.057247024,-0.000825976,0.99835986,-0.1188023
0.5860591,0.809383,0.037863575,4.172404,-0.8081462,0.5872655,-0.04493321,-2.946899,-0.05860416,-0.0042657787,0.9982724,-0.13772558
0.54577035,0.8370578,0.03832373,4.387666,-0.835813,0.5470714,-0.046147574,-3.3162484,-0.059594017,-0.006845486,0.99819946,-0.16230552
0.5070569,0.8610574,0.03838207,4.610512,-0.85970396,0.50844175,-0.048950445,-3.734978,-0.061664205,-0.0081765475,0.9980637,-0.17828348
0.4695884,0.8820056,0.039402325,4.810698,-0.880723,0.47109312,-0.048971552,-4.1348233,-0.06175537,-0.011706054,0.99802285,-0.20669743
0.43351677,0.9003445,0.03798177,5.0074625,-0.8991406,0.43497783,-0.048377566,-4.5928416,-0.060077723,-0.0131784575,0.9981069,-0.23687853
0.39971834,0.91600114,0.03415724,5.2114825,-0.9148653,0.40098462,-0.047253113,-5.0954723,-0.05698045,-0.012361323,0.998299,-0.26160955
0.37027657,0.9284405,0.029884217,5.3957047,-0.9273736,0.37132466,-0.045786157,-5.5910664,-0.053606484,-0.010760278,0.9985044,-0.2900594
0.34501344,0.93821204,0.026898308,5.5798078,-0.9372316,0.34591538,-0.04403974,-6.1319976,-0.050623164,-0.010015628,0.9986679,-0.3197614
0.32424247,0.9456516,0.02468813,5.768326,-0.944695,0.3250504,-0.04351557,-6.709009,-0.049175464,-0.009213141,0.99874794,-0.3496176
0.30961543,0.95058227,0.023050826,5.9599886,-0.949595,0.31036296,-0.044092916,-7.2955623,-0.049068075,-0.008237085,0.9987618,-0.38234967
0.29759735,0.9544353,0.022108905,6.1404614,-0.953367,0.29832417,-0.0457609,-7.9087534,-0.050271444,-0.007459562,0.99870807,-0.40532765
0.28694242,0.95766497,0.023268694,6.3392944,-0.95651853,0.2877561,-0.047630068,-8.546113,-0.052309364,-0.008589835,0.9985943,-0.4405997
0.27662057,0.96065897,0.024799023,6.536329,-0.9594442,0.2775447,-0.049352445,-9.211624,-0.054293714,-0.010141362,0.9984738,-0.47778448
0.26571637,0.96371466,0.025465649,6.729405,-0.9624135,0.26671147,-0.05123928,-9.899446,-0.056172032,-0.0108933505,0.99836206,-0.51300853
0.25610158,0.9662852,0.02654174,6.9206133,-0.9648884,0.25719535,-0.053302117,-10.615947,-0.05833147,-0.011959042,0.99822605,-0.54566205
0.24563849,0.9689911,0.026789622,7.1068683,-0.9675098,0.246783,-0.054982796,-11.354077,-0.05988907,-0.012413313,0.99812824,-0.58506507
0.2347871,0.9716671,0.02716197,7.2921224,-0.97011733,0.2359893,-0.056405652,-12.104656,-0.061217457,-0.01310696,0.9980388,-0.6219654
0.22466385,0.97401965,0.028488498,7.471,-0.97232014,0.22600584,-0.05928871,-12.86913,-0.064186946,-0.014379891,0.9978348,-0.6639669
0.21319073,0.9765299,0.030639624,7.6450806,-0.9746442,0.21475114,-0.062856585,-13.647554,-0.06796124,-0.01646227,0.9975527,-0.7122462
0.20047656,0.9792176,0.030689336,7.811118,-0.97708553,0.20213008,-0.06669113,-14.444919,-0.07150838,-0.016616074,0.99730223,-0.7563033
0.18782455,0.9816985,0.031459346,7.9749875,-0.97941595,0.18960653,-0.06923929,-15.231092,-0.07393702,-0.017806925,0.9971045,-0.8010553
0.17350228,0.98433924,0.031194225,8.1130905,-0.9820207,0.17531215,-0.07001028,-16.045147,-0.07438261,-0.018486405,0.99705905,-0.8453481
0.15940505,0.98670745,0.03159636,8.248572,-0.9844734,0.16126408,-0.069328964,-16.83304,-0.07350277,-0.020054363,0.997094,-0.893329
0.14294936,0.98922783,0.031521514,8.36705,-0.98708767,0.14482109,-0.06844889,-17.63303,-0.07227653,-0.021329746,0.9971572,-0.9397625
0.12166217,0.9920415,0.032432426,8.470738,-0.9900537,0.12361468,-0.06718247,-18.461033,-0.07065692,-0.023936251,0.99721414,-0.98670435
0.09667641,0.994696,0.035121433,8.561385,-0.9929144,0.09883287,-0.06598055,-19.26927,-0.06910173,-0.02849379,0.99720335,-1.0348718
0.06673724,0.9970726,0.03731446,8.628275,-0.9954425,0.06908821,-0.06573707,-20.10006,-0.06812261,-0.032757267,0.9971398,-1.0817019
0.0331183,0.99871457,0.03837213,8.650203,-0.9972018,0.035593968,-0.06574191,-20.95083,-0.06702321,-0.036087472,0.9970994,-1.1267034
-0.0006711967,0.9992775,0.037999935,8.659848,-0.9978609,0.0018147938,-0.06535068,-21.787447,-0.065372415,-0.03796249,0.9971394,-1.1678842
-0.03499211,0.9986848,0.037471164,8.624751,-0.9973802,-0.03252196,-0.064618446,-22.649101,-0.06331481,-0.039634105,0.99720716,-1.2073721
-0.0676138,0.99698675,0.03802365,8.578441,-0.9958829,-0.06513438,-0.06305027,-23.470629,-0.060383625,-0.042130142,0.9972866,-1.2449825
-0.10012597,0.9942275,0.038556073,8.493845,-0.99339694,-0.097710475,-0.060132384,-24.310558,-0.05601792,-0.044322267,0.9974464,-1.2910537
-0.13232853,0.99058896,0.034968395,8.380576,-0.9899079,-0.13026795,-0.0557971,-25.170172,-0.05071671,-0.041999005,0.99783057,-1.3235593
-0.16342369,0.98610646,0.02978189,8.24394,-0.9855205,-0.16179481,-0.050720483,-25.985956,-0.04519722,-0.03763955,0.99826974,-1.3466189
-0.19396472,0.98072267,0.023682794,8.081007,-0.98021996,-0.19278438,-0.04476408,-26.830557,-0.039335452,-0.031896953,0.99871784,-1.3682917
-0.22253396,0.9747574,0.018078433,7.8707547,-0.97431844,-0.22170314,-0.039396755,-27.641867,-0.03439421,-0.026381215,0.9990611,-1.3872161
-0.25016156,0.96815324,0.009926301,7.653536,-0.9677583,-0.24972205,-0.032918017,-28.464785,-0.029390845,-0.017841022,0.99940974,-1.4132547
-0.27668306,0.9609447,0.0056366017,7.411241,-0.9607411,-0.27648932,-0.023044603,-29.29187,-0.020586101,-0.011791302,0.9997195,-1.4215648
-0.30180106,0.9533576,0.0050599677,7.149111,-0.9533464,-0.3017507,-0.008836194,-30.051249,-0.006897172,-0.0074906074,0.99994916,-1.4223605
-0.32646292,0.94515544,0.010166684,6.884863,-0.94514906,-0.3265456,0.007877181,-30.830067,0.010765084,-0.0070373574,0.9999183,-1.407139
-0.3516155,0.935991,0.016960284,6.5941887,-0.9357556,-0.35193425,0.022463001,-31.627827,0.026994117,-0.007972274,0.99960476,-1.3886738
-0.37587926,0.92648464,0.018469602,6.2819576,-0.9259029,-0.37630445,0.033159066,-32.393654,0.037671607,-0.004637184,0.99928033,-1.3576447
-0.40000337,0.91634977,0.017335782,5.9474874,-0.91557467,-0.40037835,0.03769483,-33.162003,0.041482564,-0.00079407124,0.99913985,-1.3161016
-0.42250282,0.9062266,0.01564713,5.5986447,-0.9054806,-0.42279053,0.036791652,-33.90813,0.039957073,0.0013764795,0.99920136,-1.2711339
-0.44287345,0.89652085,0.010652638,5.226806,-0.8959177,-0.44297135,0.03329249,-34.65536,0.03456626,0.0052005504,0.9993898,-1.2331063
-0.4614932,0.887139,0.002893425,4.8308926,-0.8866538,-0.46134454,0.03173012,-35.388668,0.02948392,0.012077849,0.99949324,-1.1974797
-0.47533697,0.8798037,-0.0004359472,4.440125,-0.87935084,-0.47507656,0.032325305,-36.106915,0.028232839,0.015748847,0.99947834,-1.1526831
-0.48685548,0.8734815,-0.001322116,4.045026,-0.8729568,-0.48650965,0.0354302,-36.799744,0.030304428,0.018403623,0.9993723,-1.1076053
-0.49678478,0.8678728,-0.0013005359,3.653165,-0.8672679,-0.49638182,0.03810405,-37.499405,0.03242393,0.020057514,0.99927396,-1.0695844
-0.506835,0.86202353,0.0057969093,3.252944,-0.8613291,-0.50667775,0.037287224,-38.1924,0.035079658,0.013905508,0.9992888,-1.0240923
-0.5182586,0.8551918,0.0074112536,2.8406842,-0.8545286,-0.5181675,0.035831448,-38.890236,0.03448306,0.012236909,0.9993314,-1.0023344
-0.52700293,0.849842,0.006032899,2.41568,-0.8491503,-0.5268386,0.0372218,-39.565628,0.034811042,0.014493244,0.9992899,-0.9619407
-0.5342041,0.84534633,0.0039383736,1.9814912,-0.84458697,-0.53391165,0.04014844,-40.25211,0.036042113,0.01812125,0.99918705,-0.91915786
-0.53822577,0.8427847,0.0051931553,1.5419914,-0.84188485,-0.53791815,0.043297585,-40.939995,0.039284073,0.018931922,0.99904984,-0.8863319
-0.5377376,0.8430837,0.0069399187,1.0973963,-0.8420914,-0.5374735,0.044777337,-41.643497,0.041481104,0.018234495,0.99897397,-0.8468665
-0.5349859,0.8448489,0.0045208954,0.64516175,-0.8438633,-0.53460675,0.045726664,-42.358627,0.041049067,0.020648189,0.9989448,-0.80820054
-0.5290895,0.8485486,0.0054416666,0.17864388,-0.84758604,-0.52877593,0.044660356,-43.109295,0.04077395,0.019017128,0.9989885,-0.76677054
-0.52173483,0.85307974,0.006911841,-0.28638047,-0.85213983,-0.5215118,0.04340298,-43.877144,0.040630855,0.016755072,0.99903476,-0.7247905
-0.51485354,0.8572391,0.008182641,-0.7372556,-0.8563012,-0.51469904,0.042822223,-44.650738,0.04092053,0.015040446,0.99905026,-0.6824694
-0.5083131,0.86111253,0.010154413,-1.2071712,-0.860199,-0.5082638,0.04154778,-45.452065,0.040938478,0.012384541,0.99908596,-0.6386372
-0.5032421,0.8640389,0.01357717,-1.6805544,-0.8631802,-0.50336033,0.039357364,-46.270542,0.040840544,0.00808681,0.99913406,-0.5932169
-0.5017373,0.8648437,0.017466381,-2.1528947,-0.8640859,-0.50203145,0.03633916,-47.10093,0.040196408,0.0031403252,0.99918795,-0.5543461
-0.5020445,0.8646293,0.01916952,-2.6350794,-0.8639572,-0.5024101,0.034094363,-47.94822,0.03910999,0.0005553074,0.9992358,-0.5082738
-0.5028331,0.86414534,0.020289032,-3.1284492,-0.8635265,-0.50324124,0.032720067,-48.809456,0.038485214,-0.0010673201,0.99925965,-0.46411154
-0.5034843,0.86377853,0.01975601,-3.6332622,-0.86317474,-0.50387126,0.032305367,-49.681377,0.037859213,-0.00078757876,0.9992839,-0.4186161
-0.5034322,0.863805,0.019925477,-4.1350555,-0.8632299,-0.50382483,0.031547874,-50.548443,0.037290208,-0.0013179872,0.9993048,-0.37164015
-0.503417,0.86383396,0.019033898,-4.6502666,-0.86327577,-0.50377625,0.031065183,-51.43847,0.03642403,-0.00079269736,0.9993373,-0.32957602
-0.5038102,0.86360055,0.019220823,-5.170695,-0.86306167,-0.5041755,0.030531516,-52.332314,0.03605774,-0.0012066027,0.9993502,-0.27545595
-0.5037928,0.86358374,0.020395305,-5.684455,-0.8630995,-0.504197,0.029070985,-53.225174,0.03538852,-0.0029573622,0.99937046,-0.23159593
-0.5039791,0.8634702,0.020600067,-6.2077975,-0.86301005,-0.5043883,0.028401926,-54.12589,0.034914687,-0.003464025,0.9993855,-0.17822906
-0.5033432,0.8638194,0.02148493,-6.7181606,-0.86339325,-0.50378,0.027537188,-55.015285,0.034610875,-0.0046892236,0.999391,-0.1308392
-0.5022069,0.86448514,0.021299103,-7.233246,-0.8641062,-0.50263095,0.02613791,-55.910217,0.03330146,-0.0052779834,0.9994326,-0.07823724
-0.5004445,0.86555713,0.019136406,-7.7429023,-0.8652323,-0.5007905,0.024135489,-56.797466,0.030474013,-0.0044789007,0.9995267,-0.03431066
-0.49817258,0.866897,0.017710822,-8.247708,-0.86660534,-0.49847183,0.022839028,-57.68627,0.028627468,-0.0039704484,0.9995834,0.015344225
-0.4957594,0.8682816,0.017601285,-8.752585,-0.8680048,-0.49605423,0.022328313,-58.584175,0.028118491,-0.0042084614,0.9995969,0.06275753
-0.49362713,0.8695067,0.017044554,-9.260044,-0.86921567,-0.49390873,0.022783684,-59.480885,0.028229056,-0.0035686796,0.9995963,0.10856816
-0.49234104,0.87023216,0.017217435,-9.752562,-0.86992687,-0.49262992,0.023321956,-60.364704,0.028777376,-0.003495483,0.999581,0.15167606
-0.49311072,0.86976266,0.018839823,-10.255229,-0.8694306,-0.49345174,0.024428057,-61.26019,0.030543191,-0.0043341136,0.9995253,0.1995309
-0.4954866,0.86835206,0.021403607,-10.748818,-0.8679811,-0.49591634,0.026016083,-62.13108,0.033205554,-0.005687238,0.99943364,0.24521646
-0.49975732,0.86585313,0.02327013,-11.244689,-0.8654702,-0.50025254,0.026645051,-63.01064,0.034711678,-0.006823477,0.9993754,0.29582664
-0.5057515,0.8623835,0.022600029,-11.754405,-0.8620385,-0.50621223,0.025296552,-63.889786,0.033255775,-0.0066882595,0.9994258,0.33821902
-0.5109202,0.8594305,0.018448176,-12.268555,-0.8591359,-0.51123655,0.022886684,-64.75596,0.02910093,-0.004156152,0.9995691,0.39966956
-0.5164884,0.85605145,0.020399686,-12.774339,-0.8558261,-0.5168475,0.020771688,-65.6099,0.028325194,-0.0067301802,0.9995774,0.44025385
-0.521272,0.85314,0.020689862,-13.2856455,-0.8528483,-0.52165216,0.023017965,-66.456314,0.030430492,-0.0056466223,0.9995222,0.48730668
-0.52624106,0.85005933,0.021675833,-13.805177,-0.8496995,-0.5266626,0.025262268,-67.287796,0.03289031,-0.005123831,0.9994471,0.5299482
-0.53131294,0.8468454,0.023660608,-14.321493,-0.8464881,-0.5317999,0.025448233,-68.13029,0.03413346,-0.0065073776,0.9993974,0.5756448
-0.53468823,0.84466994,0.025331618,-14.8398905,-0.84430665,-0.53523505,0.025895586,-68.95683,0.035431623,-0.00754152,0.99934494,0.6258724
-0.5382238,0.84243983,0.024715539,-15.356639,-0.8421025,-0.5387406,0.024953233,-69.77207,0.03433689,-0.007382526,0.99938434,0.6762238
-0.54099923,0.84081084,0.018909581,-15.892335,-0.8406237,-0.5412987,0.018666288,-70.619354,0.025930572,-0.0057973242,0.99964833,0.7234633
-0.5430618,0.839589,0.013224414,-16.42403,-0.83954334,-0.54319525,0.010336383,-71.42884,0.015861766,-0.005489103,0.9998605,0.7627086
-0.544866,0.8384476,0.011285184,-16.95159,-0.8384293,-0.54495746,0.0076625855,-72.26053,0.012574634,-0.0052866745,0.9999084,0.7932088
-0.5458823,0.8377377,0.014451784,-17.466558,-0.8376577,-0.5460492,0.012685499,-73.058136,0.01851852,-0.0051807878,0.9998165,0.8287598
-0.54705477,0.8369192,0.017261028,-17.98145,-0.83674204,-0.5473073,0.017847372,-73.85216,0.024383914,-0.0046794657,0.9996931,0.86785525
-0.54784185,0.8364813,0.01299913,-18.5146,-0.83616287,-0.5479934,0.023148872,-74.658554,0.026487054,0.001812607,0.9996489,0.89513266
-0.54762495,0.836668,0.00970201,-19.03882,-0.8363415,-0.54768866,0.023893725,-75.44255,0.025304815,0.004970684,0.99966884,0.9366317
-0.5472998,0.83689564,0.008318779,-19.557991,-0.8366394,-0.5473436,0.021221181,-76.23973,0.02231316,0.004654608,0.9997416,0.9757071
-0.5467627,0.8372563,0.0072858385,-20.082167,-0.83710426,-0.5468046,0.01618435,-77.04725,0.017534394,0.0027500687,0.9998439,1.0040778
-0.54577756,0.8379121,0.005551768,-20.595762,-0.8378492,-0.5458052,0.01030409,-77.84111,0.011664116,0.0009722711,0.9999329,1.0308197
-0.54519665,0.83822405,0.011910062,-21.110668,-0.83825475,-0.54526776,0.0035746004,-78.656815,0.009490497,-0.008034737,0.99992406,1.0670009
-0.54382586,0.8389962,0.018428532,-21.596216,-0.8391537,-0.54389256,-0.0016282334,-79.4408,0.008657069,-0.016349783,0.9998302,1.0843128
-0.5419733,0.8402582,0.0152304415,-22.115005,-0.840364,-0.542022,-0.0010951764,-80.250275,0.0073350114,-0.013392606,0.9998848,1.1061864
-0.5390531,0.84220016,0.011030909,-22.62468,-0.8422361,-0.53910506,0.0021832022,-81.03621,0.0077855205,-0.0081137,0.99993813,1.1345038
-0.53385925,0.84549564,0.011510367,-23.110128,-0.8455063,-0.5339392,0.005352714,-81.81546,0.010671543,-0.0068744244,0.99992085,1.1561266
-0.52630144,0.85026896,0.0071071615,-23.604544,-0.85023856,-0.52634525,0.007457604,-82.60447,0.010081801,-0.0021177642,0.9999484,1.1808664
-0.51795805,0.85540646,0.0005267253,-24.113287,-0.85536206,-0.51793754,0.00985506,-83.41598,0.008702903,0.0046540424,0.9999528,1.2142451
-0.5083725,0.8611372,0.0011283512,-24.572796,-0.8610897,-0.5083577,0.009877847,-84.20328,0.009079799,0.004050089,0.9999521,1.2328202
-0.49706188,0.86770904,0.0034148325,-25.045177,-0.86767495,-0.49707296,0.0076985946,-85.030495,0.008377573,0.0008637868,0.999966,1.248982
-0.48580664,0.87406695,0.00020932977,-25.488338,-0.87405604,-0.48580202,0.004798781,-85.83839,0.00429616,0.0021483882,0.99999005,1.2675205
-0.47442845,0.8802948,2.4116278e-05,-25.92458,-0.8802886,-0.47442555,0.003603144,-86.65256,0.0031832813,0.0016882787,0.9999951,1.2896879
-0.4623861,0.8866795,-9.88979e-05,-26.362116,-0.88667554,-0.4623841,0.0028605368,-87.49591,0.002490662,0.0014104365,0.99999756,1.3041033
-0.45031953,0.89286494,-0.0024207055,-26.774841,-0.89286375,-0.45030782,0.0042325035,-88.315186,0.002689004,0.0040674144,0.99998975,1.3239291
-0.4383896,0.89878577,9.002094e-05,-27.17724,-0.89876294,-0.43837953,0.007020274,-89.13778,0.0063492022,0.0029967823,0.999977,1.3476552
-0.42683026,0.90433145,0.0013570816,-27.567852,-0.9041862,-0.42678803,0.017322564,-89.980545,0.01624455,0.0061668167,0.99985063,1.3655998
-0.4140029,0.91026783,0.0039252187,-27.94359,-0.9100207,-0.41398528,0.021891687,-90.813736,0.021552308,0.005491268,0.9997542,1.3968555
-0.40152466,0.9158328,0.0054353187,-28.325764,-0.91565406,-0.40155485,0.018220475,-91.679344,0.018869514,0.0023391729,0.9998208,1.4231759
-0.38994166,0.9208351,0.0031174615,-28.670324,-0.9207278,-0.389945,0.014280328,-92.53554,0.01436549,0.0026982352,0.9998948,1.4599892
-0.37985784,0.92502683,0.0059164325,-29.014877,-0.9249039,-0.37990406,0.015041888,-93.36038,0.016161852,0.00024171942,0.999871,1.4875599
-0.37275237,0.92785084,0.012251062,-29.345766,-0.92764974,-0.37293223,0.019703558,-94.20058,0.02285081,-0.0040200767,0.9997325,1.5146167
-0.36740217,0.92984486,0.020145897,-29.668306,-0.92953604,-0.367837,0.02568078,-95.04874,0.031289585,-0.009291096,0.99946886,1.535863
-0.36385423,0.9311511,0.023862554,-29.990795,-0.93081445,-0.36443532,0.027791271,-95.88133,0.034574267,-0.012099571,0.9993306,1.5752535
-0.36055374,0.93240166,0.0250979,-30.31031,-0.9320938,-0.36117473,0.027476432,-96.71516,0.03468383,-0.0134868,0.99930906,1.6160119
-0.35569033,0.93424857,0.025802815,-30.631708,-0.93396455,-0.35633296,0.027165327,-97.572,0.034573596,-0.014436405,0.99929965,1.6569049
-0.35013393,0.93629664,0.027506437,-30.937046,-0.93618333,-0.35076535,0.022917554,-98.416115,0.031105967,-0.017726794,0.9993606,1.6997086
-0.34489387,0.93830585,0.025141949,-31.253042,-0.93825775,-0.34539562,0.019365845,-99.269135,0.026855037,-0.016910408,0.99949807,1.7396948
-0.33910295,0.94039565,0.02582545,-31.55123,-0.94043714,-0.33957028,0.01645158,-100.126076,0.02424058,-0.018708378,0.9995329,1.7803952
-0.33307615,0.9423936,0.030924294,-31.836567,-0.9425846,-0.3336343,0.014934968,-100.982025,0.024392053,-0.02417423,0.99941194,1.818879
-0.32646668,0.94424844,0.042617634,-32.108036,-0.94480205,-0.32731742,0.014595978,-101.82469,0.027731754,-0.03550008,0.99898666,1.8530135
-0.31965327,0.9466472,0.041020356,-32.395767,-0.947053,-0.3205718,0.018022511,-102.674545,0.030210963,-0.03308745,0.9989976,1.8934227
-0.31274733,0.9489954,0.039983947,-32.676178,-0.94925046,-0.31375617,0.021936705,-103.52521,0.033363078,-0.031094084,0.99896145,1.9377444
-0.30617088,0.9511432,0.039849065,-32.948265,-0.9514372,-0.30713865,0.020826759,-104.37178,0.03204845,-0.031537283,0.99899065,1.9702243
-0.29943094,0.95333004,0.038794562,-33.213745,-0.95374304,-0.30020615,0.015848614,-105.23196,0.026755355,-0.032254424,0.9991236,2.0023408
-0.2924651,0.9555321,0.037745364,-33.46738,-0.9559825,-0.29312626,0.0132329995,-106.08928,0.02370874,-0.032213666,0.9992019,2.0393705
-0.28573173,0.95746326,0.040293925,-33.71697,-0.9579229,-0.28655902,0.016384456,-106.94717,0.027234131,-0.03391686,0.9990557,2.072714
-0.279256,0.9593595,0.04059031,-33.966576,-0.95974624,-0.28019345,0.01948286,-107.806526,0.030064236,-0.03351564,0.99898803,2.1058836
-0.2725258,0.961221,0.042261776,-34.197556,-0.9616478,-0.27353865,0.020271806,-108.66319,0.031045943,-0.035116304,0.99890304,2.1433163
-0.26543877,0.96319956,0.0423209,-34.43774,-0.96367073,-0.26640934,0.019121567,-109.5411,0.029692598,-0.035707757,0.99892324,2.181204
-0.25784996,0.96538436,0.039352056,-34.65585,-0.9657561,-0.25873587,0.01928304,-110.38443,0.028797364,-0.033032306,0.9990415,2.2178884
-0.2500366,0.9675892,0.035428546,-34.879353,-0.96781224,-0.25084352,0.02044838,-111.24855,0.028672682,-0.029175282,0.9991652,2.2612598
-0.2433892,0.9693636,0.033140723,-35.10163,-0.96950406,-0.24415243,0.021276299,-112.12571,0.028715886,-0.026951587,0.99922645,2.2950904
-0.23686902,0.9707858,0.038345516,-35.294468,-0.97111106,-0.23775555,0.020421473,-112.971954,0.028941765,-0.03240048,0.9990581,2.325523
-0.23071267,0.97209823,0.04241686,-35.491898,-0.972624,-0.23164687,0.018536549,-113.841965,0.027845107,-0.036978982,0.99893034,2.3634288
-0.22610779,0.97331196,0.039262995,-35.69989,-0.97371966,-0.22696608,0.01891492,-114.72522,0.027321516,-0.033954278,0.99905217,2.397162
-0.22178577,0.9743705,0.037627023,-35.890102,-0.97472006,-0.22260697,0.019190269,-115.57757,0.027074499,-0.03241963,0.99910986,2.4340353
-0.2171821,0.97543603,0.036864743,-36.084587,-0.9757296,-0.21802205,0.02048058,-116.45496,0.028014854,-0.031521946,0.99911267,2.4718943
-0.21122904,0.97697306,0.030139629,-36.275223,-0.9770959,-0.2118701,0.01990181,-117.314995,0.02582925,-0.025245402,0.99934983,2.4973378
-0.20575757,0.9783404,0.022724854,-36.468796,-0.9783351,-0.20619006,0.018643856,-118.20686,0.022925707,-0.018396338,0.9995702,2.5375292
-0.2012672,0.9793406,0.019643014,-36.657448,-0.9793023,-0.20161787,0.017850835,-119.09048,0.021442462,-0.015643591,0.99965,2.5783405
-0.19697084,0.98015994,0.022164676,-36.825363,-0.9801375,-0.19739912,0.019116934,-119.94683,0.023112973,-0.017958883,0.99957395,2.6081822
-0.1934471,0.9808142,0.024167065,-36.985573,-0.9807867,-0.19395849,0.020955928,-120.80631,0.025241315,-0.0196488,0.9994907,2.6400564
-0.19176622,0.9811269,0.024860194,-37.150143,-0.98112214,-0.1922887,0.02063829,-121.67808,0.025029154,-0.020433089,0.9994803,2.6674814
-0.19036399,0.98139656,0.024991112,-37.31452,-0.98141503,-0.19087312,0.019834483,-122.540825,0.024235664,-0.020750811,0.9994933,2.7020853
-0.18960798,0.98159033,0.023054792,-37.489044,-0.98165673,-0.18999515,0.015918678,-123.42292,0.020005954,-0.019613512,0.9996099,2.7329712
-0.1884804,0.9818525,0.021049794,-37.64479,-0.9819714,-0.18873239,0.010667547,-124.28612,0.014446768,-0.0186596,0.999724,2.7597342
-0.1880999,0.9819817,0.018235527,-37.809395,-0.9820796,-0.18827744,0.00852701,-125.1423,0.011806739,-0.016304737,0.9997998,2.785072
-0.18682712,0.9821269,0.022900552,-37.968502,-0.98225546,-0.18714125,0.012405797,-126.00182,0.016469741,-0.020176383,0.9996632,2.8176923
-0.18626817,0.9821771,0.025185322,-38.12534,-0.9822921,-0.1866948,0.015772164,-126.850914,0.020193066,-0.021801423,0.9995608,2.8482082
-0.18629669,0.9821726,0.02514832,-38.280655,-0.9822832,-0.18672653,0.015953714,-127.70363,0.0203652,-0.021730578,0.99955887,2.864453
-0.18594344,0.9821734,0.02761217,-38.436966,-0.98236454,-0.18639538,0.014774609,-128.55667,0.019658048,-0.024377907,0.999512,2.8994467
-0.18529446,0.9824115,0.023142532,-38.59724,-0.98249954,-0.18566467,0.014994176,-129.39833,0.01902724,-0.019959116,0.9996222,2.928468
-0.18455857,0.9824949,0.025375716,-38.752613,-0.9825848,-0.18502033,0.01721033,-130.24248,0.021604126,-0.021757405,0.99953234,2.9621522
-0.18406062,0.9823825,0.032377955,-38.892952,-0.9826006,-0.18473598,0.019240063,-131.09259,0.024882518,-0.028273193,0.99929297,2.9835947
-0.18350814,0.98226875,0.03840398,-39.035805,-0.9826472,-0.18437338,0.020313168,-131.93912,0.027033705,-0.034009863,0.99905837,3.014191
-0.18298858,0.9823914,0.037739597,-39.182774,-0.98264974,-0.18394929,0.023746591,-132.76437,0.030270664,-0.03273938,0.999008,3.054978
-0.18211523,0.98258746,0.03685063,-39.330936,-0.9827953,-0.18307245,0.02448572,-133.60956,0.030805739,-0.031757332,0.9990234,3.096574
-0.18057114,0.9829346,0.035152126,-39.478985,-0.98303264,-0.18153207,0.026355244,-134.44144,0.032286763,-0.029796619,0.999037,3.1313736
-0.17907146,0.98341185,0.028922739,-39.63722,-0.98335737,-0.1798249,0.025942871,-135.26523,0.030713597,-0.023795681,0.9992476,3.1621351
-0.1759887,0.9841171,0.023310857,-39.7875,-0.9840502,-0.1765033,0.022214547,-136.09073,0.025976198,-0.01902946,0.9994841,3.2043352
-0.17408746,0.98455626,0.018561192,-39.942253,-0.98451644,-0.17441243,0.017590448,-136.90042,0.020556124,-0.015211436,0.9996757,3.2425323
-0.17053148,0.9852247,0.015917704,-40.083427,-0.985159,-0.17079662,0.017092353,-137.71297,0.01955853,-0.012766596,0.99972993,3.2710469
-0.16565633,0.9860341,0.017228695,-40.218403,-0.98588556,-0.16601121,0.021717042,-138.51024,0.024273934,-0.01338787,0.9996184,3.310797
-0.15944074,0.98709655,0.014871533,-40.35098,-0.98683184,-0.1597782,0.025212714,-139.3046,0.027263569,-0.010655679,0.9995742,3.3360863
-0.15140285,0.98827726,0.019681154,-40.4675,-0.9880667,-0.15188181,0.02565194,-140.10468,0.028340476,-0.015562429,0.99947995,3.368114
-0.14182341,0.989808,0.01297377,-40.584827,-0.9896148,-0.1420824,0.02184164,-140.91313,0.02346241,-0.009741286,0.99968004,3.3943083
-0.13002229,0.9915005,0.0048200367,-40.695892,-0.9912878,-0.1300951,0.020630213,-141.7216,0.021081962,-0.0020955582,0.99977833,3.427668
-0.11627347,0.9932126,0.0033717053,-40.788216,-0.9929464,-0.116320774,0.02299572,-142.50916,0.023231875,-0.00067403156,0.9997326,3.4598384
-0.101838954,0.9947974,0.0030177012,-40.8703,-0.9945005,-0.10188268,0.024300938,-143.30391,0.024482002,-0.00052622426,0.99970293,3.488304
-0.08804856,0.9961158,0.0017015833,-40.94262,-0.9958202,-0.08806428,0.024261257,-144.0915,0.02431691,0.0004417972,0.99970704,3.5187712
-0.07423957,0.9972408,-0.001211027,-40.99783,-0.9969152,-0.074184574,0.025660677,-144.8805,0.025500078,0.0031124305,0.99967283,3.5511608
-0.06065133,0.99815995,0.00060408766,-41.039806,-0.9976483,-0.060639996,0.03197737,-145.66356,0.031955212,0.0013369026,0.9994913,3.587486
-0.04705664,0.9988519,0.0090988595,-41.069176,-0.9980237,-0.04739411,0.041285593,-146.44368,0.041669484,-0.0071380227,0.99910885,3.6260219
-0.033351585,0.9993378,0.014625401,-41.08278,-0.99817455,-0.034043543,0.049905445,-147.20453,0.050370365,-0.012934189,0.9986497,3.661218
-0.019828003,0.99968994,0.015135266,-41.095863,-0.9984843,-0.020577617,0.05106522,-147.97931,0.0513609,-0.014099716,0.99858356,3.7029896
-0.008230331,0.99985194,0.015183003,-41.089397,-0.9988418,-0.008940646,0.0472979,-148.75409,0.0474267,-0.014776053,0.9987684,3.7482166
0.002926655,0.9998642,0.01628397,-41.08046,-0.9990095,0.0021995613,0.044466726,-149.53946,0.044424932,-0.016397893,0.9988811,3.796999
0.012154674,0.9997571,0.01844508,-41.059666,-0.99865806,0.011207694,0.050582178,-150.28566,0.050363228,-0.019035054,0.9985525,3.8515196
0.019326562,0.9994836,0.0257123,-41.036266,-0.9980884,0.017776038,0.059207354,-151.03587,0.05871979,-0.026807347,0.9979174,3.8927245
0.023494376,0.9993278,0.028179826,-41.008755,-0.9977959,0.021689093,0.06272852,-151.82072,0.062075235,-0.02959141,0.99763566,3.9339185
0.023367394,0.9993121,0.028835854,-40.986862,-0.99805534,0.021650452,0.058468804,-152.60017,0.057804342,-0.030145971,0.99787563,3.9818034
0.021671917,0.9995214,0.022123955,-40.96628,-0.99838847,0.020475049,0.052944645,-153.3663,0.052466385,-0.023235634,0.99835527,4.0434737
0.018467825,0.99962103,0.0204667,-40.950893,-0.9985897,0.017421184,0.050169356,-154.09958,0.049793854,-0.021364274,0.998534,4.0843186
0.015803332,0.9996857,0.019518588,-40.93796,-0.99861306,0.014799114,0.05054441,-154.85457,0.050239727,-0.020290203,0.99853414,4.1302347
0.0119245425,0.99976075,0.018398738,-40.93275,-0.9986673,0.010982748,0.050445646,-155.5984,0.05023157,-0.018975675,0.9985604,4.1799836
0.0073736045,0.99974966,0.021175954,-40.92125,-0.99877673,0.006326899,0.049059164,-156.33409,0.048912965,-0.021511711,0.99857455,4.2315516
0.0020629168,0.9997511,0.022262933,-40.918255,-0.99878263,0.0009618895,0.049335845,-157.0954,0.04930221,-0.022337528,0.99853724,4.2766404
-0.0032949424,0.99969447,0.024538768,-40.919106,-0.9988472,-0.0044661514,0.047812022,-157.86488,0.047907066,-0.024352865,0.99855804,4.320917
-0.009185454,0.99972546,0.021601023,-40.92076,-0.99895024,-0.0101442905,0.04468765,-158.61073,0.044894565,-0.021167792,0.99877053,4.3698387
-0.014947681,0.9995384,0.026485821,-40.93144,-0.99887085,-0.01612271,0.044705886,-159.34152,0.045112327,-0.025787594,0.99865216,4.4145026
-0.020080727,0.99949014,0.02486496,-40.942223,-0.99873596,-0.02120017,0.04559121,-160.08168,0.046095155,-0.02391795,0.9986538,4.4515004
-0.02416403,0.9993921,0.02517442,-40.955162,-0.9985467,-0.025342496,0.04757935,-160.78757,0.048188455,-0.023988051,0.9985534,4.495366
-0.02683459,0.99928063,0.026839163,-40.971104,-0.9983678,-0.028145628,0.049710773,-161.49803,0.050430465,-0.025461316,0.9984062,4.541316
-0.02843031,0.9993026,0.024253411,-40.989887,-0.99825215,-0.029642085,0.05114343,-162.23509,0.051826738,-0.022756921,0.9984,4.588375
-0.028013723,0.99937207,0.02174788,-41.013237,-0.99832636,-0.029073076,0.05000894,-162.95819,0.05060986,-0.020310465,0.9985152,4.6331625
-0.02474489,0.9995337,0.017953975,-41.03747,-0.998597,-0.025555465,0.04639544,-163.65721,0.046832666,-0.016780656,0.998765,4.671278
-0.017630322,0.99969614,0.01729663,-41.042572,-0.99877924,-0.018407969,0.045857724,-164.36409,0.046162218,-0.016466947,0.99880147,4.7245064
-0.0066495677,0.9998659,0.015040696,-41.045837,-0.99886423,-0.0073517254,0.04709453,-165.06364,0.04719883,-0.0147103695,0.9987804,4.769195
0.007475689,0.99990636,0.011557361,-41.043587,-0.99885803,0.0069208443,0.047291636,-165.74236,0.047207266,-0.011897611,0.9988175,4.8104978
0.022802744,0.999684,0.010679409,-41.024494,-0.9987192,0.02229494,0.0454383,-166.43842,0.04518589,-0.011701759,0.99891335,4.8442864
0.03949996,0.9991317,0.013332846,-40.983307,-0.9984142,0.038928278,0.040686175,-167.14656,0.040131863,-0.01491872,0.99908626,4.8824325
0.055822957,0.9983249,0.0152775785,-40.937557,-0.997878,0.055270486,0.034443706,-167.81754,0.033541642,-0.017167827,0.9992931,4.9199386
0.07273815,0.9972199,0.016240122,-40.884777,-0.9970075,0.07227506,0.027461192,-168.49547,0.026211116,-0.018188916,0.99949414,4.9535546
0.090048626,0.9957896,0.017217383,-40.81813,-0.9957667,0.08969837,0.020115629,-169.17421,0.018486582,-0.018955799,0.99965256,4.98616
0.10747817,0.9940551,0.017466405,-40.7407,-0.9941335,0.10723747,0.014159862,-169.83481,0.012202641,-0.018885734,0.9997504,5.007516
0.12571877,0.99191946,0.01711036,-40.6484,-0.9920237,0.12553327,0.011498509,-170.50633,0.0092576835,-0.01841938,0.9997907,5.0325103
0.14354548,0.98948896,0.017564462,-40.55287,-0.9896115,0.14337215,0.010745336,-171.15215,0.008114146,-0.018924354,0.99979126,5.049913
0.1608239,0.98681015,0.01853731,-40.439205,-0.9869584,0.16065499,0.010257656,-171.78015,0.007144257,-0.019945145,0.99977887,5.0663385
0.17719983,0.9838972,0.023424001,-40.312626,-0.9841603,0.17701188,0.009868491,-172.4302,0.005563264,-0.024801588,0.9996802,5.075813
0.19150254,0.9811049,0.02760728,-40.176342,-0.98149264,0.191394,0.006532831,-173.055,0.0011255293,-0.028347319,0.9996008,5.0904193
0.20361325,0.97873366,0.024985004,-40.04752,-0.9790496,0.20360948,0.0027060283,-173.67743,-0.0024387005,-0.025012458,0.99968755,5.102544
0.21465363,0.9764443,0.021968924,-39.91237,-0.9766848,0.21468116,0.001106953,-174.29381,-0.0036354337,-0.021694236,0.9997614,5.1181335
0.22458757,0.9741703,0.023555264,-39.758144,-0.97445464,0.22454864,0.0043026474,-174.91202,-0.0010977851,-0.02391977,0.99971664,5.1234426
0.23389941,0.97189695,0.026639085,-39.59633,-0.9722496,0.2336689,0.011490307,-175.51378,0.0049426826,-0.028587334,0.9995824,5.1359043
0.24319224,0.96967584,0.0242588,-39.443604,-0.9698649,0.24270253,0.02145119,-176.1091,0.014913053,-0.028744439,0.9994789,5.147994
0.25158682,0.9677014,0.016135294,-39.29474,-0.96756166,0.25108305,0.02800687,-176.69212,0.02305102,-0.022657964,0.9994808,5.1481404
0.25835097,0.9658949,0.017440826,-39.12516,-0.9658143,0.25784373,0.026871962,-177.30075,0.021458514,-0.02378691,0.99949,5.1635985
0.2640193,0.9642639,0.022165831,-38.955803,-0.9644284,0.2636096,0.019762509,-177.90244,0.013213171,-0.026594955,0.99956226,5.18074
0.2684317,0.96287453,0.02862763,-38.776417,-0.96329963,0.26827914,0.0091011925,-178.51291,0.0010831242,-0.03001995,0.999552,5.2007375
0.2702969,0.96229625,0.030465342,-38.601982,-0.9627451,0.2704158,0.00021018933,-179.12021,-0.008036038,-0.029387087,0.99953914,5.220515
0.2715504,0.962056,0.026670484,-38.430126,-0.96238875,0.2716786,-0.0012544547,-179.73099,-0.008452647,-0.02532664,0.9996468,5.2370434
0.27239403,0.9619133,0.022957586,-38.26377,-0.9621749,0.2724342,0.0014025945,-180.3331,-0.004905247,-0.022471184,0.99973875,5.2268085
0.2742546,0.9614426,0.020378202,-38.08594,-0.96164805,0.27428943,0.0011007008,-180.95819,-0.0045312545,-0.019898443,0.9997951,5.2329473
0.27581453,0.9609841,0.020944102,-37.909916,-0.96118957,0.27589247,-0.000891776,-181.57146,-0.0066352934,-0.0198852,0.99978364,5.2240796
0.27854225,0.96011347,0.02447698,-37.72653,-0.9603617,0.2787267,-0.004427961,-182.1775,-0.011073726,-0.022273295,0.99969393,5.2365117
0.28172186,0.9591827,0.024578884,-37.54633,-0.9593576,0.28202552,-0.009863533,-182.80646,-0.0163928,-0.020801082,0.99965256,5.2414393
0.28597137,0.95792544,0.024533235,-37.35241,-0.958045,0.28633526,-0.012834996,-183.43924,-0.019319698,-0.019833414,0.99961996,5.2431893
0.29183117,0.9561917,0.023122247,-37.169495,-0.9562455,0.29220203,-0.014680481,-184.04393,-0.020793721,-0.017826233,0.99962825,5.23438
0.30004406,0.9536619,0.022477143,-36.972664,-0.9536397,0.3004483,-0.017472195,-184.67688,-0.023415789,-0.016192574,0.999598,5.2324853
0.30942887,0.95070255,0.02052147,-36.769085,-0.95059353,0.30981794,-0.019694492,-185.29454,-0.025081526,-0.013413437,0.9995988,5.2312784
0.32036495,0.94704527,0.021778297,-36.555424,-0.9470008,0.3207539,-0.01759034,-185.91632,-0.023644323,-0.014988642,0.99961144,5.224467
0.33213744,0.9429912,0.021334335,-36.328403,-0.9430115,0.33246404,-0.014140122,-186.53099,-0.020426907,-0.015421967,0.9996758,5.216345
0.34365562,0.93885183,0.02146733,-36.09501,-0.9389391,0.3439273,-0.010506136,-187.13919,-0.0172469,-0.01654593,0.9997178,5.210787
0.3553436,0.9345186,0.0202174,-35.85392,-0.9345909,0.35558745,-0.010022738,-187.76302,-0.016555483,-0.01533339,0.9997488,5.200351
0.3666051,0.93013626,0.021211617,-35.598736,-0.93017256,0.36690786,-0.012670635,-188.39162,-0.019568121,-0.015085253,0.99969816,5.196052
0.37766692,0.9256828,0.021950165,-35.339092,-0.92569363,0.37800908,-0.014265173,-189.01273,-0.021502381,-0.014931551,0.99966073,5.1891093
0.38886848,0.9209508,0.025174389,-35.060913,-0.9210036,0.3892872,-0.014521013,-189.65845,-0.023173198,-0.01753885,0.99958104,5.1869187
0.3983187,0.9168016,0.028634423,-34.780064,-0.91688913,0.3988423,-0.015563597,-190.26811,-0.025689341,-0.020055233,0.9994722,5.1711874
0.40555173,0.91348326,0.03284884,-34.487293,-0.913687,0.40616333,-0.014505183,-190.91676,-0.026592227,-0.024130872,0.9993585,5.1692953
0.40975767,0.9115853,0.033374093,-34.190598,-0.9117232,0.41044864,-0.017190712,-191.55315,-0.029369142,-0.023383828,0.9992985,5.1525173
0.41122946,0.91095185,0.032556947,-33.898453,-0.9109624,0.41197342,-0.020695234,-192.20848,-0.03226495,-0.021147577,0.99925905,5.139322
0.4123232,0.91059613,0.028410276,-33.611214,-0.9105492,0.41292343,-0.019931668,-192.85428,-0.029880963,-0.017650576,0.99940103,5.123655
0.4114038,0.9110698,0.026488453,-33.309708,-0.91099983,0.4119427,-0.01963559,-193.52278,-0.028801112,-0.016052727,0.9994597,5.110676
0.41040316,0.91163343,0.022287956,-33.013325,-0.91152793,0.4108139,-0.018759057,-194.1814,-0.026257576,-0.012617221,0.9995791,5.1001735
0.41067943,0.911569,0.019682301,-32.717194,-0.91139376,0.41103834,-0.020296989,-194.85329,-0.026592277,-0.009602673,0.99960375,5.0841217
0.40966713,0.9120494,0.018487679,-32.40763,-0.91170186,0.41003647,-0.025940932,-195.54648,-0.031240026,-0.0062280064,0.99949604,5.0697246
0.40900603,0.9123327,0.019140124,-32.10492,-0.9118772,0.409417,-0.02934191,-196.22769,-0.034605864,-0.0054523274,0.9993897,5.058785
0.40753165,0.9129908,0.019206088,-31.792538,-0.9124521,0.40795764,-0.031700227,-196.91866,-0.036777277,-0.0046056923,0.9993164,5.0394897
0.40560228,0.91382974,0.020127732,-31.482388,-0.9132837,0.40606537,-0.0320467,-197.60182,-0.037458397,-0.005384016,0.99928725,5.023467
0.40407494,0.914474,0.021538904,-31.176033,-0.9139255,0.40459427,-0.032354243,-198.28603,-0.038301624,-0.006611315,0.99924797,5.003028
0.40201795,0.9153682,0.022039037,-30.870302,-0.91485864,0.4025511,-0.031456668,-198.97304,-0.03766627,-0.0075163557,0.99926573,4.989906
0.40124056,0.91576856,0.019419774,-30.56677,-0.91534185,0.40166083,-0.028656963,-199.66293,-0.0340433,-0.0062772944,0.9994042,4.9756985
0.40065745,0.91604525,0.018379968,-30.26624,-0.91580427,0.40100178,-0.022437705,-200.34586,-0.027924342,-0.007842518,0.99958277,4.9676557
0.39919782,0.91667,0.01897837,-29.965914,-0.9165172,0.39953133,-0.019347874,-201.03094,-0.025318062,-0.0096702725,0.9996362,4.9456162
0.39806715,0.91711426,0.021145891,-29.651558,-0.91692114,0.39848295,-0.021690559,-201.73778,-0.028318988,-0.010754716,0.99954456,4.930604
0.39654905,0.9176957,0.024222672,-29.35036,-0.9174549,0.39709055,-0.024477568,-202.42107,-0.032081544,-0.012516553,0.99941033,4.9210267
0.39376494,0.9187988,0.027589032,-29.04716,-0.91861504,0.39441362,-0.024244398,-203.10085,-0.033157207,-0.015797006,0.9993288,4.912311
0.38928497,0.9206064,0.030729553,-28.74669,-0.92049164,0.39003423,-0.023917101,-203.79178,-0.034003805,-0.018975627,0.9992451,4.9001923
0.38245708,0.9234364,0.03154375,-28.46547,-0.92330945,0.3832541,-0.024888875,-204.46634,-0.035072558,-0.019605614,0.99919605,4.890501
0.37399232,0.92694217,0.030186685,-28.182224,-0.92677575,0.3747545,-0.025482025,-205.16595,-0.034932952,-0.018446103,0.99922305,4.8639483
0.3641908,0.9309355,0.026972972,-27.919306,-0.9307426,0.36483473,-0.024846246,-205.85759,-0.032970924,-0.016056016,0.999331,4.858865
0.35347223,0.9350431,0.02748082,-27.661825,-0.9349625,0.35408172,-0.021791304,-206.54097,-0.030106254,-0.01799081,0.9993885,4.853062
0.3422723,0.9391514,0.029114773,-27.398563,-0.93911326,0.34292945,-0.021661248,-207.23492,-0.030327497,-0.01992792,0.99934506,4.8243217
0.33149183,0.9430697,0.027130902,-27.15893,-0.9427695,0.33221188,-0.028713508,-207.94086,-0.036092043,-0.016059786,0.9992232,4.8036976
0.32260716,0.9461872,0.025645193,-26.923182,-0.9455245,0.32339567,-0.037446227,-208.65697,-0.043724686,-0.012167629,0.99897325,4.804625
0.31578365,0.94844973,0.026964426,-26.688845,-0.9475339,0.31671023,-0.043331333,-209.36238,-0.049637504,-0.011866273,0.9987005,4.7882233
0.31104878,0.9498677,0.031674046,-26.449606,-0.94897026,0.31223404,-0.044371404,-210.06862,-0.052036688,-0.01625595,0.9985165,4.75324
0.3084807,0.95068496,0.03226424,-26.214523,-0.949715,0.30972615,-0.04598313,-210.77611,-0.05370856,-0.01645682,0.99842465,4.7257433
