'10':
  ARE: 0.001489323672241867
  ATE: 0.015314942928179882
  STD_ARE: 0.0013036534059686089
  STD_ATE: 0.012647114272237725
  nsecs_per_frame: 0.3636799388682217
  rot_err: 3.1094650484456146e-05
  tr_err: 0.005054761176477705
AVG:
  ARE: 0.001489323672241867
  ATE: 0.015314942928179882
  STD_ARE: 0.0013036534059686089
  STD_ATE: 0.012647114272237725
  nsecs_per_frame: 0.3636799388682217
  rot_err: 3.1094650484456146e-05
  tr_err: 0.005054761176477705
