0,1,2,3,4,5,6,7,8,9,10,11
1.0,0.0,0.0,0.0,0.0,1.0,0.0,0.0,0.0,0.0,1.0,0.0
0.99999684,-0.00081401854,0.0023674492,1.5604357,0.0008183366,0.999998,-0.0018235337,-0.00048977975,-0.0023659603,0.0018254654,0.9999955,0.013102506
0.99999326,-0.0014000945,0.003386109,3.0940032,0.0014078463,0.99999636,-0.002288007,0.0047882786,-0.0033828935,0.0022927588,0.99999166,0.029728074
0.99998975,-0.0032160403,0.0031910576,4.630231,0.0032202848,0.9999939,-0.001325855,0.0257726,-0.0031867747,0.0013361175,0.99999404,0.039956667
0.999986,-0.0043945597,0.0029441419,6.146641,0.004397343,0.99998987,-0.0009394585,0.03644187,-0.0029399837,0.00095239165,0.9999953,0.049641743
0.9999763,-0.0060142283,0.0033627334,7.6685863,0.006016763,0.99998164,-0.00074406,0.054790944,-0.0033581967,0.00076427497,0.99999416,0.062812954
0.99996555,-0.0075475425,0.0034632424,9.1798935,0.0075517218,0.99997073,-0.0011951405,0.06872493,-0.003454121,0.0012212526,0.9999933,0.07140045
0.99995863,-0.008579339,0.0030257958,10.685426,0.008586537,0.9999603,-0.0023739447,0.08289817,-0.0030053088,0.0023998276,0.99999267,0.09022094
0.99994123,-0.010398254,0.0030763964,12.188379,0.010409396,0.9999392,-0.003627761,0.10965082,-0.003038487,0.0036595713,0.9999888,0.09790437
0.9999284,-0.011572175,0.003052822,13.687965,0.0115831,0.9999265,-0.0035851935,0.12786382,-0.0030111088,0.003620298,0.99998903,0.11458382
0.99991965,-0.012320888,0.002978247,15.183481,0.012329846,0.9999195,-0.0030076883,0.15545131,-0.0029409493,0.003044168,0.9999911,0.122414865
0.9999053,-0.013322612,0.0034695112,16.669832,0.013329465,0.9999093,-0.001959593,0.18947616,-0.0034430888,0.0020056542,0.99999213,0.13728954
0.99989563,-0.013796557,0.0042990022,18.160038,0.0137984,0.99990475,-0.0003994574,0.2171014,-0.0042930804,0.00045873516,0.99999076,0.14650069
0.99989337,-0.013769535,0.004878918,19.636251,0.013768681,0.9999052,0.0002083691,0.24322918,-0.004881324,-0.00014117049,0.9999882,0.1561946
0.99987644,-0.014852813,0.005151525,21.11226,0.014849717,0.9998896,0.0006386349,0.27563,-0.0051604407,-0.0005620572,0.99998665,0.16974914
0.99987906,-0.014676467,0.005140906,22.577143,0.014671269,0.99989194,0.0010468927,0.30294943,-0.0051557138,-0.00097134244,0.99998635,0.17930785
0.9998679,-0.015197433,0.0057618525,24.046581,0.015186586,0.999883,0.0019210984,0.3346203,-0.0057903724,-0.0018333418,0.9999817,0.1892251
0.9998654,-0.015070005,0.0064860773,25.499702,0.015055306,0.9998842,0.002308732,0.36579856,-0.006520117,-0.0022107712,0.99997646,0.19449764
0.99987775,-0.014533395,0.005776577,26.941833,0.014517714,0.99989104,0.0027469187,0.38873962,-0.0058158683,-0.0026627202,0.9999797,0.20596495
0.9998825,-0.014842702,0.0038307887,28.379265,0.014831118,0.9998856,0.0030344278,0.4249841,-0.0038753878,-0.0029772564,0.99998814,0.21533388
0.9998911,-0.014283474,0.0037177627,29.813322,0.014276729,0.99989665,0.0018341197,0.4458136,-0.0037435745,-0.0017808427,0.99999154,0.22794071
0.9998878,-0.013789878,0.0058482797,31.239447,0.013786825,0.99990505,0.0005617931,0.47277912,-0.0058554695,-0.00048110134,0.9999829,0.2362578
0.9998745,-0.0139963245,0.007433451,32.658096,0.014004493,0.99990165,-0.0010482997,0.49642298,-0.0074180453,0.0011522691,0.999972,0.24823344
0.9998883,-0.013234651,0.006951009,34.060234,0.013246862,0.999911,-0.0017140188,0.5165224,-0.0069277044,0.0018059055,0.9999745,0.25848022
0.9998985,-0.01317963,0.005417439,35.44681,0.013188343,0.999912,-0.0015762756,0.5433565,-0.0053961864,0.0016475619,0.9999842,0.27023548
0.99991,-0.012669726,0.0044238553,36.820614,0.012674728,0.9999193,-0.0011050953,0.5735957,-0.0044094957,0.0011610662,0.9999897,0.2761358
0.9999272,-0.011502398,0.0036682943,38.18443,0.011504078,0.99993396,-0.0004380432,0.59595144,-0.0036630125,0.00048021117,0.9999932,0.2973083
0.9999368,-0.010337612,0.004437324,39.520283,0.010337021,0.99994683,0.0001553171,0.6248319,-0.0044386927,-0.00010943896,0.99999017,0.3074297
0.9999415,-0.008780746,0.0063303467,40.84729,0.0087784855,0.99996173,0.00038420514,0.64757746,-0.0063334764,-0.00032861214,0.99998,0.318463
0.99994767,-0.0067788274,0.0076898285,42.145935,0.006778621,0.9999774,5.2405056e-05,0.66109693,-0.007690008,-2.7631177e-07,0.99997056,0.3386612
0.9999548,-0.0049109203,0.008169388,43.436874,0.0049076444,0.99998826,0.00042047206,0.6767624,-0.008171354,-0.00038036087,0.9999667,0.3459032
0.99996936,-0.0013624302,0.0077474955,44.70356,0.0013618204,0.99999946,8.3326246e-05,0.69303966,-0.0077476026,-7.277343e-05,0.99997014,0.3559832
0.9999789,0.0019760337,0.006235756,45.961563,-0.0019731792,0.9999984,-0.00046477866,0.703177,-0.0062366626,0.0004524638,0.9999807,0.36819527
0.9999675,0.006581363,0.0047173817,47.194546,-0.0065790345,0.99997866,-0.0005102638,0.7016758,-0.0047206385,0.00047921058,0.99998903,0.37981156
0.9999409,0.0097179115,0.004956781,48.41341,-0.009715509,0.99995315,-0.00051016925,0.70505023,-0.0049615055,0.0004619806,0.9999879,0.38760397
0.9998734,0.015154165,0.004929634,49.637794,-0.0151538905,0.9998857,-9.487881e-05,0.6966863,-0.004930507,2.0163046e-05,0.9999882,0.40328526
0.9997532,0.02183255,0.004200824,50.839188,-0.02183824,0.99976116,0.0013114479,0.68314284,-0.004171187,-0.0014028627,0.99999064,0.41330916
0.9995506,0.029676037,0.0043199607,52.04235,-0.029687732,0.9995562,0.0026662445,0.66109854,-0.004238918,-0.0027932953,0.9999875,0.42443573
0.99927956,0.037560027,0.0054923496,53.209682,-0.037581395,0.9992867,0.0038382933,0.6293085,-0.005344263,-0.004041937,0.9999779,0.43693647
0.9988104,0.04839021,0.0060577565,54.3812,-0.04842462,0.99881124,0.005666047,0.58490926,-0.0057763713,-0.0059526493,0.9999659,0.4469837
0.9981268,0.060831133,0.006561665,55.528362,-0.0608832,0.9981129,0.008047738,0.5378271,-0.0060597267,-0.008432155,0.99994636,0.45694348
0.99711204,0.075577974,0.007487759,56.66921,-0.07565269,0.997082,0.010252256,0.4662053,-0.0066910614,-0.010789112,0.9999197,0.46813616
0.9957018,0.09218718,0.008947882,57.812634,-0.09229317,0.99565697,0.012255891,0.38004148,-0.0077791805,-0.013029033,0.9998852,0.47250324
0.9939367,0.109461606,0.010418097,58.905006,-0.10959028,0.9938962,0.012700707,0.2746575,-0.008964262,-0.013765412,0.9998654,0.48110557
0.9916551,0.12851062,0.010282173,60.001476,-0.12863317,0.9916164,0.012302023,0.14450496,-0.008615026,-0.013521984,0.99987185,0.49317855
0.98874307,0.14932227,0.009512871,61.104824,-0.1494285,0.9887044,0.011647025,-0.009734929,-0.0076662516,-0.0129374005,0.9998873,0.49492645
0.9854333,0.16981614,0.009177054,62.1613,-0.16989787,0.985421,0.009003688,-0.18141082,-0.007514285,-0.010431688,0.99991775,0.49535254
0.9813081,0.19215132,0.010620711,63.219208,-0.19220115,0.9813484,0.0038760197,-0.38514876,-0.00967783,-0.005844876,0.99993646,0.5109419
0.97658247,0.21485318,0.011188127,64.2388,-0.21484967,0.9766464,-0.0015301821,-0.59837466,-0.011255602,-0.0009094123,0.99993664,0.50813854
0.97103655,0.23873639,0.009666153,65.25997,-0.23867764,0.9710751,-0.006852845,-0.843485,-0.011022579,0.004347271,0.9999302,0.51290745
0.96438324,0.26442355,0.0067506684,66.27225,-0.2643264,0.9643512,-0.012616996,-1.1156204,-0.00984624,0.010383241,0.999898,0.52813596
0.9569606,0.29015198,0.006215658,67.225395,-0.29002082,0.95688,-0.016415754,-1.3960549,-0.010710697,0.013906562,0.99984634,0.5287408
0.9481106,0.317857,0.007333604,68.21453,-0.31767792,0.94801164,-0.018857105,-1.7203732,-0.0129462,0.015548898,0.9997957,0.5216487
0.93853253,0.34509307,0.008236762,69.1352,-0.34482718,0.9383714,-0.023540366,-2.0550385,-0.015852755,0.01925314,0.99968934,0.5204385
0.927562,0.37361196,0.0065837693,70.05368,-0.37332135,0.9273139,-0.026851408,-2.4158554,-0.016137222,0.022448482,0.9996182,0.5296993
0.9151939,0.4030103,0.0018463726,70.97732,-0.40282485,0.9148943,-0.026488168,-2.8078265,-0.012364235,0.023498043,0.9996479,0.5179778
0.9021893,0.4313179,-0.004470691,71.83088,-0.43127155,0.90180963,-0.027301885,-3.2077837,-0.0077440753,0.026559548,0.99961776,0.5261222
0.887917,0.45992127,-0.008740306,72.688095,-0.45996952,0.8874558,-0.02917829,-3.643585,-0.005663078,0.029928172,0.99953645,0.53063565
0.8719311,0.48958173,-0.0068144226,73.55057,-0.48954982,0.8714549,-0.03014151,-4.108355,-0.008818268,0.02961732,0.9995228,0.536939
0.85433245,0.51972663,-0.0008849192,74.35752,-0.51952624,0.85395354,-0.02927566,-4.586998,-0.014459655,0.025470888,0.9995714,0.53007597
0.83419764,0.5514637,0.0016004464,75.18571,-0.5511855,0.8338627,-0.02947506,-5.1097565,-0.017588971,0.023705889,0.99956465,0.51610065
0.8129998,0.5822644,6.960088e-05,75.94322,-0.58209324,0.81276417,-0.024146961,-5.64153,-0.014116479,0.019590968,0.99970883,0.5256304
0.79095006,0.61186975,-0.0037377796,76.68464,-0.61183494,0.79080087,-0.017122282,-6.1846704,-0.0075207637,0.015829783,0.9998469,0.52716255
0.7679936,0.64043814,-0.0050307848,77.41718,-0.6404347,0.7678754,-0.014558458,-6.780238,-0.0054607745,0.014402701,0.9998818,0.519867
0.7447033,0.6673841,-0.0039825826,78.09905,-0.66734165,0.74455345,-0.017212067,-7.369717,-0.008521814,0.015475636,0.9998444,0.52795
0.7202417,0.6937109,-0.0041685663,78.76627,-0.69366187,0.7200848,-0.017665805,-8.00777,-0.009253242,0.015615236,0.99983567,0.5176627
0.69431233,0.7196435,-0.006623194,79.41457,-0.7196386,0.6941575,-0.01632562,-8.67288,-0.007151089,0.016101398,0.9998452,0.53929
0.66814023,0.7439919,-0.008053161,80.00967,-0.7440188,0.66801333,-0.013962281,-9.317183,-0.0050082095,0.015320479,0.9998705,0.5409264
0.64083034,0.7676419,-0.0079061575,80.61145,-0.76767266,0.6407352,-0.011737286,-10.026406,-0.0039442843,0.013590964,0.9999002,0.5330845
0.61267334,0.7902838,-0.009112553,81.17103,-0.7903316,0.61258847,-0.010584531,-10.723026,-0.002782545,0.013686812,0.99990284,0.53835106
0.58377284,0.8118341,-0.011611495,81.7103,-0.8119116,0.58376294,-0.0045933938,-11.455093,0.0030492812,0.012109018,0.99992245,0.5487339
0.55361575,0.8326305,-0.015371295,82.22772,-0.83268225,0.55373347,0.004506455,-12.209173,0.012263804,0.010304572,0.99987215,0.55402493
0.5226124,0.85238063,-0.017993154,82.71028,-0.8523371,0.52284706,0.01237504,-12.976264,0.019955903,0.0088688955,0.999762,0.5768369
0.4907056,0.8711623,-0.016863711,83.17113,-0.8710139,0.4909561,0.017253844,-13.768268,0.023310231,0.0062219785,0.99970937,0.59332746
0.45818955,0.8887614,-0.012867901,83.614555,-0.88860655,0.4583559,0.016997775,-14.600501,0.021005036,0.003646306,0.99977314,0.6158823
0.42473134,0.9052932,-0.006898362,84.02913,-0.905164,0.4247875,0.01530835,-15.41698,0.016788874,-0.00025777938,0.99985945,0.63639945
0.3905188,0.9205943,-0.0011764113,84.40679,-0.9204667,0.39048558,0.016204217,-16.297327,0.015376872,-0.005245197,0.9998684,0.66194034
0.35541758,0.9346889,0.0059138364,84.763084,-0.9345837,0.35526043,0.018542105,-17.148869,0.01523014,-0.012117159,0.99981093,0.6859027
0.3195855,0.94748026,0.012091629,85.08714,-0.9474281,0.31930512,0.020606289,-18.038147,0.015663125,-0.018041415,0.9997149,0.6941931
0.28369385,0.9587811,0.016015157,85.37175,-0.9588062,0.2833707,0.019799132,-18.944283,0.014444799,-0.020972319,0.99967605,0.7170731
0.24688666,0.96887976,0.017859656,85.63028,-0.9689426,0.24655168,0.019049095,-19.854715,0.014052944,-0.022007944,0.99965936,0.7362141
0.21067533,0.97738427,0.018325789,85.84343,-0.9774595,0.21035397,0.01801197,-20.791595,0.013749702,-0.021707388,0.9996702,0.7611975
0.17540142,0.9843497,0.01702281,86.01914,-0.9844019,0.17511797,0.016936332,-21.742592,0.013690261,-0.01972794,0.99971205,0.7693661
0.1403756,0.9900419,0.010555109,86.16209,-0.99000454,0.1402077,0.01526521,-22.679546,0.013633277,-0.012592461,0.99982816,0.7983525
0.10622172,0.9943062,0.008469706,86.26829,-0.99419796,0.106057286,0.01795946,-23.651114,0.016958918,-0.010328241,0.99980325,0.8289303
0.07370907,0.9972468,0.008086932,86.34064,-0.99701357,0.0734997,0.023707021,-24.607464,0.023047356,-0.009810195,0.99968666,0.8254318
0.04469367,0.998995,0.0033416105,86.38605,-0.9986675,0.044592246,0.025981499,-25.582247,0.02580637,-0.0044983574,0.9996573,0.8766682
0.018292455,0.9998318,0.001278352,86.40838,-0.9995241,0.018255165,0.02487055,-26.570318,0.024843019,-0.0017326779,0.9996903,0.9014092
-0.0037395246,0.9999928,0.00049270893,86.41499,-0.9997553,-0.003749244,0.02180355,-27.549448,0.021805225,-0.00041104422,0.99976254,0.92153955
-0.02322183,0.99973005,-0.00062164717,86.40539,-0.99954003,-0.023205131,0.01953339,-28.53356,0.019513676,0.0010749715,0.99980944,0.9467245
-0.04023633,0.9991895,-0.0010794587,86.37621,-0.9989562,-0.04020337,0.02168955,-29.530907,0.021628557,0.0019510491,0.9997647,0.98074114
-0.054565996,0.9985044,-0.003362161,86.32586,-0.9981631,-0.054457814,0.026551314,-30.509586,0.026328495,0.0048047947,0.9996423,0.9986167
-0.06686554,0.99774283,-0.0061663613,86.25723,-0.9972982,-0.06664462,0.030903986,-31.498545,0.030423265,0.008216125,0.99950385,1.0364137
-0.07662476,0.9969907,-0.0117516965,86.177414,-0.9964806,-0.07617298,0.03499104,-32.49341,0.033990566,0.014391532,0.999319,1.0694131
-0.082383946,0.99649954,-0.014191955,86.08585,-0.9958554,-0.08176318,0.039838947,-33.491837,0.038539104,0.01741524,0.9991059,1.1116064
-0.086335324,0.9961345,-0.016191838,86.00501,-0.99531406,-0.08553088,0.045107417,-34.487965,0.04354814,0.020010345,0.9988515,1.1471758
-0.08970507,0.995823,-0.017010126,85.91516,-0.99486214,-0.08878743,0.048646297,-35.4876,0.046932813,0.021286564,0.9986718,1.1999454
-0.09230228,0.9955767,-0.017525937,85.82633,-0.9944722,-0.091286324,0.05188693,-36.499733,0.05005754,0.022218352,0.9984998,1.2508235
-0.09491867,0.995324,-0.017899832,85.73955,-0.99406344,-0.093806945,0.055124465,-37.504734,0.053187583,0.02302592,0.99831975,1.3067596
-0.096880324,0.9951215,-0.018636435,85.6371,-0.99367356,-0.09563647,0.058882475,-38.50798,0.0568129,0.024223099,0.9980917,1.3647718
-0.09905078,0.99487174,-0.020471543,85.535324,-0.9933954,-0.097664244,0.060232375,-39.534042,0.05792416,0.026302414,0.99797523,1.4303105
-0.101588435,0.994603,-0.021087443,85.44218,-0.9931868,-0.10018142,0.05953385,-40.53672,0.05709998,0.026991736,0.9980043,1.483626
-0.1034015,0.9944149,-0.021145068,85.338165,-0.99303603,-0.10200449,0.058949653,-41.56774,0.05646353,0.027093314,0.99803776,1.5520225
-0.10567897,0.99419135,-0.020386381,85.227135,-0.9927275,-0.104290135,0.060135085,-42.59499,0.057659682,0.02659315,0.99798286,1.619583
-0.10799198,0.99397635,-0.018674545,85.12477,-0.9923564,-0.106649265,0.062091332,-43.611946,0.059725687,0.025237184,0.99789655,1.6765753
-0.1104387,0.993741,-0.016793989,85.01213,-0.99193275,-0.109148,0.06447299,-44.647488,0.06223642,0.023778835,0.9977789,1.743699
-0.11308372,0.9934855,-0.014091999,84.900246,-0.99139553,-0.11188178,0.06795518,-45.67102,0.06593585,0.021655384,0.99758965,1.8130124
-0.11472783,0.99334663,-0.010003249,84.79537,-0.99089676,-0.11371912,0.072056,-46.71214,0.07043903,0.018179031,0.99735117,1.8832006
-0.11706853,0.9930989,-0.0070504285,84.67089,-0.9904308,-0.11622547,0.074425556,-47.764004,0.0730925,0.015695866,0.99720246,1.9629585
-0.12005738,0.9927561,-0.0046704803,84.55487,-0.9901655,-0.119400896,0.07291415,-48.809685,0.07182831,0.013378443,0.9973281,2.0472393
-0.122845754,0.99242204,-0.0027770961,84.43861,-0.99006116,-0.12235933,0.0693382,-49.862164,0.06847296,0.011267411,0.9975902,2.1102138
-0.12495522,0.9921592,-0.0025669746,84.30732,-0.9899442,-0.12450233,0.067159556,-50.919846,0.06631338,0.01093311,0.9977398,2.1955466
-0.1270917,0.9918887,-0.0021708847,84.17966,-0.98964304,-0.1266559,0.06756999,-51.975704,0.06674696,0.010735998,0.997713,2.268694
-0.12808008,0.9917602,-0.002727218,84.040825,-0.9893339,-0.1275732,0.07031593,-53.031147,0.06938862,0.01170421,0.99752194,2.345284
-0.12876987,0.99167204,-0.0022693865,83.90117,-0.98906755,-0.128265,0.072762266,-54.1052,0.07186522,0.011614176,0.9973476,2.4228323
-0.12933451,0.9916005,-0.001138318,83.7656,-0.9889222,-0.12890051,0.07360952,-55.1765,0.07284451,0.010645972,0.9972874,2.5065634
-0.12868868,0.9916841,0.0015202482,83.63859,-0.989072,-0.12846048,0.07235496,-56.247086,0.07194855,0.0078076404,0.99737865,2.5824778
-0.12866406,0.99167734,0.0046951794,83.50566,-0.9890783,-0.12866712,0.07190131,-57.320877,0.071907006,0.004607225,0.9974016,2.6641946
-0.12816173,0.99171287,0.008977098,83.37902,-0.9890482,-0.12847489,0.07265555,-58.40422,0.07320677,0.00043288758,0.9973177,2.7489305
-0.12806892,0.99167615,0.013311958,83.2448,-0.98900205,-0.12870176,0.07288168,-59.494804,0.07398829,-0.0038316648,0.99725276,2.832116
-0.12843297,0.991578,0.016689437,83.11165,-0.9889724,-0.12931061,0.072203,-60.58197,0.073753014,-0.0072321366,0.99725133,2.9181535
-0.12833774,0.991594,0.016469315,82.97067,-0.9893291,-0.12916423,0.06742093,-61.685593,0.068981424,-0.007640913,0.9975897,2.9975193
-0.12871289,0.9916086,0.012081152,82.82609,-0.9898483,-0.12920578,0.05922212,-62.793854,0.0602861,-0.0043358477,0.99817276,3.072958
-0.1293529,0.991586,0.0050608977,82.68703,-0.990121,-0.12943685,0.05392204,-63.8972,0.054123387,0.0019640815,0.99853337,3.134735
-0.12885374,0.99166137,-0.002256541,82.530396,-0.99013865,-0.12852891,0.05573926,-65.00249,0.05498442,0.009416513,0.99844384,3.2115982
-0.1286188,0.991673,-0.0065348223,82.38366,-0.98989207,-0.12798497,0.061112884,-66.11316,0.059767615,0.014329048,0.99811053,3.282902
-0.1277443,0.99176407,-0.009289524,82.24329,-0.9896764,-0.1268504,0.066713944,-67.21344,0.064986095,0.017715963,0.99772996,3.3411393
-0.12719677,0.9918317,-0.009576303,82.09639,-0.989527,-0.12622488,0.07003542,-68.3358,0.06825457,0.018384302,0.99749964,3.4462729
-0.12717557,0.99184895,-0.007928606,81.96098,-0.9895772,-0.12633157,0.06912787,-69.47386,0.06756276,0.016637357,0.9975774,3.5039883
-0.1263474,0.9919571,-0.0076379864,81.8196,-0.9899841,-0.12559947,0.06447961,-70.60149,0.06300167,0.015708327,0.997891,3.575947
-0.12601756,0.99201196,-0.0057256008,81.67645,-0.9901575,-0.12542334,0.062116314,-71.738655,0.06090199,0.013497002,0.9980538,3.6551082
-0.12614532,0.99200565,-0.003614042,81.537766,-0.9900849,-0.12567228,0.06276695,-72.8886,0.061810963,0.011495974,0.998023,3.7256966
-0.12567364,0.9920681,-0.0028178077,81.394,-0.9898607,-0.12520333,0.06709174,-74.01568,0.06620675,0.01122091,0.9977442,3.8088598
-0.12549335,0.9920883,-0.0036314696,81.26228,-0.9896517,-0.12492659,0.07059951,-75.17444,0.06958726,0.01245367,0.9974995,3.8875618
-0.12497314,0.992158,-0.002298283,81.11855,-0.98981047,-0.12451733,0.06907976,-76.318634,0.06825183,0.01090799,0.9976099,3.9731965
-0.12431026,0.99222386,-0.006317343,80.974915,-0.9903126,-0.123668626,0.06315381,-77.48055,0.061881438,0.014106824,0.9979852,4.046271
-0.12472683,0.992173,-0.0060899486,80.83447,-0.9903746,-0.12412467,0.06125758,-78.65334,0.060022183,0.013671807,0.99810475,4.1247377
-0.12432632,0.99223804,-0.0028073497,80.692055,-0.9902297,-0.12389352,0.06400588,-79.805756,0.06316124,0.01073755,0.9979469,4.2009015
-0.124106325,0.9922687,-0.0013061574,80.552986,-0.99005467,-0.12374122,0.066942036,-80.97291,0.06626284,0.009601111,0.9977573,4.2785616
-0.12411307,0.9922684,-0.00079240755,80.40679,-0.99006313,-0.12378386,0.06673855,-82.16649,0.06612445,0.009067673,0.9977715,4.362779
-0.12350671,0.99234414,-0.0006674756,80.26284,-0.9903437,-0.12321489,0.06355351,-83.3403,0.06298469,0.008510328,0.9979796,4.434813
-0.12295193,0.9924117,-0.001764304,80.11709,-0.9905081,-0.122605495,0.06215479,-84.529106,0.061466802,0.009389621,0.99806637,4.518605
-0.122469544,0.9924674,-0.0032939517,79.97447,-0.9905544,-0.12202575,0.062556796,-85.72412,0.06168361,0.010924153,0.9980374,4.597558
-0.1214509,0.99258363,-0.0053433906,79.82576,-0.99068624,-0.12088115,0.0626909,-86.911285,0.061580017,0.012907502,0.9980201,4.6772704
-0.12045791,0.99270356,-0.0055462243,79.68246,-0.9908084,-0.119877614,0.0626869,-88.11378,0.06156461,0.01304639,0.9980193,4.7487326
-0.11940607,0.9928287,-0.0058766557,79.5479,-0.99093354,-0.11880662,0.06274823,-89.308914,0.061600037,0.013315908,0.99801356,4.8310423
-0.117814906,0.99300593,-0.0077569704,79.402405,-0.9912184,-0.11712309,0.061399724,-90.52322,0.06006175,0.014922667,0.99808466,4.9104877
-0.11697971,0.9931157,-0.006182772,79.26675,-0.9913557,-0.11639525,0.060561754,-91.74153,0.05942516,0.013213834,0.9981469,4.9861236
-0.11554764,0.9932746,-0.0074550402,79.12724,-0.9915681,-0.114899136,0.059938964,-92.94855,0.05867925,0.014317997,0.9981758,5.0624337
-0.113671005,0.9935014,-0.0059259,78.99529,-0.9917374,-0.11310796,0.060540758,-94.16907,0.05947704,0.012758676,0.9981497,5.135318
-0.1126388,0.9936215,-0.0054904493,78.85776,-0.9917168,-0.112076,0.062756784,-95.40083,0.061741114,0.01251383,0.99801534,5.219097
-0.11112614,0.9938007,-0.0035323424,78.729996,-0.99190545,-0.110692926,0.062227573,-96.617744,0.061450776,0.0104188705,0.9980573,5.2932906
-0.11013327,0.9939164,-0.0014952109,78.60189,-0.99207455,-0.10983724,0.061036896,-97.86377,0.06050131,0.008205565,0.9981359,5.3717685
-0.10959438,0.99397564,0.0017303114,78.47458,-0.99208415,-0.10949277,0.061498903,-99.09076,0.061317835,0.00502333,0.99810725,5.4567423
-0.10986645,0.99393445,0.0050120885,78.34606,-0.9920604,-0.109966956,0.061034106,-100.33947,0.06121503,0.0017333154,0.9981247,5.535284
-0.11080589,0.9938207,0.0066186907,78.213776,-0.992086,-0.111003265,0.05869794,-101.60754,0.05906989,-6.222341e-05,0.99825543,5.6122003
-0.11186606,0.9936844,0.008864201,78.08471,-0.99204415,-0.11219085,0.057126604,-102.864975,0.057760272,-0.0024031405,0.99832916,5.6926513
-0.11340559,0.99349153,0.010725783,77.94825,-0.9919015,-0.11383232,0.0563508,-104.11931,0.057204958,-0.004248415,0.99835503,5.769398
-0.11510192,0.99329436,0.0109195225,77.8102,-0.9916971,-0.11553757,0.056479402,-105.37504,0.057362255,-0.0043279617,0.9983457,5.849892
-0.11744752,0.9930066,0.012057758,77.66685,-0.9915209,-0.11793449,0.054586828,-106.62433,0.055627074,-0.0055444217,0.9984378,5.9402905
-0.12003737,0.99269325,0.012351237,77.52915,-0.99139196,-0.120516695,0.0511828,-107.894035,0.05229732,-0.0061010583,0.99861455,5.998441
-0.12377853,0.9922175,0.013588494,77.38981,-0.99096334,-0.12431214,0.05039913,-109.13776,0.051696084,-0.0072273584,0.99863833,6.073105
-0.12934513,0.99140257,0.019800425,77.247055,-0.98993915,-0.130258,0.055273138,-110.36914,0.057377063,-0.012451893,0.9982766,6.1528964
-0.13721262,0.99028087,0.022756094,77.08354,-0.98866266,-0.13833068,0.058417745,-111.630615,0.06099781,-0.014482439,0.99803454,6.2305007
-0.14590915,0.9891095,0.019344341,76.91578,-0.987646,-0.14676729,0.054924652,-112.86124,0.057165585,-0.011091341,0.9983048,6.312975
-0.1567469,0.98748034,0.017727917,76.72204,-0.9861342,-0.15747339,0.05237793,-114.09634,0.054513827,-0.009272015,0.9984717,6.387791
-0.1702419,0.9852406,0.017887974,76.51911,-0.9838647,-0.17096202,0.05276551,-115.334114,0.05504486,-0.008616432,0.99844843,6.4813557
-0.18409105,0.98274267,0.01813154,76.3026,-0.98136264,-0.18480459,0.052693944,-116.535,0.05513535,-0.008093119,0.9984479,6.5534782
-0.19844665,0.97997326,0.016515397,76.073654,-0.97861904,-0.19904594,0.0518425,-117.76505,0.054091558,-0.0058742967,0.9985205,6.6121745
-0.2138824,0.9767423,0.015173113,75.82005,-0.9753287,-0.2143907,0.05265767,-118.95724,0.054685917,-0.003536209,0.9984992,6.7048783
-0.22887458,0.97333413,0.015447895,75.552666,-0.97169733,-0.22938578,0.056467753,-120.13899,0.058505483,-0.00208663,0.9982867,6.773776
-0.24512579,0.96930933,0.018820988,75.26069,-0.9674965,-0.24582006,0.05937227,-121.34172,0.062176637,-0.0036555517,0.9980602,6.866
-0.26039782,0.965242,0.022410663,74.967705,-0.9635469,-0.26127693,0.05756698,-122.504814,0.061421424,-0.006603393,0.9980918,6.945837
-0.2761149,0.9607314,0.02752086,74.660965,-0.9593919,-0.27722293,0.05212465,-123.686386,0.057707157,-0.012010882,0.99826306,7.0213666
-0.29157773,0.9560682,0.030290501,74.32532,-0.9549391,-0.2927772,0.04873403,-124.86865,0.055461388,-0.014715811,0.99835414,7.091565
-0.3065644,0.9512184,0.034689706,73.976295,-0.95014405,-0.30799294,0.048670907,-126.01011,0.056980804,-0.018039439,0.9982141,7.17776
-0.32129094,0.94627047,0.036686003,73.59872,-0.9451027,-0.32285193,0.05049503,-127.16344,0.059626054,-0.01844843,0.9980521,7.252536
-0.3352412,0.9413952,0.03728054,73.21452,-0.94011027,-0.33685115,0.05221262,-128.29758,0.06171066,-0.017543985,0.9979417,7.3353095
-0.34944344,0.9362663,0.03600341,72.81088,-0.9349346,-0.35095543,0.05224885,-129.43219,0.06155438,-0.015402802,0.99798673,7.4154196
-0.36358124,0.9308438,0.036606573,72.380325,-0.92960614,-0.36508316,0.050487954,-130.56152,0.06036079,-0.015673207,0.99805546,7.4957623
-0.37756944,0.92524016,0.037061308,71.945465,-0.92406857,-0.3790591,0.049129773,-131.67815,0.05950521,-0.015697278,0.9981065,7.577642
-0.3923411,0.91894275,0.04017947,71.49108,-0.9177368,-0.39401743,0.05011705,-132.7855,0.061886046,-0.017211188,0.9979368,7.6556067
-0.40687525,0.9125413,0.04150546,71.01921,-0.91123104,-0.40864202,0.051690754,-133.8747,0.06413076,-0.016789366,0.99780226,7.739284
-0.4216899,0.90574765,0.042434085,70.52822,-0.90431494,-0.42352203,0.05334603,-134.95792,0.066289745,-0.015878286,0.9976761,7.8192587
-0.4362081,0.89887303,0.04185275,70.014694,-0.8972381,-0.43801188,0.055781774,-136.03943,0.06847266,-0.013219412,0.9975675,7.9045653
-0.45090637,0.8914514,0.04471855,69.49139,-0.88958085,-0.45292923,0.059188787,-137.12007,0.07301819,-0.013092156,0.99724674,7.996351
-0.46584463,0.88360864,0.047185495,68.94507,-0.8816466,-0.46803433,0.060377955,-138.18588,0.075434834,-0.0134741785,0.9970618,8.087794
-0.48101783,0.8753946,0.048043083,68.37752,-0.8735405,-0.48321453,0.058591828,-139.2595,0.074506,-0.013783862,0.9971274,8.183979
-0.4964714,0.8666101,0.05004987,67.78232,-0.86502445,-0.49872866,0.05481703,-140.34033,0.07246621,-0.016079267,0.99724334,8.263697
-0.51265824,0.8570045,0.052219376,67.178116,-0.8554717,-0.5150305,0.053984117,-141.38998,0.07315911,-0.016996788,0.99717754,8.365871
-0.5284952,0.8471383,0.05524161,66.54525,-0.84570974,-0.53103894,0.05267937,-142.4353,0.07396207,-0.018877568,0.99708444,8.453458
-0.54417974,0.83705616,0.056633905,65.88971,-0.83566403,-0.5467857,0.05189753,-143.48637,0.074407674,-0.019085329,0.99704736,8.548055
-0.5595043,0.8266782,0.05966669,65.21867,-0.8253745,-0.5622924,0.05085915,-144.51689,0.075594194,-0.020791441,0.99692404,8.64304
-0.5750293,0.8158259,0.061412647,64.522194,-0.8145586,-0.57791114,0.050153207,-145.53603,0.076407254,-0.021184633,0.9968538,8.743314
-0.590072,0.8049485,0.0622506,63.805504,-0.8038803,-0.59292823,0.047064237,-146.54547,0.074794345,-0.022270737,0.9969525,8.839081
-0.60510314,0.7937945,0.06117673,63.057976,-0.7928764,-0.607794,0.04400032,-147.54076,0.07210997,-0.021880848,0.9971589,8.930578
-0.62009877,0.7821741,0.06069016,62.29066,-0.78136283,-0.62268734,0.04165579,-148.53825,0.070372984,-0.021590326,0.99728936,9.028797
-0.63474554,0.77026254,0.06160926,61.514053,-0.76950014,-0.6373601,0.04054803,-149.5178,0.07049982,-0.021670649,0.99727863,9.119133
-0.64945644,0.75751215,0.066210136,60.71676,-0.75681376,-0.6523852,0.04036171,-150.489,0.0737689,-0.023895571,0.99699134,9.218185
-0.6641103,0.7442909,0.07064483,59.897205,-0.7436862,-0.6673461,0.039780155,-151.43741,0.07675247,-0.026119176,0.99671024,9.314527
-0.67991,0.7296804,0.072738364,59.05091,-0.7293711,-0.68318516,0.035751645,-152.38684,0.075780965,-0.028745363,0.99671227,9.419028
-0.6959944,0.71438694,0.07242392,58.176205,-0.71442115,-0.69907254,0.03003943,-153.32019,0.07208927,-0.030833911,0.9969237,9.50228
-0.71284354,0.69744706,0.07364602,57.28706,-0.6977171,-0.71589315,0.026271868,-154.23886,0.07104584,-0.032656357,0.99694055,9.606173
-0.7300144,0.679226,0.0757175,56.372276,-0.6796694,-0.73313606,0.023733493,-155.12102,0.071631566,-0.034137085,0.996849,9.702641
-0.7467171,0.6603941,0.07934257,55.423134,-0.6612366,-0.7499406,0.01890593,-155.99335,0.07198751,-0.038346842,0.99667025,9.795814
-0.76338655,0.64105785,0.07929523,54.45955,-0.6418624,-0.7666036,0.018267225,-156.84767,0.0724983,-0.03695169,0.99668586,9.882115
-0.7792172,0.62143755,0.08147387,53.471233,-0.6223094,-0.7825811,0.017325211,-157.6613,0.074526384,-0.037201867,0.996527,10.0054245
-0.79450554,0.6021481,0.07861695,52.46834,-0.6027136,-0.7977326,0.01900913,-158.4621,0.074161544,-0.032280646,0.9967258,10.085673
-0.80906713,0.58271885,0.07649267,51.43684,-0.58312523,-0.81215584,0.019239472,-159.22456,0.0733351,-0.02903878,0.9968867,10.198185
-0.82303226,0.5626264,0.07791977,50.38664,-0.5628794,-0.8262791,0.020780072,-159.96736,0.07607483,-0.026756769,0.99674517,10.294562
-0.8363987,0.5419839,0.08180923,49.32658,-0.54224414,-0.8399611,0.02094839,-160.67969,0.080070205,-0.02683938,0.9964299,10.408917
-0.8493724,0.5214843,0.081380196,48.24759,-0.52162904,-0.85291094,0.021173673,-161.36908,0.080451734,-0.024465946,0.9964603,10.512293
-0.86098737,0.5024441,0.079074316,47.144768,-0.5024822,-0.8643367,0.020876676,-162.02812,0.07883614,-0.021758888,0.99665225,10.619179
-0.8712874,0.4842236,0.079924434,46.043682,-0.48414645,-0.8747204,0.021649273,-162.66907,0.08039456,-0.0198324,0.996568,10.716951
-0.88067335,0.46664113,0.08162564,44.93005,-0.46630165,-0.8842917,0.024356892,-163.28168,0.083546735,-0.016611714,0.99636763,10.847846
-0.8892176,0.44959357,0.084616706,43.799484,-0.4494686,-0.893036,0.021610208,-163.87271,0.08528151,-0.018816385,0.9961815,10.953929
-0.89715475,0.43337405,0.085455835,42.648476,-0.43336535,-0.90100574,0.01963015,-164.45564,0.08550335,-0.019422328,0.99615085,11.057681
-0.90440065,0.41788098,0.086239,41.49237,-0.41806048,-0.90826416,0.016847458,-165.00937,0.08536798,-0.02081628,0.9961343,11.180193
-0.9107712,0.40378597,0.086342126,40.33229,-0.40401515,-0.9146206,0.015594088,-165.53673,0.08526691,-0.020680893,0.9961457,11.29672
-0.91674894,0.38997108,0.086581185,39.163013,-0.39041096,-0.920557,0.012504163,-166.06035,0.08457913,-0.02233908,0.99616855,11.412017
-0.9225969,0.3763486,0.08473003,37.97591,-0.37704143,-0.9261605,0.008294387,-166.5606,0.081595145,-0.024294373,0.9963716,11.517686
-0.9277217,0.36413118,0.08211788,36.78385,-0.36505905,-0.9309772,0.003962898,-167.05287,0.07789285,-0.026301423,0.99661696,11.62959
-0.9320993,0.35348085,0.07902296,35.586178,-0.3542194,-0.93515056,0.0049471585,-167.52061,0.07564705,-0.023380239,0.9968627,11.727969
-0.9355107,0.34461796,0.077849805,34.381783,-0.34507263,-0.93854344,0.00797173,-167.97055,0.07581258,-0.019406214,0.9969354,11.847538
-0.937517,0.3389771,0.07847746,33.175137,-0.33893788,-0.9407023,0.014237412,-168.406,0.07865004,-0.013251185,0.9968164,11.950558
-0.93932676,0.33384985,0.07881404,31.978113,-0.33363238,-0.9425634,0.016311958,-168.84212,0.07973293,-0.010972675,0.99675804,12.06219
-0.9411294,0.3286822,0.07902895,30.769463,-0.3286172,-0.94435763,0.014210058,-169.26845,0.07930213,-0.012596784,0.99677324,12.174105
-0.9428818,0.32391357,0.07782001,29.552567,-0.32436126,-0.9459074,0.007178503,-169.70625,0.07593568,-0.018473333,0.9969438,12.270136
-0.9448385,0.31821164,0.077611916,28.341244,-0.31905386,-0.94773656,0.0016381964,-170.1379,0.07407688,-0.023214567,0.99698454,12.374611
-0.94606,0.31364584,0.08123348,27.125097,-0.31508243,-0.9490516,-0.005171571,-170.56464,0.07547266,-0.030487876,0.99668396,12.4699135
-0.94705915,0.30963272,0.084903985,25.908234,-0.31139216,-0.95024943,-0.007983074,-170.97157,0.078208074,-0.033998895,0.9963594,12.577803
-0.9477673,0.30688187,0.086964905,24.707012,-0.30871978,-0.95111924,-0.008193301,-171.37683,0.080199555,-0.03461314,0.99618,12.683427
-0.94769925,0.3065406,0.088889815,23.474752,-0.3083576,-0.9512453,-0.00713495,-171.78987,0.0823688,-0.034171645,0.99601823,12.793973
-0.94751734,0.30688345,0.089643076,22.257854,-0.3085392,-0.95120066,-0.0048841,-172.19295,0.08376963,-0.032286186,0.9959643,12.914444
-0.94720954,0.30739123,0.09114354,21.052921,-0.30901438,-0.9510509,-0.0039060484,-172.59047,0.08548139,-0.031864524,0.9958324,13.020462
-0.9464371,0.30940515,0.092345595,19.829477,-0.31098664,-0.95041144,-0.0028850571,-172.99199,0.08687359,-0.03144878,0.99572515,13.139785
-0.9460057,0.310919,0.091679454,18.615665,-0.3123161,-0.94997936,-0.0009326639,-173.40503,0.08680354,-0.029515287,0.9957904,13.257952
-0.94499534,0.31398696,0.09164396,17.398098,-0.31541598,-0.9489544,-0.0011638652,-173.817,0.08660043,-0.03000583,0.99579346,13.381702
-0.9437836,0.31737298,0.09246474,16.193947,-0.3189895,-0.9477556,-0.0028588076,-174.23488,0.0867266,-0.032193385,0.9957142,13.497499
-0.9424927,0.32176757,0.09042146,14.994894,-0.3234068,-0.9462545,-0.003691864,-174.6391,0.08437373,-0.032722477,0.9958991,13.614205
-0.94056964,0.32801393,0.08796894,13.780643,-0.32974577,-0.9440554,-0.0055117356,-175.06886,0.081239566,-0.034191567,0.9961103,13.72696
-0.93834615,0.33482566,0.08603034,12.581301,-0.33663067,-0.9416127,-0.0069664023,-175.5094,0.07867468,-0.03549736,0.99627054,13.829414
-0.9358188,0.34227234,0.08423608,11.394466,-0.34388852,-0.9389987,-0.0050259596,-175.93182,0.077377275,-0.03367122,0.99643546,13.945756
-0.9326436,0.3506874,0.084836535,10.2160225,-0.35228425,-0.93588555,-0.0041450197,-176.38258,0.07794363,-0.033752408,0.9963886,14.045759
-0.92902386,0.35997063,0.085666776,9.027002,-0.36148185,-0.93237805,-0.002286456,-176.8501,0.079050705,-0.033091165,0.9963236,14.159762
-0.924801,0.37079477,0.08519048,7.8562913,-0.37213203,-0.9281815,0.00020483765,-177.31615,0.07914813,-0.031512685,0.99636704,14.262098
-0.9199147,0.3827289,0.085314214,6.6660075,-0.3839517,-0.92335224,0.0022435247,-177.82251,0.07963367,-0.0306927,0.9963539,14.368858
-0.9142658,0.39576763,0.08653907,5.501547,-0.39695212,-0.91783327,0.0038076178,-178.3134,0.080935284,-0.030870706,0.9962436,14.4781685
-0.90827894,0.4095741,0.08533166,4.3419676,-0.41053846,-0.9118203,0.0067393766,-178.84145,0.08056733,-0.028910711,0.9963323,14.591745
-0.90229005,0.42303517,0.083168216,3.1826901,-0.42402112,-0.90563226,0.0063097584,-179.37547,0.07798898,-0.029571865,0.996518,14.691248
-0.89582294,0.4368814,0.081479795,2.022275,-0.4376051,-0.89911675,0.009710632,-179.94289,0.077502154,-0.026956988,0.99663013,14.805431
-0.88926667,0.45022357,0.08066353,0.88897884,-0.45086914,-0.8925234,0.011067052,-180.50888,0.07697665,-0.02652716,0.99668235,14.911089
-0.88220316,0.46457216,0.07676911,-0.22463822,-0.46497196,-0.88522166,0.013680184,-181.08421,0.07431303,-0.023626806,0.9969575,15.015593
-0.87479556,0.47906128,0.07236224,-1.3452,-0.47925153,-0.8775364,0.015853504,-181.69185,0.07109521,-0.020811167,0.99725485,15.118072
-0.86703545,0.4935127,0.06854262,-2.4248414,-0.4934494,-0.86956805,0.019044166,-182.29918,0.06900093,-0.017310383,0.9974688,15.2207985
-0.85831714,0.50893295,0.06543961,-3.50628,-0.50865364,-0.8606891,0.022120224,-182.92676,0.0675808,-0.014299969,0.9976137,15.31991
-0.84781647,0.5266785,0.061810095,-4.6036544,-0.5261698,-0.84999716,0.025570974,-183.58224,0.066006005,-0.010843152,0.99776274,15.416233
-0.83751667,0.54325426,0.058686294,-5.618312,-0.54257,-0.83953154,0.028428236,-184.22908,0.06471267,-0.008032345,0.99787396,15.510912
-0.82644033,0.56018484,0.056505263,-6.6718206,-0.5594057,-0.8283432,0.03027345,-184.92651,0.06376439,-0.006590211,0.9979456,15.603233
-0.8150365,0.5768307,0.054639682,-7.658097,-0.5759211,-0.8168516,0.032743264,-185.6115,0.06351974,-0.004781241,0.99797153,15.689112
-0.8026669,0.5940477,0.053261034,-8.6551695,-0.5930773,-0.80442107,0.034204956,-186.3308,0.06316358,-0.00413277,0.9979971,15.778271
-0.78882813,0.61264735,0.049162447,-9.656742,-0.61158645,-0.7903567,0.036086872,-187.09657,0.060964298,-0.0016007961,0.9981411,15.866001
-0.7744286,0.6310776,0.044776876,-10.595136,-0.6299477,-0.775721,0.03777431,-187.84251,0.058572784,0.0010463652,0.99828506,15.951182
-0.75824964,0.6505374,0.043151844,-11.512495,-0.64927065,-0.7594709,0.040690005,-188.60413,0.059242837,0.0028359059,0.99824196,16.035425
-0.74069035,0.6704748,0.04295189,-12.441178,-0.66906065,-0.7419254,0.043687697,-189.41426,0.061158497,0.003621588,0.9981238,16.122423
-0.72331285,0.68921417,0.042494573,-13.300615,-0.687782,-0.7245536,0.044522163,-190.22401,0.061474793,0.0029764036,0.9981066,16.205568
-0.704261,0.70878905,0.040472884,-14.163809,-0.7073663,-0.70541596,0.04500468,-191.07106,0.060448933,0.003065843,0.998169,16.291527
-0.68458277,0.7278623,0.039578833,-14.966347,-0.72647405,-0.6857225,0.044993363,-191.92766,0.05988896,0.002048644,0.9982054,16.370602
-0.6644499,0.7462707,0.039874043,-15.747978,-0.74489135,-0.6656447,0.04536765,-192.79268,0.060398385,0.00044266053,0.99817675,16.452427
-0.6434788,0.76436204,0.041099764,-16.542894,-0.76303643,-0.64478534,0.045070842,-193.70007,0.060950853,-0.0023585223,0.99814045,16.534416
-0.62288773,0.78127164,0.040361423,-17.268454,-0.77996457,-0.6241851,0.045302995,-194.60768,0.06058683,-0.0032618353,0.99816006,16.612268
-0.6003862,0.79881567,0.037861407,-17.990757,-0.7975408,-0.6015706,0.045228727,-195.54298,0.058905616,-0.003041351,0.9982614,16.693886
-0.5762936,0.81644666,0.036110304,-18.689219,-0.8151545,-0.5774159,0.0460219,-196.50806,0.058424983,-0.0029133868,0.99829006,16.77583
-0.5514984,0.8334628,0.034537446,-19.346767,-0.8320391,-0.5525751,0.04874119,-197.47066,0.059708383,-0.0018558493,0.99821675,16.858112
-0.5248135,0.85059494,0.03259751,-19.986551,-0.8491212,-0.5258224,0.050079804,-198.4729,0.059738006,-0.0013967134,0.99821573,16.939026
-0.49796048,0.86661476,0.031902175,-20.575962,-0.8652478,-0.49896973,0.04877944,-199.47827,0.058191083,-0.0033130806,0.99830264,17.014545
-0.4705092,0.88192165,0.02896216,-21.128244,-0.88065207,-0.4713883,0.047422267,-200.49998,0.05547503,-0.0031929952,0.9984577,17.087057
-0.441055,0.8970737,0.027068106,-21.660637,-0.8957803,-0.4418742,0.04825595,-201.54082,0.055249732,-0.002963568,0.9984709,17.166729
-0.41062686,0.9114554,0.025258835,-22.140585,-0.91000676,-0.411398,0.05141199,-202.59758,0.05725106,-0.0018745868,0.9983608,17.23722
-0.37880638,0.92519456,0.022896364,-22.602633,-0.92366445,-0.37949565,0.05320685,-203.67242,0.057915643,-0.0009934811,0.99832374,17.313593
-0.3461992,0.93797606,0.018722558,-23.03694,-0.93641436,-0.34670222,0.054126453,-204.7896,0.05726035,0.0012064446,0.9983613,17.392397
-0.3141164,0.9492501,0.01608219,-23.416428,-0.947714,-0.31452227,0.05401919,-205.89674,0.056335807,0.0017269801,0.9984132,17.464169
-0.28047645,0.9597871,0.012054643,-23.762386,-0.9583001,-0.28071326,0.053525966,-207.01682,0.054757304,0.003460792,0.99849653,17.536512
-0.2468695,0.9690058,0.009313425,-24.06398,-0.96763134,-0.24701571,0.05173857,-208.14413,0.052435413,0.0037607003,0.99862003,17.608294
-0.21222313,0.9772048,0.0059655868,-24.33344,-0.97590816,-0.21224935,0.0505719,-209.28036,0.05068518,0.004910651,0.9987054,17.682056
-0.17696606,0.9842132,0.0032963415,-24.560455,-0.98294604,-0.17690563,0.050255366,-210.43593,0.050045017,0.005653359,0.9987338,17.754072
-0.14197612,0.98987144,0.00078177475,-24.735033,-0.98860896,-0.14183393,0.05039389,-211.57774,0.04999424,0.006381852,0.998732,17.820635
-0.10641815,0.9943217,-0.0016865244,-24.879183,-0.9930844,-0.10619985,0.050091125,-212.7302,0.049627468,0.0070054606,0.9987461,17.888527
-0.07069971,0.9974943,-0.0031323163,-24.979227,-0.99621886,-0.07044862,0.050882585,-213.90524,0.050534308,0.0067178537,0.9987026,17.956697
-0.036709767,0.9993186,-0.0042104176,-25.02625,-0.9980305,-0.036446247,0.05109795,-215.05804,0.050909568,0.006077919,0.9986876,18.01991
-0.0029629394,0.999985,-0.0049214815,-25.043251,-0.99874896,-0.0027124248,0.04997233,-216.21445,0.04995812,0.0050633927,0.9987413,18.088123
0.029831475,0.99954146,-0.0054762624,-25.024715,-0.9982687,0.030071571,0.050589956,-217.36127,0.05073133,0.003957615,0.9987074,18.15477
0.06275809,0.9979963,-0.008230648,-24.960836,-0.99671537,0.063097455,0.050805997,-218.52853,0.051223427,0.0050151343,0.99867755,18.221773
0.09517357,0.9953995,-0.011162989,-24.866566,-0.99421084,0.09561106,0.04906522,-219.7108,0.04990671,0.0064286627,0.99873614,18.286776
0.12585446,0.99195135,-0.013996917,-24.732086,-0.9908383,0.12638642,0.04764469,-220.85535,0.049030144,0.007872397,0.9987692,18.35421
0.15600774,0.98761755,-0.016610742,-24.55987,-0.98649454,0.15663737,0.04792931,-222.01596,0.0499376,0.008909076,0.9987155,18.420261
0.18626323,0.9822841,-0.02066021,-24.359232,-0.98118263,0.18706231,0.0478782,-223.18535,0.050894644,0.011353504,0.99864244,18.487112
