'02':
  ARE: 0.0014319063918236887
  ATE: 0.022952948332956764
  STD_ARE: 0.0014260345864880257
  STD_ATE: 0.01800073460578767
  nsecs_per_frame: 0.39735211698928635
  rot_err: 2.8430273753496143e-05
  tr_err: 0.005236285826637852
AVG:
  ARE: 0.0014319063918236887
  ATE: 0.022952948332956764
  STD_ARE: 0.0014260345864880257
  STD_ATE: 0.01800073460578767
  nsecs_per_frame: 0.39735211698928635
  rot_err: 2.8430273753496143e-05
  tr_err: 0.005236285826637852
