0,1,2,3,4,5,6,7,8,9,10,11
1.0,0.0,0.0,0.0,0.0,1.0,0.0,0.0,0.0,0.0,1.0,0.0
0.9999983,-0.0017788163,-0.0005981252,0.5604271,0.0017780025,0.99999756,-0.0013583958,0.0014576896,0.00060054,0.0013573299,0.9999989,0.00967731
0.9999946,-0.002667196,-0.0019457577,1.1298103,0.0026637572,0.99999493,-0.0017677923,0.0011853701,0.0019504627,0.0017625996,0.9999966,0.022605274
0.9999834,-0.0046532396,-0.0034070555,1.6805851,0.004646384,0.99998724,-0.0020173197,0.008319341,0.0034163988,0.0020014555,0.99999225,0.030447483
0.99996465,-0.006728974,-0.005035644,2.2395139,0.006707062,0.9999681,-0.0043557505,0.0101772575,0.0050647925,0.004321822,0.99997795,0.039047457
0.9999432,-0.008220761,-0.006785153,2.8036058,0.00817622,0.99994516,-0.0065663885,0.0139167635,0.0068387603,0.0065105385,0.9999556,0.052719288
0.99992454,-0.0096468665,-0.00760085,3.3659487,0.009589278,0.9999255,-0.007576862,0.018766606,0.007673375,0.007503404,0.99994254,0.062102567
0.99991477,-0.010931458,-0.0071326853,3.9494774,0.010873763,0.99990845,-0.008078132,0.02898589,0.007220336,0.007999885,0.99994206,0.06999464
0.9998947,-0.012397518,-0.007541847,4.529225,0.012335642,0.9998905,-0.008196434,0.03794194,0.007642634,0.008102537,0.99993813,0.08304484
0.9998635,-0.0132341795,-0.009889195,5.1248846,0.013157413,0.9998833,-0.0077879797,0.048364718,0.009991106,0.0076568006,0.9999209,0.09646879
0.9997964,-0.01483197,-0.013681458,5.723661,0.014745427,0.99987096,-0.0064050467,0.064232744,0.013774689,0.006202004,0.99988604,0.11022696
0.99971604,-0.016099267,-0.017567988,6.333526,0.016017824,0.9998605,-0.0047669197,0.0810206,0.017642278,0.0044841655,0.9998344,0.1206798
0.99969953,-0.01693427,-0.017725911,6.9594154,0.016884977,0.9998534,-0.002927161,0.095997006,0.017772878,0.0026269802,0.99983877,0.13451667
0.99976385,-0.01843819,-0.011508727,7.600717,0.018429961,0.9998301,-0.000821413,0.11394888,0.011521916,0.00060911407,0.9999336,0.14088482
0.9998202,-0.018936865,-0.0010943407,8.262977,0.018936865,0.999821,-1.8347637e-05,0.12566268,0.0010944932,-2.3784814e-06,0.9999996,0.15384285
0.9997813,-0.02008158,0.0058464697,8.933171,0.020077493,0.9997985,0.0007582146,0.14890233,-0.005860515,-0.00064066565,0.99998283,0.16647246
0.9997574,-0.021338647,0.0054636826,9.61519,0.021323955,0.9997692,0.002734943,0.16713256,-0.0055207787,-0.0026177713,0.9999816,0.18267676
0.99976337,-0.021667957,-0.0019454098,10.303096,0.021678284,0.9997505,0.0054486943,0.1874552,0.0018268646,-0.0054895766,0.99998355,0.18328053
0.99970406,-0.022980137,-0.007989274,11.016699,0.023025006,0.9997198,0.005569214,0.2129144,0.007859054,-0.005751517,0.9999529,0.18409432
0.9996887,-0.023991436,-0.006863398,11.745016,0.024017053,0.99970526,0.003673091,0.23349775,0.006773252,-0.003836785,0.99997,0.1886479
0.99969065,-0.024771705,0.0022719349,12.502788,0.024766563,0.9996911,0.0022699544,0.25359035,-0.0023274624,-0.002212983,0.9999952,0.19409056
0.9996426,-0.024870003,0.009813968,13.274239,0.024858052,0.9996906,0.0013389838,0.27249798,-0.00984423,-0.001094548,0.99995124,0.19462265
0.9995886,-0.025794886,0.012546095,14.065396,0.025788665,0.9996677,0.000658478,0.3009402,-0.012558908,-0.0003346593,0.9999214,0.19683865
0.99959594,-0.025809407,0.011918518,14.867886,0.025824128,0.9996664,-0.0010816881,0.3187109,-0.011886622,0.0013890365,0.9999287,0.19906625
0.99963814,-0.025141792,0.009574359,15.6921015,0.025156125,0.9996831,-0.0013781296,0.3372272,-0.009536674,0.0016184847,0.9999536,0.19930553
0.99967074,-0.02499722,0.005807862,16.518291,0.02499368,0.9996879,0.0006831242,0.36498237,-0.0058231233,-0.0005377389,0.9999833,0.18430576
0.99972206,-0.023571549,0.0005944489,17.373886,0.023572719,0.9997206,-0.0020253707,0.38173208,-0.0005465406,0.0020388206,0.9999982,0.19018878
0.999715,-0.023186201,-0.0057045165,18.227844,0.023159733,0.9997214,-0.00466499,0.4006611,0.0058110906,0.0045315456,0.9999733,0.19994158
0.9997048,-0.021695938,-0.010950502,19.132086,0.021654915,0.99975866,-0.0038519073,0.42477167,0.011031427,0.0036136378,0.9999331,0.21109922
0.99968374,-0.021901648,-0.012369471,20.02929,0.02187913,0.9997593,-0.0019539157,0.45307437,0.012409285,0.0016826648,0.9999221,0.21623048
0.9996889,-0.022050401,-0.011667538,20.948536,0.022025215,0.99975544,-0.002283886,0.47661057,0.011715043,0.0020261959,0.99992985,0.23540072
0.99968046,-0.021864064,-0.012697592,21.899544,0.021845676,0.99976075,-0.0015860202,0.49578965,0.0127292285,0.0013081266,0.99991864,0.25362206
0.9996507,-0.021859562,-0.014860565,22.836906,0.02188808,0.99975955,0.0017582228,0.52953327,0.014818554,-0.0020828762,0.99988854,0.27510417
0.9996369,-0.021746755,-0.015915759,23.806917,0.021839667,0.99974597,0.00568671,0.55492514,0.015788045,-0.006032238,0.99985766,0.29392454
0.99962944,-0.022015546,-0.016013637,24.767883,0.02212705,0.99973255,0.0068188733,0.59067655,0.01585923,-0.007170679,0.999849,0.3172926
0.9996323,-0.02186874,-0.016033787,25.755695,0.02199331,0.99972963,0.0076337014,0.614416,0.01586251,-0.007983528,0.9998428,0.3417783
0.99962497,-0.022325348,-0.015860371,26.741272,0.02245384,0.99971676,0.007969205,0.64239573,0.015677962,-0.0083223395,0.999843,0.36810485
0.99962884,-0.022770183,-0.014956653,27.731363,0.022901086,0.9997011,0.008638912,0.67063034,0.01475547,-0.008978225,0.9998514,0.39352006
0.9996524,-0.022890072,-0.013081192,28.753038,0.023010787,0.999694,0.009151995,0.6993979,0.0128676975,-0.009449819,0.9998731,0.41752556
0.9996568,-0.023327671,-0.011921615,29.752085,0.023445332,0.99967754,0.009825589,0.72958875,0.01168856,-0.010101719,0.99988127,0.4400235
0.99964947,-0.023254652,-0.012657883,30.784267,0.023381237,0.9996779,0.0099448105,0.75800544,0.012422539,-0.010237277,0.9998711,0.47031656
0.9996264,-0.023753358,-0.013527129,31.793385,0.023910293,0.99964803,0.011559303,0.7910579,0.013247792,-0.011878416,0.99984235,0.4923131
0.9996291,-0.02399384,-0.012896433,32.837025,0.024139713,0.99964577,0.011275723,0.82327914,0.012621312,-0.01158285,0.99985397,0.5137808
0.9996525,-0.024323836,-0.010174908,33.891365,0.024429234,0.9996486,0.01036418,0.84737825,0.009919232,-0.010609137,0.9998953,0.54037166
0.99966526,-0.025004959,-0.00666829,34.934624,0.025073702,0.99963194,0.010430149,0.87987363,0.006405027,-0.010593849,0.9999241,0.5580089
0.9996681,-0.02540281,-0.0043330053,36.009815,0.025445245,0.99962664,0.010032963,0.9132779,0.004076519,-0.010139881,0.99994105,0.5797745
0.999652,-0.026110036,-0.0038156167,37.068745,0.026147349,0.9996081,0.010076027,0.93966967,0.003551033,-0.010172282,0.9999427,0.59682417
0.99964434,-0.02618962,-0.0050813453,38.145348,0.026240064,0.9996052,0.010125355,0.97267455,0.004814157,-0.010255081,0.99993664,0.6147652
0.9996223,-0.026933135,-0.0055124923,39.21388,0.026991744,0.99957764,0.010845761,1.0095601,0.00521805,-0.010990447,0.99992687,0.630628
0.9996063,-0.027698442,-0.0045377756,40.292652,0.027745323,0.9995595,0.010612435,1.044232,0.004241825,-0.010734148,0.9999343,0.64762586
0.99960077,-0.028145917,-0.0025811968,41.376335,0.028170943,0.9995516,0.010225934,1.0787514,0.002292218,-0.010294556,0.9999452,0.66726094
0.9995633,-0.02956087,-0.000121789984,42.45285,0.02956067,0.9995161,0.009759601,1.1154643,-0.00016677394,-0.009758928,0.9999532,0.6828002
0.99956214,-0.029600078,-3.529791e-05,43.533215,0.029598756,0.9995043,0.010799859,1.152264,-0.0002843989,-0.010796161,0.99994254,0.7013185
0.99954087,-0.030108921,-0.0034926503,44.59682,0.030150598,0.9994673,0.012559167,1.1899066,0.003112643,-0.012658693,0.9999159,0.7217454
0.99951756,-0.030133778,-0.007569052,45.683517,0.030243924,0.9994326,0.014882299,1.2279135,0.0071162926,-0.015104022,0.99986154,0.74276745
0.99950755,-0.03031919,-0.008135137,46.758923,0.030446177,0.9994098,0.015965264,1.2676615,0.0076462766,-0.01620507,0.9998404,0.76113766
0.9995292,-0.030188654,-0.005567737,47.84349,0.03026716,0.9994362,0.014596082,1.3067775,0.005123957,-0.014757712,0.99987894,0.7804919
0.99954826,-0.029831544,-0.0037871357,48.92676,0.029887017,0.99943334,0.01554276,1.3424366,0.0033213217,-0.015648905,0.999873,0.7984159
0.9995453,-0.030073335,-0.0024294972,50.01787,0.030104447,0.99945,0.013972655,1.380029,0.0020079538,-0.014039421,0.9999004,0.8202289
0.99956,-0.029530736,-0.0029913695,51.09349,0.029571943,0.9994539,0.014811265,1.4169658,0.002552345,-0.014893189,0.9998869,0.8368233
0.99956304,-0.029230796,-0.0045303223,52.172787,0.029292041,0.9994725,0.014093309,1.4506898,0.00411597,-0.014219833,0.99989146,0.86025876
0.9995584,-0.028878745,-0.0070870463,53.24388,0.028980933,0.9994719,0.014762489,1.4854705,0.0066569764,-0.0149613395,0.99986696,0.8745561
0.9995531,-0.028448075,-0.009249981,54.327995,0.028571207,0.99950206,0.013460242,1.5180357,0.008862451,-0.0137184905,0.9998677,0.9011805
0.999513,-0.028615836,-0.012499165,55.404163,0.028763486,0.99951756,0.011794722,1.554176,0.012155612,-0.012148479,0.9998534,0.927113
0.9995059,-0.028048301,-0.01423298,56.48449,0.02821141,0.999538,0.011389238,1.5866343,0.013906948,-0.011785125,0.9998349,0.9602083
0.9995329,-0.028111285,-0.012043578,57.561462,0.0282316,0.99955297,0.009936463,1.618879,0.011758861,-0.010271815,0.9998791,0.98848027
0.99959016,-0.02791152,-0.006467688,58.65241,0.027962586,0.9995784,0.007938846,1.6499826,0.006243373,-0.00811643,0.9999486,1.0114994
0.9996116,-0.027886048,-0.0006383541,59.744984,0.02788946,0.9995934,0.0061015654,1.6821035,0.0004679466,-0.0061169844,0.99998224,1.0304072
0.99961466,-0.02777645,0.0007055993,60.83695,0.027773077,0.99960536,0.0044482034,1.7123971,-0.00082887465,-0.004426879,0.9999909,1.0524197
0.9996227,-0.027414383,-0.0021066733,61.923843,0.027418522,0.9996232,0.0019455452,1.7432668,0.0020525428,-0.0020025608,0.99999696,1.0669878
0.99960685,-0.027518937,-0.005507465,63.00187,0.027522309,0.99962205,0.0005312861,1.773185,0.0054907603,-0.0006826441,0.99998575,1.0849409
0.99958855,-0.02716964,-0.0092693735,64.089516,0.027191838,0.99962866,0.0022737929,1.8092439,0.009204148,-0.002524896,0.99995553,1.1035036
0.9995393,-0.027265977,-0.013381386,65.17994,0.027300887,0.9996253,0.0024304837,1.8427678,0.013310095,-0.0027946748,0.9999086,1.1338025
0.9995426,-0.02664436,-0.014347827,66.266266,0.026723256,0.9996296,0.005333162,1.8787249,0.014200406,-0.0057141287,0.99988395,1.1586581
0.9996041,-0.025784053,-0.011310193,67.37013,0.025881605,0.9996293,0.008562401,1.9193518,0.01108522,-0.008851722,0.99990046,1.1780789
0.9996295,-0.025707176,-0.009004355,68.45947,0.025798142,0.9996168,0.010132441,1.953515,0.008740422,-0.010360967,0.9999092,1.2103407
0.9996408,-0.025514921,-0.008275202,69.556206,0.02559711,0.99962354,0.009978729,1.9864413,0.008017474,-0.01018695,0.9999171,1.2345616
0.9996379,-0.025869772,-0.007488991,70.652275,0.025934756,0.9996267,0.008709773,2.0183282,0.00726087,-0.008900829,0.9999351,1.2591579
0.9996452,-0.025937444,-0.0061695185,71.73712,0.02598605,0.9996319,0.007927808,2.0464897,0.005961615,-0.008085301,0.99995065,1.2819232
0.9996417,-0.026480878,-0.0040603965,72.83256,0.026505437,0.99963105,0.006110614,2.0795314,0.00389708,-0.006216034,0.9999742,1.3050725
0.99963343,-0.027010605,-0.0021704638,73.92279,0.027021006,0.99962395,0.004899062,2.112117,0.0020373182,-0.004955902,0.99998677,1.32549
0.9996185,-0.027457101,-0.0031949198,75.00855,0.02747105,0.999614,0.0043972875,2.1423395,0.0030729463,-0.0044833655,0.99998635,1.3477273
0.9995854,-0.027987974,-0.006850907,76.07379,0.028022202,0.9995962,0.004947859,2.175555,0.0067096543,-0.0051377723,0.9999654,1.3718535
0.99956506,-0.028167916,-0.00880013,77.15459,0.02821829,0.99958694,0.005650188,2.21176,0.008637334,-0.005896042,0.9999465,1.3950931
0.9995545,-0.028932098,-0.0074110157,78.23046,0.02898272,0.99955785,0.006812795,2.2498267,0.007210624,-0.0070245382,0.9999505,1.4162214
0.99955755,-0.02955859,-0.003501821,79.30554,0.029585376,0.9995326,0.007853809,2.2863057,0.0032680323,-0.007953922,0.99996424,1.4406533
0.999554,-0.029878857,0.0005617804,80.37293,0.02987261,0.9995142,0.0090168305,2.3231928,-0.0008309225,-0.008996013,0.9999604,1.4573891
0.99953264,-0.03056178,0.0013233956,81.45145,0.030547215,0.9994853,0.009915766,2.3641696,-0.00162576,-0.009870691,0.99995124,1.4773589
0.9995172,-0.031086933,-0.0005034561,82.509796,0.031090515,0.99946374,0.010394637,2.4012022,0.00018004572,-0.010405255,0.99994713,1.4942851
0.99949306,-0.03182432,-0.0014871919,83.56334,0.031838015,0.99944115,0.010307298,2.4390793,0.0011583343,-0.010349406,0.9999471,1.5120635
0.99948615,-0.032041248,-0.0014929826,84.60811,0.03205456,0.999438,0.009936892,2.4791157,0.0011737494,-0.009979627,0.9999508,1.5288606
0.999458,-0.032918096,-0.0012549909,85.63532,0.03292795,0.9994199,0.008838172,2.5149958,0.0009633237,-0.00887469,0.9999615,1.5512185
0.99944246,-0.03341014,0.00031294164,86.64962,0.033406485,0.99940956,0.0081889825,2.5527925,-0.0005863543,-0.008173947,0.99996775,1.5732329
0.9994245,-0.033824272,0.0028684086,87.64818,0.033802595,0.9994031,0.007304215,2.5892258,-0.0031137567,-0.0072030365,0.99997056,1.588706
0.9993795,-0.035006855,0.004094961,88.626465,0.034979276,0.99936736,0.0066291485,2.6278806,-0.0043244357,-0.0064817816,0.99997103,1.6092103
0.9993173,-0.036709107,0.0043775723,89.588165,0.03668436,0.99931246,0.005612445,2.6658087,-0.00458059,-0.0054480108,0.9999761,1.6231897
0.9991828,-0.040279023,0.0036157046,90.505135,0.040261503,0.99917895,0.0048027593,2.7073877,-0.0038061864,-0.0046532475,0.9999834,1.6426077
0.9990459,-0.043604586,0.0027684565,91.4106,0.043591734,0.99904037,0.0045557977,2.7485774,-0.0029644542,-0.0044307564,0.9999873,1.6572714
0.9989108,-0.046591666,0.0028824823,92.29888,0.046579503,0.99890727,0.004162854,2.7942011,-0.0030732872,-0.0040240423,0.99998873,1.673975
0.9987481,-0.049884997,0.0039407713,93.164825,0.04986563,0.9987454,0.004877863,2.846485,-0.004179159,-0.0046752337,0.9999819,1.6874193
0.9986077,-0.052543666,0.0048679127,93.99821,0.05251438,0.9986037,0.0059673386,2.8959517,-0.00517466,-0.0057033803,0.99997187,1.7020842
0.9984283,-0.05569796,0.0063771727,94.8204,0.055653792,0.9984276,0.0069112936,2.9474967,-0.0067520873,-0.0065455018,0.9999573,1.718029
0.998274,-0.058317937,0.007077558,95.611725,0.0582577,0.99826735,0.008443242,2.997733,-0.007557683,-0.008016329,0.9999409,1.7291846
0.99811095,-0.061011016,0.007375954,96.38134,0.060933232,0.9980897,0.010352241,3.0526628,-0.00799346,-0.009883224,0.9999208,1.7421467
0.997941,-0.06384877,0.0062670507,97.11187,0.063771844,0.9978963,0.011796683,3.1029289,-0.0070070666,-0.0113727115,0.9999124,1.755236
0.99780613,-0.06616558,0.0027065852,97.80736,0.06612357,0.99772227,0.013451054,3.1579428,-0.0035904169,-0.01324255,0.9999075,1.7711385
0.99763846,-0.06869046,-0.0011823543,98.46506,0.06870064,0.9975116,0.015927972,3.2142317,8.530908e-05,-0.015971558,0.9998741,1.7828089
0.9974985,-0.070587136,-0.0040572467,99.099014,0.07064782,0.997349,0.017513033,3.2684886,0.0028102903,-0.01775583,0.99984,1.7919714
0.997424,-0.07156385,-0.005129607,99.703674,0.071650565,0.997243,0.01938083,3.319698,0.0037284906,-0.019698413,0.9998007,1.8074214
0.9974846,-0.07072473,-0.004977958,100.2849,0.07081601,0.99725956,0.021481976,3.366488,0.003445002,-0.021780428,0.99975854,1.8216716
0.997704,-0.0676445,-0.0036486834,100.84499,0.06771451,0.99739754,0.024815962,3.409639,0.0019605197,-0.025006019,0.9996871,1.833841
0.99804324,-0.06250886,-0.002186763,101.385704,0.06254554,0.997659,0.027703222,3.451382,0.00044994385,-0.027785745,0.99961555,1.8476045
0.99848443,-0.055058014,-2.157468e-05,101.89831,0.055035833,0.99807,0.028815938,3.4841971,-0.001565017,-0.028773408,0.9995865,1.8595884
0.9989578,-0.045589637,0.0027243264,102.389496,0.04549258,0.99855095,0.028799912,3.5100505,-0.0040333555,-0.028645916,0.9995833,1.8693993
0.99941957,-0.033813976,0.0044566398,102.86844,0.03367518,0.9990358,0.028225195,3.5202904,-0.005406746,-0.028058687,0.99959356,1.8809937
0.9997749,-0.020674735,0.005044528,103.317085,0.020527892,0.9994094,0.02761516,3.5272977,-0.005612482,-0.027505344,0.9996078,1.8890842
0.9999756,-0.005318366,0.0048129405,103.75419,0.005187315,0.9996274,0.026854353,3.5242963,-0.0049539665,-0.026828688,0.9996297,1.8961061
0.9999197,0.012501514,0.0026420357,104.17008,-0.012566052,0.99958354,0.026036667,3.5157514,-0.0023154386,-0.026067732,0.9996594,1.9093196
0.99943215,0.033712063,-0.0012178699,104.57502,-0.03366989,0.99910736,0.025572635,3.4938397,0.0020788833,-0.025517067,0.99967414,1.9158828
0.9982907,0.058238357,-0.005163244,104.9866,-0.05809971,0.9980279,0.023832057,3.4590442,0.0065409904,-0.023491297,0.99970466,1.925983
0.99632174,0.08538252,-0.00745545,105.37589,-0.08520363,0.99612904,0.021692272,3.4131086,0.0092787165,-0.020977212,0.999739,1.9340127
0.9933011,0.115259826,-0.008415814,105.771095,-0.11508455,0.9931762,0.018970655,3.3533366,0.010544924,-0.017875006,0.99978673,1.9409202
0.98902845,0.14740685,-0.009825675,106.1347,-0.14723058,0.9889621,0.016742995,3.2818384,0.012185233,-0.015112624,0.9998137,1.9507352
0.98303586,0.18308415,-0.011112379,106.51852,-0.18291616,0.98302144,0.014620119,3.1958768,0.013600398,-0.012339434,0.9998335,1.9611781
0.97516274,0.2211837,-0.011758031,106.87105,-0.22105388,0.97519666,0.011402486,3.0897117,0.013988413,-0.008520092,0.99986804,1.9737669
0.96520877,0.26118568,-0.012532107,107.240036,-0.26108938,0.9652761,0.008817014,2.9720771,0.014399796,-0.005238233,0.9998848,1.9875281
0.95309645,0.30239978,-0.012823383,107.56281,-0.3022968,0.95316947,0.009375708,2.8478732,0.015058044,-0.005059461,0.99987596,2.0030172
0.9379893,0.34645024,-0.012300189,107.90013,-0.346317,0.93804574,0.011747744,2.7088969,0.01560812,-0.0067594666,0.99985754,2.0065088
0.92028636,0.39110443,-0.010647763,108.24131,-0.3909917,0.92032737,0.011242988,2.5454237,0.014196581,-0.006183556,0.99988234,2.019477
0.9003698,0.43503064,-0.009248337,108.52806,-0.43493503,0.90039986,0.010717522,2.3785396,0.0129896235,-0.0056272834,0.999902,2.0211585
0.8773383,0.4797757,-0.009784747,108.84689,-0.47969615,0.8773856,0.009449429,2.1779714,0.0131185725,-0.0035966192,0.9999097,2.035926
0.85249937,0.5226077,-0.011357944,109.107765,-0.5225239,0.8525721,0.009636162,1.9869895,0.014719367,-0.0022800048,0.9998913,2.049849
0.8249572,0.5650371,-0.0134756025,109.398735,-0.5649316,0.82506603,0.011023521,1.7677084,0.017346926,-0.0014811228,0.99985063,2.061762
0.79472595,0.6067861,-0.014972991,109.64277,-0.6066033,0.79486156,0.01518913,1.5548906,0.021117968,-0.002988512,0.99977475,2.072018
0.7610145,0.64857197,-0.014635427,109.920425,-0.6482641,0.7611276,0.02101296,1.3059719,0.024767801,-0.006503526,0.9996744,2.0868258
0.72430617,0.68935,-0.0134195285,110.139,-0.6889262,0.7243672,0.025999255,1.0578735,0.027643206,-0.009586336,0.9995742,2.08277
0.685157,0.7282673,-0.013764276,110.37527,-0.72783816,0.6852492,0.02623419,0.78127897,0.028537417,-0.007956359,0.9995634,2.093012
0.64425254,0.7646889,-0.013869196,110.60174,-0.7643613,0.6443892,0.022746485,0.4739887,0.026331099,-0.004053392,0.9996474,2.1183345
0.60066813,0.7994103,-0.011990571,110.78979,-0.799144,0.60078084,0.020838311,0.1849077,0.02386202,-0.002934706,0.9997133,2.1183152
0.55444396,0.8321686,-0.00949518,110.99649,-0.8319618,0.5545199,0.018713694,-0.16270433,0.020838168,-0.0024760594,0.99978215,2.136388
0.50699174,0.8619182,-0.007695414,111.14953,-0.86176777,0.5070479,0.016179342,-0.46939492,0.017847165,-0.001571128,0.99984187,2.1333458
0.45631078,0.88979757,-0.0066019916,111.31788,-0.88973004,0.45635793,0.0109946225,-0.8560312,0.012795813,0.00085702655,0.9999201,2.1680548
0.40526584,0.9141952,-0.0031001046,111.44519,-0.91413164,0.4052748,0.010892443,-1.1931074,0.011214169,-0.0015804316,0.99993825,2.1667945
0.35451245,0.9350528,2.6983675e-05,111.56799,-0.9349491,0.3544729,0.014902876,-1.5642613,0.013925363,-0.005308484,0.9998914,2.1800277
0.30367607,0.9527753,0.0017244921,111.680916,-0.95259297,0.30358163,0.020193337,-1.9752403,0.018716138,-0.007774974,0.9997971,2.1871424
0.25707343,0.96639323,0.00048136333,111.767654,-0.96616405,0.25700176,0.021908721,-2.3549817,0.02104868,-0.006097231,0.99976236,2.1877189
0.21464182,0.9766795,-0.005363481,111.84794,-0.9764505,0.2147079,0.021158457,-2.790458,0.021816567,0.00069567515,0.99976426,2.2036397
0.17957555,0.9836664,-0.012471558,111.89003,-0.983493,0.17980248,0.0203816,-3.2097163,0.022291068,0.00860564,0.999717,2.2181149
0.14817077,0.9888446,-0.015308082,111.94476,-0.98868763,0.14847727,0.021305606,-3.6589859,0.02334079,0.01197803,0.9996583,2.2361407
0.12075559,0.99260557,-0.012440167,111.987236,-0.9924608,0.12098473,0.019674398,-4.117435,0.021033945,0.00997057,0.99973154,2.2490172
0.095401146,0.9954227,-0.0059017837,112.041595,-0.9952992,0.095485955,0.016269522,-4.5979695,0.016758546,0.0043218955,0.9998527,2.2465837
0.071017645,0.99747616,-0.00057986425,112.08347,-0.9973969,0.07101951,0.012585886,-5.1037617,0.0125952605,-0.00031547993,0.9999231,2.2530775
0.04868924,0.9988088,-0.003594744,112.099014,-0.9987673,0.048722062,0.009627611,-5.622908,0.009791244,0.0031215358,0.9999497,2.2689438
0.028261976,0.9995524,-0.0099440785,112.09745,-0.99955183,0.028358852,0.009719723,-6.1566224,0.009997333,0.009664906,0.99990577,2.286057
0.01037609,0.9998248,-0.01566116,112.09283,-0.9998778,0.010559084,0.011634761,-6.72095,0.011798047,0.015538504,0.9998121,2.30395
-0.0038938336,0.9998659,-0.015984476,112.0829,-0.99985135,-0.003622951,0.016928457,-7.276716,0.016868236,0.016047997,0.99973136,2.3091974
-0.01529808,0.9998067,-0.012451926,112.079735,-0.99965286,-0.015025331,0.021695148,-7.8868084,0.02150382,0.012779478,0.9996895,2.3061194
-0.021510804,0.9996712,-0.0140462965,112.06513,-0.99953735,-0.021200579,0.02185972,-8.4997,0.021554703,0.014509998,0.99966484,2.314192
-0.024547648,0.99949265,-0.020358426,112.03904,-0.99953896,-0.024173105,0.01843435,-9.138276,0.017932829,0.02080154,0.99962527,2.3425987
-0.024255421,0.9994605,-0.022203084,112.023224,-0.9995777,-0.02388893,0.016616583,-9.797102,0.016077168,0.022596728,0.9996179,2.3538454
-0.022339197,0.99951494,-0.021757782,112.014465,-0.9996268,-0.0219871,0.016280638,-10.469486,0.015794309,0.022113338,0.9996332,2.3745985
-0.020802576,0.9996209,-0.018106585,112.00648,-0.9996492,-0.020497931,0.016840411,-11.161881,0.016462836,0.018450536,0.99969673,2.378409
-0.019632615,0.99966884,-0.016713347,111.99951,-0.9996554,-0.019334158,0.017823862,-11.865888,0.01749478,0.017057493,0.999704,2.399654
-0.018641416,0.99969435,-0.016319174,111.99107,-0.9996606,-0.018337434,0.018570943,-12.594874,0.018265972,0.016659802,0.9996969,2.4142778
-0.017950984,0.9997074,-0.016293615,111.9811,-0.9996796,-0.01765354,0.01820717,-13.348147,0.01791416,0.01661521,0.999704,2.434328
-0.01722788,0.9997335,-0.015451497,111.97551,-0.9997102,-0.016962122,0.017156202,-14.1017,0.016889498,0.015742565,0.99973595,2.448768
-0.016778963,0.9997294,-0.016196582,111.96557,-0.99973977,-0.01652277,0.015811969,-14.88124,0.0155400345,0.016457653,0.9997463,2.4706035
-0.016979884,0.99971086,-0.0171099,111.95037,-0.9997693,-0.016748797,0.013548657,-15.648718,0.013258126,0.017335985,0.9997644,2.4912245
-0.017994793,0.9997206,-0.015423082,111.94007,-0.9997679,-0.017806675,0.0122363325,-16.443283,0.011958235,0.01563967,0.9998088,2.5077362
-0.019237664,0.9997284,-0.01326835,111.93046,-0.9997552,-0.019087844,0.01131248,-17.236156,0.011056097,0.013482705,0.9998507,2.5179632
-0.020033328,0.99967855,-0.015635163,111.90999,-0.9997662,-0.019900043,0.008621645,-18.036007,0.008307687,0.015804203,0.99984324,2.5359015
-0.02120802,0.99963576,-0.016782727,111.89195,-0.99975634,-0.021097861,0.006702036,-18.844791,0.00634547,0.016920753,0.99983937,2.5576646
-0.022470066,0.9996361,-0.015029254,111.87779,-0.9997323,-0.022380283,0.0061024735,-19.661446,0.005763849,0.015162334,0.9998711,2.5694187
-0.02371099,0.9996465,-0.012154672,111.86504,-0.9996716,-0.023587935,0.010153292,-20.483377,0.009862952,0.012391404,0.9998772,2.5856507
-0.024723276,0.99961954,-0.012350647,111.85548,-0.99958986,-0.024538834,0.014852755,-21.310308,0.014543985,0.012712769,0.999816,2.6022835
-0.025732484,0.99958265,-0.013245692,111.83739,-0.999539,-0.025511943,0.01654328,-22.143698,0.016198404,0.013665264,0.99977803,2.6241624
-0.027376086,0.9995863,-0.008998396,111.82538,-0.9995258,-0.027244156,0.014449333,-22.984873,0.014198153,0.009389674,0.9998577,2.6416981
-0.028283786,0.99957377,-0.007455249,111.81572,-0.9995507,-0.028206244,0.010282465,-23.836424,0.010067752,0.0077427058,0.999922,2.6597414
-0.028774517,0.9995724,-0.005515851,111.79564,-0.99957407,-0.028745014,0.0053197583,-24.688112,0.005158887,0.005666556,0.9999733,2.6822813
-0.02876036,0.9995853,-0.002343187,111.7797,-0.9995877,-0.02876054,-0.00012931417,-25.538187,-0.0001966931,0.0023384844,0.9999999,2.6935043
-0.02875299,0.9995882,0.00024180952,111.76162,-0.99958694,-0.028752415,-0.0014178609,-26.383007,-0.001410365,-0.0002824939,1.0000015,2.7013056
-0.02827408,0.9995998,-0.0020247067,111.73899,-0.9995903,-0.028263886,0.0048031406,-27.208418,0.0047439486,0.0021596637,0.99998903,2.728345
-0.027011242,0.9996284,-0.0040737,111.71864,-0.9995204,-0.0269456,0.015342541,-28.027843,0.015227024,0.0044861482,0.9998766,2.750162
-0.026966514,0.9996227,-0.005513163,111.699615,-0.9994312,-0.026848264,0.020467725,-28.86301,0.020311937,0.0060619507,0.9997779,2.772257
-0.025572944,0.9996499,-0.00701537,111.67857,-0.99955255,-0.025459541,0.015776308,-29.692554,0.015592128,0.0074156583,0.9998535,2.7876198
-0.024583613,0.99964225,-0.010679578,111.65584,-0.9996651,-0.024493216,0.00849526,-30.524368,0.008230597,0.010884825,0.99990946,2.8100898
-0.024257371,0.9996315,-0.01230228,111.639626,-0.999695,-0.024195045,0.005173315,-31.353546,0.0048737074,0.012424,0.9999135,2.8343587
-0.024217717,0.99964464,-0.011272045,111.62349,-0.9996945,-0.024157608,0.0054206466,-32.172188,0.005146368,0.011399858,0.9999243,2.852325
-0.025379866,0.99964774,-0.007952886,111.611084,-0.9996607,-0.02533032,0.0062447945,-32.986652,0.0060410984,0.008108661,0.9999514,2.8697052
-0.026853278,0.9996222,-0.0060997596,111.59595,-0.9996207,-0.026813626,0.0064591165,-33.801624,0.0062930733,0.006270875,0.9999631,2.886397
-0.029073415,0.9995651,-0.0052132057,111.57739,-0.99955875,-0.029039513,0.006426692,-34.61641,0.0062724627,0.005397732,0.9999683,2.9035914
-0.030852584,0.99951464,-0.0046527535,111.55725,-0.99950296,-0.030820325,0.0068099448,-35.422955,0.006663194,0.004860526,0.9999686,2.9245665
-0.033121355,0.9994493,-0.0026769645,111.53539,-0.9994289,-0.033101797,0.006974566,-36.228794,0.006882066,0.0029064235,0.9999748,2.9391758
-0.035466798,0.9993711,-0.0016143369,111.51799,-0.9993532,-0.035455894,0.006229406,-37.032917,0.0061682044,0.0018342101,0.999982,2.9555824
-0.037246965,0.9993064,-0.0015922063,111.49264,-0.99929523,-0.037238374,0.0050030593,-37.828094,0.0049402523,0.0017774133,0.999989,2.9783113
-0.039626844,0.99921477,-0.0016676921,111.466606,-0.99920285,-0.039617505,0.00518935,-38.61958,0.0051191594,0.0018719804,0.99998796,2.993759
-0.040988516,0.99916035,-0.0013268108,111.44027,-0.9991442,-0.040979862,0.005863223,-39.404385,0.005803882,0.0015659804,0.99998474,3.0132334
-0.04253593,0.99909514,-0.0016792554,111.408875,-0.9990782,-0.042524736,0.0061056977,-40.188152,0.006028718,0.0019373989,0.9999828,3.0290294
-0.043396525,0.9990557,-0.002782519,111.375015,-0.99904734,-0.04338196,0.0050266716,-40.967823,0.004901169,0.0029979881,0.99998635,3.0489433
-0.044995762,0.998983,-0.003408748,111.3441,-0.99898076,-0.044981364,0.004129222,-41.74221,0.003971648,0.0035910509,0.9999885,3.0642104
-0.04665225,0.9989089,-0.0028186047,111.312096,-0.9989057,-0.04664098,0.003867328,-42.507656,0.003731601,0.0029959194,0.9999914,3.0811393
-0.04749568,0.9988722,-0.0013526441,111.28457,-0.998869,-0.047491435,0.0028694894,-43.25924,0.0028019696,0.0014873826,0.99999785,3.0974514
-0.048733484,0.9988133,-0.0007456654,111.25499,-0.9988116,-0.048731767,0.00191303,-43.991177,0.001874378,0.000837988,1.0000008,3.1117532
-0.049006578,0.9988001,-0.00035626022,111.224915,-0.99879867,-0.04900571,0.0016484282,-44.71332,0.0016289471,0.00043659622,1.0000015,3.1248012
-0.0497045,0.9987656,-0.00039666577,111.18731,-0.9987587,-0.04970247,0.0037222514,-45.410114,0.0036978966,0.0005811661,0.99999595,3.139082
-0.04961425,0.9987701,0.00018623553,111.162506,-0.9987505,-0.04961423,0.006244586,-46.11507,0.0062461006,0.00012379786,0.99998343,3.1593556
-0.049885385,0.99875516,0.0016986856,111.13484,-0.9987234,-0.049897302,0.008064681,-46.822697,0.008139356,-0.0012942267,0.999969,3.171962
-0.05027511,0.99873596,0.0015212661,111.09848,-0.99869823,-0.050286304,0.0087328665,-47.512573,0.008798281,-0.0010802594,0.9999637,3.189413
-0.05003842,0.99874896,0.00029162422,111.06519,-0.9987098,-0.05003883,0.0088328635,-48.207035,0.00883636,0.00015071465,0.9999639,3.203627
-0.050371803,0.99873215,-0.00029485233,111.03553,-0.99869806,-0.050367434,0.008271614,-48.89947,0.008246231,0.0007111045,0.99996865,3.2249746
-0.050524138,0.99872035,0.0028848432,111.0077,-0.99868625,-0.050547022,0.008591308,-49.58759,0.00872609,-0.0024470037,0.99996185,3.236009
-0.050450254,0.9987146,0.0052183373,110.98113,-0.99868774,-0.05049432,0.008733442,-50.262085,0.008985668,-0.004770903,0.99995124,3.2532363
-0.05056968,0.99871475,0.0038614755,110.95076,-0.9986931,-0.05059711,0.007432078,-50.943054,0.007617862,-0.003480609,0.9999679,3.270593
-0.051713925,0.99865514,0.004115951,110.917305,-0.9986392,-0.051740807,0.0067747636,-51.629223,0.0069785714,-0.003760018,0.9999715,3.288354
-0.05500704,0.9984562,0.007924291,110.89051,-0.9984675,-0.055054422,0.005919162,-52.283436,0.0063462476,-0.0075865677,0.99995404,3.3042507
-0.060081594,0.9981586,0.008543661,110.85982,-0.9981724,-0.06013557,0.0062342463,-52.95874,0.0067365007,-0.008153499,0.999947,3.3122392
-0.06625009,0.9977803,0.00698403,110.8171,-0.99775803,-0.066312864,0.009210656,-53.61979,0.009653298,-0.006358181,0.9999361,3.3350692
-0.07303044,0.9973165,0.0054591433,110.76676,-0.997256,-0.0730909,0.011896192,-54.303005,0.012263236,-0.004575396,0.9999172,3.3478978
-0.08014113,0.99675405,0.007886942,110.71734,-0.99669164,-0.08023926,0.013064547,-54.964737,0.013654935,-0.006813857,0.9998865,3.363758
-0.08641636,0.9962175,0.0092955055,110.66637,-0.99616873,-0.08653121,0.012784943,-55.64478,0.013540887,-0.00815508,0.99987805,3.3819675
-0.091880396,0.9957219,0.009967492,110.60693,-0.9956895,-0.09199659,0.0119288275,-56.341312,0.012794722,-0.008828517,0.99988216,3.3978145
-0.09650611,0.9952536,0.012660514,110.54704,-0.9952511,-0.09665427,0.011684262,-57.014812,0.012852449,-0.011472801,0.99985456,3.419823
-0.10034705,0.99484193,0.014948241,110.481735,-0.9948716,-0.100520775,0.0113781355,-57.71716,0.012822008,-0.01372983,0.9998265,3.4307528
-0.10290458,0.9945955,0.013920962,110.40913,-0.9946427,-0.10302983,0.008617271,-58.42004,0.010004927,-0.012959637,0.999869,3.442948
-0.10483467,0.99441725,0.012145991,110.34093,-0.9944685,-0.104907155,0.0055117533,-59.135815,0.0067551387,-0.011500994,0.99991405,3.4582527
-0.10652258,0.99424076,0.011908244,110.272705,-0.9943033,-0.10656413,0.0029288176,-59.857124,0.0041808975,-0.011528431,0.9999278,3.4723144
-0.10757557,0.99412286,0.012284563,110.20218,-0.99419117,-0.10761437,0.0025590407,-60.58871,0.0038659521,-0.011937925,0.9999243,3.4820168
-0.108258285,0.9940496,0.012215213,110.123505,-0.9941021,-0.10833003,0.00539097,-61.318687,0.0066821203,-0.011559563,0.99991393,3.4965727
-0.10867697,0.9940507,0.0074927025,110.03605,-0.99402595,-0.10874565,0.009500092,-62.045567,0.010258325,-0.0064155124,0.99992985,3.5027494
-0.109536976,0.9939833,0.0015121442,109.94658,-0.9938897,-0.10954719,0.013645714,-62.79319,0.013729215,-8.210074e-06,0.9999088,3.5291235
-0.1105171,0.99387586,0.000546867,109.86754,-0.9937621,-0.110512525,0.015080736,-63.54946,0.015048766,0.001123207,0.9998892,3.542128
-0.11053522,0.993872,0.0019912347,109.78773,-0.9937856,-0.11055167,0.0131159285,-64.30831,0.01325564,-0.000529104,0.99991506,3.5580142
-0.110524766,0.99387455,0.0010868367,109.707535,-0.993831,-0.11052987,0.009313677,-65.06821,0.009376708,-5.0755887e-05,0.9999591,3.5682824
-0.11090171,0.9938318,-0.0016343959,109.62209,-0.99381024,-0.1108876,0.0069763297,-65.81849,0.006752019,0.002397949,0.9999774,3.5904417
-0.11151252,0.9937592,-0.0033356727,109.540436,-0.99374425,-0.111487724,0.006818166,-66.566154,0.0064036837,0.0040750983,0.9999743,3.6065223
-0.113145165,0.9935795,-0.0012013547,109.46299,-0.9935548,-0.11313327,0.0073122066,-67.317894,0.007129301,0.002020935,0.9999757,3.6197066
-0.11489492,0.9933787,-0.0011634957,109.38238,-0.9933494,-0.114882,0.007923443,-68.06377,0.0077372706,0.0020661037,0.9999711,3.6407986
-0.11730178,0.9930969,-0.0015317178,109.29855,-0.99306685,-0.117285445,0.0081285,-68.80141,0.007892695,0.002474568,0.999969,3.6555824
-0.11875424,0.992922,-0.0025975266,109.2127,-0.99289423,-0.118729055,0.008258537,-69.55443,0.007891637,0.0035597873,0.99996567,3.6764965
-0.12084082,0.992671,-0.0022629495,109.12479,-0.99264413,-0.12081903,0.0080054905,-70.301926,0.007673367,0.0032136755,0.9999686,3.69168
-0.12242917,0.9924781,-0.0013048137,109.03612,-0.9924449,-0.122413665,0.008473491,-71.05455,0.008249983,0.0023323405,0.9999664,3.703772
-0.123459965,0.99235123,-4.6009896e-05,108.94413,-0.9923098,-0.123454124,0.009167194,-71.81148,0.009091352,0.0011774206,0.99996114,3.7283351
-0.12485213,0.99217707,-2.9237002e-05,108.85882,-0.9921297,-0.12484562,0.009797501,-72.56189,0.009717162,0.0012522287,0.9999552,3.7377713
-0.1257205,0.99206716,0.0007975642,108.76534,-0.99201834,-0.12572199,0.009873306,-73.33254,0.009895209,0.00045006193,0.99995416,3.7565029
-0.12697509,0.9919076,0.00036647226,108.668465,-0.99186957,-0.12697318,0.008744851,-74.10521,0.008720572,0.00074686855,0.99996495,3.7721918
-0.12771004,0.9918116,0.0018486605,108.572296,-0.99179035,-0.12771933,0.006602196,-74.88406,0.0067842007,-0.0009903333,0.9999798,3.7875035
-0.12936398,0.99158835,0.0045868256,108.477455,-0.99158645,-0.1293841,0.004468415,-75.66532,0.0050242473,-0.0039701974,0.9999828,3.7995813
-0.13160022,0.9912962,0.004102782,108.37593,-0.99129564,-0.13161545,0.003771021,-76.450226,0.0042781457,-0.0035708183,0.9999878,3.8143604
-0.13347724,0.99104726,0.0035544238,108.273544,-0.9910439,-0.13349085,0.0040066065,-77.24529,0.004445178,-0.0029878155,0.9999889,3.8307254
-0.13577513,0.9907341,0.0038152512,108.16941,-0.9907247,-0.1357941,0.005345787,-78.043106,0.0058143,-0.0030540547,0.9999817,3.8398123
-0.13691846,0.99057895,0.0032017997,108.05856,-0.99054134,-0.13694166,0.008886695,-78.840164,0.009241388,-0.001954779,0.9999587,3.8553178
-0.1381357,0.9904131,0.0019506726,107.95316,-0.9903366,-0.138149,0.012343332,-79.63936,0.012494436,-0.00022678543,0.9999252,3.871273
-0.13870576,0.9903343,0.0014845794,107.838524,-0.990205,-0.13871135,0.016039629,-80.44654,0.016090475,0.00075473264,0.9998736,3.896555
-0.13854389,0.99035764,-0.00094223686,107.72956,-0.9902095,-0.1385062,0.01746779,-81.262985,0.017168805,0.0033530479,0.9998503,3.9116988
-0.13867301,0.99033314,-0.003701918,107.614,-0.9902093,-0.13859259,0.01678477,-82.08048,0.016109409,0.005993247,0.99985564,3.9436631
-0.1382231,0.99039006,-0.005050632,107.50129,-0.9902994,-0.13813269,0.015178993,-82.91162,0.014335421,0.007099704,0.9998754,3.962771
-0.13768582,0.9904667,-0.004687389,107.38798,-0.9903936,-0.13761045,0.0137047665,-83.749084,0.012929036,0.006529291,0.99989843,3.9799058
-0.13580638,0.9907281,-0.004259353,107.27882,-0.9906826,-0.13575207,0.011105667,-84.594795,0.010424436,0.0057278667,0.99993265,3.9968555
-0.13430405,0.99092764,-0.0053400737,107.16418,-0.9909113,-0.13425502,0.00862383,-85.44492,0.007828617,0.0064497334,0.99995196,4.0144334
-0.1322268,0.99120456,-0.0057678963,107.05034,-0.9912127,-0.13219866,0.004968743,-86.30323,0.004162491,0.0063741924,0.99997437,4.034061
-0.13082792,0.9913939,-0.005079796,106.94629,-0.99139786,-0.13080266,0.0049701775,-87.145996,0.0042629116,0.0056863166,0.9999781,4.0478745
-0.12960266,0.99155354,-0.00532662,106.838844,-0.9915386,-0.12955534,0.008389074,-87.98783,0.007628082,0.006368776,0.999954,4.067917
-0.1278919,0.9917787,-0.0047259284,106.741104,-0.991693,-0.12781103,0.014593828,-88.83587,0.013869777,0.0065530827,0.99988574,4.087843
-0.12666903,0.9919454,-0.0016990937,106.637764,-0.9918069,-0.1266219,0.0170213,-89.69284,0.016669014,0.0038412248,0.9998571,4.1157527
-0.12463581,0.9922038,-0.0010586206,106.53606,-0.9920801,-0.12460295,0.0159653,-90.555016,0.01570888,0.003040065,0.9998754,4.124428
-0.1238703,0.9922976,-0.0022676962,106.431885,-0.99221337,-0.123828605,0.013518374,-91.42151,0.013133402,0.0039245444,0.99990946,4.153829
-0.12309752,0.9923923,-0.0028390416,106.32835,-0.99232805,-0.12305468,0.012088282,-92.29202,0.011646918,0.004305279,0.99992627,4.171661
-0.12253624,0.99246323,-0.0022748867,106.23014,-0.99240375,-0.12250234,0.011465489,-93.157906,0.011100354,0.003662525,0.9999351,4.197911
-0.122098096,0.9925188,-0.0014372256,106.12824,-0.99245924,-0.12207423,0.011228558,-94.01712,0.010969063,0.0027973542,0.9999394,4.223703
-0.121174745,0.99262655,-0.0035753455,106.024086,-0.99258846,-0.12113413,0.009908472,-94.88593,0.009402273,0.004749484,0.99994797,4.2351565
-0.12028925,0.9927161,-0.006989138,105.916145,-0.99270564,-0.12022261,0.009246992,-95.744446,0.008339341,0.008050451,0.9999363,4.2587895
-0.11964062,0.99278796,-0.00785704,105.816765,-0.9927794,-0.11956111,0.009881063,-96.60451,0.0088703595,0.008982464,0.9999238,4.2824664
-0.11914254,0.9928482,-0.007811556,105.71967,-0.9928192,-0.11904512,0.011903981,-97.45583,0.0108888745,0.009173714,0.9999021,4.3009295
-0.11797647,0.9930072,-0.0046675955,105.6295,-0.9929423,-0.11790781,0.012910127,-98.31644,0.012269458,0.006157724,0.9999092,4.328261
-0.117419094,0.9930824,-0.00194249,105.538475,-0.9930354,-0.11739343,0.010144134,-99.1774,0.009845881,0.0031200564,0.9999501,4.342695
-0.11777454,0.99303925,0.0024326756,105.449905,-0.9930117,-0.11778948,0.0075364565,-100.02453,0.0077704964,-0.0015280924,0.9999721,4.367452
-0.11828521,0.9929693,0.0049320213,105.35697,-0.9929429,-0.118322626,0.008216007,-100.872574,0.008741768,-0.003925403,0.99995756,4.3875785
-0.11961526,0.99278307,0.008821831,105.26483,-0.9927371,-0.11971628,0.0120185865,-101.70077,0.01298792,-0.007320172,0.99989235,4.4152904
-0.12020642,0.9926994,0.010114029,105.17057,-0.99262816,-0.120345145,0.0144865755,-102.54417,0.015597942,-0.00829811,0.9998474,4.4344096
-0.120635234,0.9926502,0.009828293,105.07774,-0.9925688,-0.1207734,0.014977583,-103.37071,0.01605445,-0.007948452,0.999843,4.4621105
-0.12146729,0.9925574,0.008907146,104.97691,-0.99247646,-0.1215873,0.014502614,-104.190544,0.015477624,-0.007078559,0.9998586,4.484275
-0.121950805,0.9925057,0.00801646,104.87762,-0.9924073,-0.122061506,0.015231357,-105.01354,0.01609566,-0.0060981363,0.99985534,4.507387
-0.12272094,0.9924142,0.007586136,104.78064,-0.9922744,-0.12283711,0.017489947,-105.8249,0.01828908,-0.0053811655,0.9998218,4.5397687
-0.123161756,0.992361,0.007397807,104.68381,-0.9921883,-0.12328291,0.019159684,-106.64246,0.019925294,-0.004980297,0.99979264,4.569533
-0.124684945,0.9921521,0.009577282,104.590065,-0.99199057,-0.12485018,0.019244911,-107.44211,0.020289557,-0.007101042,0.9997725,4.596864
-0.12639657,0.9919232,0.010777381,104.495674,-0.99178344,-0.12658067,0.01860532,-108.24889,0.019819207,-0.0083372,0.9997724,4.6236014
-0.12951192,0.9915155,0.011300735,104.397385,-0.99135965,-0.12971455,0.01958368,-109.05178,0.020883342,-0.008666793,0.999748,4.655068
-0.1331717,0.9910242,0.011851885,104.29768,-0.99082136,-0.133406,0.021888444,-109.83191,0.023273038,-0.008828201,0.9996938,4.6882906
-0.13604589,0.9906052,0.0140405195,104.19503,-0.99039435,-0.13634384,0.023081005,-110.62232,0.024778448,-0.010765597,0.9996386,4.719541
-0.13956437,0.9901216,0.013606209,104.09311,-0.9899027,-0.13985184,0.023183068,-111.40263,0.02485686,-0.010233316,0.99964225,4.7451124
-0.14224857,0.98974925,0.012884117,103.983406,-0.9895411,-0.14251025,0.022419915,-112.18839,0.024026161,-0.0095601855,0.9996692,4.7753167
-0.1451154,0.9893406,0.01228838,103.87102,-0.9891154,-0.14536612,0.022864396,-112.95992,0.024406936,-0.008836674,0.9996667,4.806668
-0.14675753,0.9890385,0.016410623,103.76674,-0.9887441,-0.14716244,0.027051969,-113.731705,0.029170413,-0.012255848,0.9995029,4.83952
