'05':
  ARE: 0.0010648182718248252
  ATE: 0.011244294266580412
  STD_ARE: 0.000929692052298545
  STD_ATE: 0.007981506852594007
  nsecs_per_frame: 0.37548677647558515
  rot_err: 2.9792120901281894e-05
  tr_err: 0.0033672545239669927
AVG:
  ARE: 0.0010648182718248252
  ATE: 0.011244294266580412
  STD_ARE: 0.000929692052298545
  STD_ATE: 0.007981506852594007
  nsecs_per_frame: 0.37548677647558515
  rot_err: 2.9792120901281894e-05
  tr_err: 0.0033672545239669927
