0,1,2,3,4,5,6,7,8,9,10,11
1.0,0.0,0.0,0.0,0.0,1.0,0.0,0.0,0.0,0.0,1.0,0.0
0.9999981,-0.0018804626,-0.00052972056,0.5682243,0.0018794159,0.99999624,-0.001969833,0.0026278896,0.0005334228,0.0019688336,0.9999979,0.012416771
0.9999953,-0.0024612756,-0.001829924,1.1377573,0.0024572646,0.9999945,-0.0021910076,0.0074710334,0.0018353066,0.0021865005,0.99999595,0.02385353
0.9999834,-0.0047957036,-0.003187794,1.6979864,0.004787639,0.9999852,-0.0025327015,0.014017243,0.0031998933,0.0025173973,0.9999917,0.03285185
0.9999647,-0.006854401,-0.0048487675,2.2566457,0.006833201,0.999967,-0.004375511,0.020160496,0.0048785997,0.004342224,0.9999787,0.043689046
0.99994487,-0.008005611,-0.0067929463,2.8194718,0.007959347,0.99994504,-0.006810438,0.026265139,0.0068470957,0.0067559956,0.99995387,0.055109773
0.99992275,-0.009841022,-0.007592569,3.3894029,0.009781257,0.99992114,-0.007868848,0.0352231,0.007669409,0.007793976,0.99994034,0.063991874
0.999915,-0.010938413,-0.007097956,3.9676983,0.010880078,0.9999071,-0.008205784,0.040741816,0.0071870554,0.008127861,0.99994123,0.07478436
0.9998967,-0.01235304,-0.0073465733,4.555052,0.012291298,0.9998892,-0.008390555,0.051521778,0.0074494095,0.008299391,0.9999379,0.08776622
0.99986506,-0.013060966,-0.009965029,5.1419773,0.0129827475,0.99988467,-0.007873974,0.06177878,0.010066723,0.0077435384,0.9999194,0.102643825
0.99979967,-0.014619382,-0.013671139,5.7465324,0.01453257,0.99987364,-0.0064279567,0.07576953,0.013763388,0.0062279925,0.9998859,0.115614094
0.999719,-0.015962962,-0.017521154,6.3570633,0.015881132,0.99986225,-0.004799457,0.09286055,0.017595358,0.004519853,0.99983495,0.12555335
0.9997004,-0.016870571,-0.017734015,6.9801774,0.016816908,0.9998535,-0.0031706584,0.1084104,0.017784912,0.002871477,0.99983776,0.13903175
0.9997627,-0.018556658,-0.0114040915,7.6263447,0.018548857,0.99982756,-0.0007893294,0.12613161,0.011416776,0.0005776093,0.99993473,0.14801371
0.9998169,-0.019111617,-0.000900425,8.284864,0.019111715,0.99981725,0.00010116841,0.13884977,0.00089832844,-0.0001183587,0.9999997,0.16271016
0.99977857,-0.020130536,0.006120542,8.969174,0.020125192,0.9997969,0.00093367527,0.15711921,-0.0061380956,-0.00081029173,0.999981,0.17783308
0.9997535,-0.021466913,0.005660481,9.64438,0.021451801,0.99976605,0.002717062,0.18333183,-0.0057174843,-0.0025949655,0.9999805,0.1905418
0.9997638,-0.021656966,-0.0018007173,10.329437,0.021666318,0.99975085,0.0053472114,0.2050531,0.0016844665,-0.005384965,0.9999843,0.19070014
0.9997076,-0.022841439,-0.007933407,11.0476,0.022884939,0.99972326,0.005436576,0.22933342,0.007807036,-0.0056165433,0.99995404,0.18922257
0.9996981,-0.02358886,-0.006861614,11.768121,0.02361453,0.99971426,0.003684474,0.24941222,0.0067727435,-0.0038453965,0.99996996,0.19217542
0.9996915,-0.024722848,0.0023565013,12.534628,0.024717342,0.9996916,0.002337047,0.2663835,-0.0024135537,-0.0022780793,0.9999948,0.20046034
0.9996462,-0.024610799,0.010085419,13.305333,0.024599021,0.99969643,0.0012901439,0.29020563,-0.010114113,-0.001041595,0.9999486,0.2042357
0.99959993,-0.025376253,0.012487356,14.103346,0.025369255,0.9996778,0.0007183009,0.3133893,-0.012501565,-0.00040121726,0.9999221,0.20581754
0.9995971,-0.025666459,0.012118025,14.908777,0.025679985,0.9996697,-0.00096241926,0.3318291,-0.012089324,0.0012732245,0.99992645,0.20697401
0.9996533,-0.024539039,0.009541723,15.721924,0.024551997,0.9996977,-0.0012439011,0.35655797,-0.009508316,0.0014777406,0.99995404,0.2051445
0.9996782,-0.024702808,0.0057600355,16.560808,0.024698323,0.9996945,0.000847377,0.38505325,-0.005779209,-0.0007048397,0.9999834,0.19468692
0.9997333,-0.023082893,0.0006155444,17.409584,0.023084035,0.9997316,-0.0019268449,0.41105106,-0.0005709006,0.0019405431,0.9999983,0.19876632
0.99972534,-0.022741433,-0.005655511,18.28324,0.022715027,0.9997309,-0.004689851,0.4299162,0.0057606474,0.0045601013,0.99997336,0.20700818
0.99972194,-0.020851491,-0.011007241,19.16499,0.020814138,0.99977714,-0.0034968907,0.45719165,0.01107771,0.0032668146,0.9999337,0.21784282
0.9997011,-0.02112015,-0.012308149,20.073698,0.02109981,0.99977565,-0.0017798184,0.48431045,0.012342986,0.0015195883,0.9999231,0.2253953
0.9997025,-0.021314384,-0.011845894,21.001856,0.021288913,0.99977064,-0.002271921,0.5101902,0.011891609,0.0020190608,0.9999277,0.24439012
0.9996973,-0.021046247,-0.0127293905,21.939974,0.021033166,0.9997779,-0.0011603424,0.5351317,0.0127509935,0.00089225254,0.9999187,0.26515737
0.9996688,-0.02093886,-0.014953078,22.884119,0.020967966,0.9997784,0.0017925996,0.56890386,0.014912239,-0.002105543,0.99988705,0.2850719
0.9996567,-0.020787302,-0.015943315,23.849173,0.020878933,0.9997662,0.0056028403,0.60020435,0.015823131,-0.0059338002,0.99985766,0.30318657
0.99965626,-0.020806095,-0.015944615,24.814844,0.020917,0.9997578,0.0068210536,0.63271236,0.015798846,-0.007152227,0.9998501,0.3276459
0.99965453,-0.020763569,-0.016106142,25.809328,0.020890953,0.9997513,0.0077819447,0.65971655,0.01594057,-0.008115735,0.99984044,0.35396954
0.9996493,-0.021147013,-0.015936462,26.791618,0.021280488,0.99973935,0.008253473,0.6903754,0.015757784,-0.008589719,0.99983937,0.37962532
0.99965125,-0.021633212,-0.0151411025,27.79202,0.021769479,0.9997234,0.008894178,0.71801746,0.014944514,-0.009220695,0.9998463,0.40627807
0.99967086,-0.021869274,-0.013409575,28.795769,0.021995636,0.9997143,0.009349866,0.7466188,0.013201279,-0.009641745,0.9998669,0.43118122
0.9996712,-0.022492949,-0.012309727,29.81173,0.022615341,0.99969524,0.0098961685,0.7807494,0.01208339,-0.010171307,0.99987584,0.4536791
0.9996745,-0.021986034,-0.012942557,30.840519,0.022115095,0.99970627,0.009915248,0.80778575,0.0127207665,-0.0101982495,0.9998677,0.48277342
0.9996482,-0.022623584,-0.013840428,31.867506,0.02278238,0.9996751,0.011425853,0.843533,0.013577446,-0.011737156,0.9998395,0.5054258
0.99964625,-0.023090802,-0.013198482,32.905773,0.02324185,0.9996647,0.011408564,0.87304914,0.012930633,-0.011711288,0.99984837,0.5294875
0.99967456,-0.023248157,-0.010502187,33.95672,0.023357848,0.99967253,0.010446438,0.89843345,0.010255895,-0.010688349,0.9998908,0.55506545
0.99967533,-0.024448516,-0.0071727806,35.01636,0.024522163,0.9996455,0.010367364,0.931454,0.0069167768,-0.010539892,0.999921,0.57588774
0.9996909,-0.024405222,-0.004749067,36.082333,0.024451757,0.9996509,0.010002173,0.960213,0.004503309,-0.010115206,0.99993914,0.59715945
0.9996644,-0.025547981,-0.004284767,37.16243,0.025590168,0.9996214,0.0101002045,0.9948394,0.00402511,-0.010206466,0.9999402,0.61563444
0.99965894,-0.025506226,-0.005604397,38.238846,0.025561998,0.9996219,0.01011733,1.0263343,0.005344229,-0.010257142,0.9999335,0.63528836
0.99962324,-0.026771232,-0.0060531544,39.323723,0.026835445,0.9995815,0.010789332,1.0641329,0.0057617836,-0.01094771,0.99992377,0.6535278
0.99961406,-0.02728443,-0.005211402,40.411503,0.027337458,0.99957216,0.010391894,1.0966369,0.004925641,-0.0105303535,0.9999327,0.6716501
0.9996175,-0.027453788,-0.0033183305,41.498165,0.027485946,0.9995714,0.0100713195,1.131114,0.0030404169,-0.0101586785,0.9999441,0.69282675
0.99957776,-0.029044252,-0.00083370967,42.57646,0.02905127,0.9995253,0.010250301,1.1681793,0.00053560524,-0.010270196,0.9999474,0.71238846
0.99957675,-0.029082902,-0.0006839895,43.66209,0.029088693,0.99951535,0.0110801365,1.20516,0.00036141902,-0.011095346,0.9999387,0.73031026
0.99954355,-0.029885288,-0.0044040503,44.73437,0.029939946,0.9994681,0.012918844,1.2474769,0.0040156296,-0.013044808,0.9999072,0.7519921
0.9995359,-0.029214384,-0.008615795,45.815395,0.029344218,0.99945134,0.0153500615,1.2860082,0.008162633,-0.015595768,0.9998453,0.7732487
0.99951357,-0.029848194,-0.009026573,46.893208,0.02999152,0.999419,0.016184367,1.3285898,0.008538263,-0.016447222,0.9998286,0.7933676
0.9995253,-0.030061653,-0.00672256,47.98462,0.030163335,0.9994235,0.015574909,1.3674166,0.0062504844,-0.015770297,0.99985635,0.8179166
0.9995575,-0.0293416,-0.0048659532,49.0695,0.029418824,0.99942845,0.016642613,1.4043754,0.004374858,-0.016778406,0.99984986,0.83768857
0.99954724,-0.029887954,-0.00344279,50.157917,0.029937122,0.99943537,0.015248991,1.4455088,0.002985091,-0.015345161,0.999878,0.8608708
0.99956965,-0.029037852,-0.0041384785,51.236324,0.029100291,0.99944955,0.01592631,1.479592,0.003673741,-0.016039897,0.99986476,0.87767005
0.9995786,-0.028469758,-0.005643761,52.319336,0.028552422,0.9994774,0.015153408,1.5197703,0.0052094036,-0.015308173,0.9998694,0.9033123
0.99956137,-0.02843188,-0.008275146,53.39894,0.028558519,0.9994702,0.015611559,1.5576688,0.007826901,-0.015841044,0.9998441,0.9199199
0.99955976,-0.027754517,-0.010473891,54.475357,0.027907025,0.9995023,0.014707794,1.5924083,0.010060476,-0.014993622,0.99983716,0.9462854
0.99951303,-0.028057601,-0.013641484,55.55803,0.028235411,0.9995165,0.013022141,1.6282951,0.013269524,-0.01340098,0.9998224,0.9753132
0.9995071,-0.027344078,-0.015412263,56.638905,0.027531307,0.9995481,0.012070351,1.6575559,0.015075252,-0.01248873,0.9998086,1.0068246
0.9995323,-0.027482351,-0.01340634,57.720844,0.02762372,0.9995635,0.010476991,1.6986103,0.013112563,-0.01084243,0.99985546,1.036157
0.99960124,-0.027200673,-0.007562699,58.818554,0.027266791,0.9995896,0.008783144,1.7275242,0.0073206928,-0.008985858,0.999933,1.062106
0.9996198,-0.027518643,-0.0016346993,59.91146,0.027529988,0.9995937,0.0073876954,1.7643121,0.0014307385,-0.007429896,0.99997157,1.0852681
0.9996301,-0.027188988,-0.00023975616,61.00285,0.027189905,0.9996137,0.005756261,1.7958561,8.315872e-05,-0.0057606557,0.9999836,1.1055747
0.99964786,-0.026296748,-0.0035101632,62.090263,0.026307775,0.9996489,0.0031369454,1.8212315,0.003426443,-0.003228189,0.9999891,1.1246921
0.9996282,-0.026399417,-0.0067908587,63.182644,0.02640996,0.99965006,0.0014694893,1.8560156,0.0067496942,-0.0016482926,0.99997604,1.1437653
0.99961203,-0.025660167,-0.010813268,64.26854,0.02570615,0.99966097,0.0041364594,1.8888206,0.010703467,-0.004412827,0.9999332,1.1660488
0.9995513,-0.02591958,-0.014998531,65.35297,0.025989566,0.9996521,0.004491093,1.9275898,0.014876914,-0.0048788884,0.99987763,1.1951613
0.99954665,-0.025635308,-0.015777139,66.44977,0.025750492,0.99964285,0.0071420437,1.9652643,0.015588426,-0.007545082,0.9998502,1.2224532
0.9996181,-0.024486316,-0.012797226,67.553085,0.024618002,0.99964446,0.010236902,2.0037684,0.012542021,-0.010548042,0.9998659,1.2468352
0.99963576,-0.02487804,-0.010451538,68.653015,0.024998974,0.9996201,0.011605356,2.0391817,0.010158856,-0.011862414,0.9998783,1.2781614
0.99965566,-0.024304401,-0.0098799,69.7502,0.024421649,0.9996306,0.011926386,2.0707612,0.009586394,-0.01216357,0.9998803,1.3058565
0.9996531,-0.024734074,-0.009038496,70.84712,0.024833087,0.999631,0.011012826,2.1010277,0.008762776,-0.011233468,0.9998988,1.3336858
0.99966526,-0.024705684,-0.0076728654,71.94069,0.02478241,0.99964213,0.010072639,2.1326432,0.0074212756,-0.010259427,0.9999201,1.3591396
0.99966097,-0.025410147,-0.005678453,73.02945,0.025457952,0.99963963,0.008513434,2.161717,0.0054600863,-0.008655116,0.9999479,1.384259
0.99965453,-0.025980918,-0.003967847,74.11455,0.026009455,0.99963486,0.0073215403,2.1950057,0.0037761845,-0.007422219,0.99996555,1.4079187
0.9996477,-0.02605912,-0.0050286017,75.20646,0.02609247,0.9996371,0.006686765,2.2278824,0.004852533,-0.006815624,0.99996525,1.4320747
0.99960726,-0.026608696,-0.008774102,76.2832,0.026672859,0.99961764,0.007279943,2.2628715,0.008577046,-0.0075111217,0.9999352,1.4586567
0.9995857,-0.026718574,-0.010689558,77.36886,0.026807597,0.9996063,0.008274443,2.2988515,0.010464278,-0.008557584,0.9999088,1.4839749
0.9995598,-0.028161887,-0.009315229,78.44694,0.028252788,0.9995529,0.0097763855,2.3411772,0.009035752,-0.010035271,0.999909,1.5096682
0.99957585,-0.028596751,-0.005472531,79.53228,0.02865498,0.9995301,0.010877782,2.380744,0.0051588975,-0.011029992,0.99992603,1.537492
0.99959224,-0.028507551,-0.0014822759,80.601204,0.028523427,0.9995196,0.012114404,2.4152293,0.0011362173,-0.0121517535,0.9999256,1.558528
0.9995645,-0.029494915,-0.00056467165,81.67312,0.029499752,0.9994801,0.013000788,2.4566693,0.00018092601,-0.013011794,0.9999155,1.5796127
0.99955904,-0.029579261,-0.002517742,82.73781,0.029610984,0.9994679,0.013670558,2.4915767,0.0021120433,-0.013739091,0.99990356,1.5982587
0.999524,-0.030663427,-0.0033173065,83.79939,0.03070497,0.9994399,0.013299684,2.529163,0.0029076408,-0.01339522,0.9999062,1.6188601
0.99952453,-0.0306244,-0.0035133017,84.84462,0.0306687,0.9994405,0.013340379,2.5643265,0.0031028013,-0.013441794,0.99990505,1.638893
0.99949217,-0.03170095,-0.0031558005,85.88147,0.031736676,0.9994241,0.012004308,2.602788,0.002773441,-0.012098374,0.99992317,1.6634296
0.9994741,-0.032381613,-0.0015720133,86.900185,0.032397225,0.9994121,0.011211492,2.6395257,0.0012080477,-0.011256531,0.9999361,1.6858721
0.9994624,-0.032770276,0.00073404127,87.893135,0.032760423,0.9994046,0.0108206505,2.675327,-0.0010881963,-0.010790791,0.99994135,1.7060785
0.9994227,-0.03391427,0.0018802871,88.88386,0.033893313,0.999373,0.010234215,2.713685,-0.0022261909,-0.010164583,0.999946,1.7282869
0.99937165,-0.035373162,0.002128187,89.84009,0.03535212,0.9993323,0.009221667,2.7504442,-0.002452963,-0.009140641,0.99995536,1.7465186
0.9992409,-0.0389144,0.0016852894,90.76725,0.038899187,0.99920887,0.008270562,2.7929225,-0.0020057973,-0.008198731,0.99996454,1.7670038
0.9991132,-0.04208963,0.00083837064,91.67742,0.042081155,0.9990791,0.008366181,2.8340716,-0.0011897248,-0.008323485,0.9999648,1.7835375
0.9989777,-0.045189142,0.00093857537,92.574776,0.04518002,0.9989456,0.008142874,2.877118,-0.0013055521,-0.008092148,0.99996656,1.8028059
0.9988057,-0.048814982,0.0019350739,93.434326,0.04879631,0.99877053,0.008736917,2.925407,-0.0023591842,-0.008632062,0.9999602,1.8183969
0.9986905,-0.051082905,0.002714162,94.28303,0.051053286,0.9986455,0.010042895,2.976108,-0.003223503,-0.009891181,0.9999462,1.836244
0.9985063,-0.054468736,0.0042245714,95.09802,0.054420706,0.9984603,0.010752722,3.0260687,-0.0048037516,-0.010506762,0.99993354,1.8522866
0.9983797,-0.056686763,0.0049105505,95.88846,0.056622207,0.9983186,0.01241433,3.0762224,-0.0056060203,-0.012116176,0.9999112,1.8649036
0.9982059,-0.05964295,0.005216869,96.649536,0.059564237,0.99812466,0.014126575,3.1312227,-0.0060496344,-0.013790499,0.99988693,1.8798205
0.9980236,-0.062701136,0.0041084243,97.37921,0.06263044,0.99791616,0.015525984,3.1877537,-0.005073358,-0.015237995,0.9998713,1.8941613
0.9978956,-0.06483586,0.00039969373,98.08953,0.06481916,0.99774605,0.017366603,3.238439,-0.001524768,-0.01730416,0.9998494,1.9105917
0.99772096,-0.06738866,-0.003348875,98.75651,0.067442596,0.9975207,0.020106066,3.2941399,0.001985656,-0.02028611,0.9997925,1.9262462
0.99759656,-0.068992764,-0.0063732304,99.391304,0.069116935,0.9973679,0.021915823,3.3469543,0.004844428,-0.02230366,0.9997398,1.937784
0.9975093,-0.070134684,-0.007478837,100.005394,0.070292465,0.99725026,0.023477685,3.4013088,0.005811678,-0.023944924,0.99969673,1.9541044
0.997566,-0.06934771,-0.007256412,100.589935,0.06951134,0.99725646,0.02545708,3.4495416,0.005471119,-0.02589953,0.99964994,1.9703225
0.99775636,-0.06667322,-0.006047722,101.15116,0.0668203,0.99735135,0.028735053,3.495614,0.00411585,-0.029074702,0.9995692,1.984362
0.9980936,-0.061549753,-0.0045330003,101.69991,0.06166185,0.9976063,0.031304054,3.5393825,0.0025953972,-0.0315239,0.99950004,1.9985673
0.99853253,-0.05408705,-0.0026529683,102.21713,0.054144412,0.9980168,0.032113384,3.5677564,0.0009107923,-0.03220991,0.99948114,2.011759
0.9989966,-0.04478188,0.000117380216,102.71675,0.044754952,0.9984807,0.032149997,3.5950968,-0.0015569364,-0.03211249,0.99948347,2.0232964
0.9994557,-0.032931983,0.0018691159,103.19215,0.03285709,0.99896646,0.031413507,3.6072285,-0.0029016908,-0.031335004,0.99950516,2.034522
0.99980164,-0.019731082,0.0026356329,103.64863,0.01964011,0.9993281,0.030952118,3.6149805,-0.0032445788,-0.03089423,0.9995178,2.045414
0.99998707,-0.0045031775,0.0022804693,104.08691,0.004431434,0.9995242,0.030531775,3.612594,-0.002416872,-0.03052129,0.9995316,2.0554411
0.99990815,0.013536695,5.870368e-05,104.50273,-0.01353265,0.9994801,0.029268976,3.606529,0.0003375356,-0.029267099,0.999572,2.068249
0.99939495,0.03455652,-0.0038775895,104.913895,-0.03443252,0.9990018,0.028463164,3.5843894,0.0048573124,-0.028312445,0.9995878,2.0754929
0.9982347,0.058841575,-0.008033571,105.32428,-0.05860734,0.99792117,0.026812736,3.5482533,0.009594583,-0.026294595,0.99960864,2.0863068
0.9962412,0.08602098,-0.010158698,105.72058,-0.08575088,0.9960139,0.024566082,3.5053318,0.012231413,-0.023602642,0.9996471,2.0953946
0.9931726,0.11613253,-0.010992372,106.112236,-0.11586858,0.9930166,0.022201508,3.4416692,0.0134939365,-0.020776276,0.9996935,2.1052628
0.98885393,0.14836672,-0.012432055,106.48138,-0.14810589,0.9887737,0.019789431,3.3709137,0.015228593,-0.017727613,0.99972725,2.1151302
0.9828244,0.18402858,-0.013742934,106.8633,-0.18377419,0.9828051,0.017933246,3.2784102,0.016806867,-0.015099652,0.9997451,2.1275043
0.9747749,0.22271925,-0.014464301,107.22434,-0.22251888,0.97482425,0.014262034,3.1768465,0.017276593,-0.010683707,0.99979407,2.1404524
0.96491385,0.26213744,-0.014981886,107.58504,-0.2619691,0.96499795,0.012312766,3.0537536,0.01768514,-0.0079559805,0.99981236,2.1563888
0.9526652,0.30363017,-0.015395996,107.91622,-0.30345944,0.95276284,0.012486714,2.9331741,0.01846009,-0.0072236108,0.9998039,2.1718924
0.9376347,0.34731048,-0.014692657,108.24746,-0.34711078,0.9377115,0.014554544,2.794444,0.018832434,-0.0085468795,0.9997865,2.1788645
0.9199218,0.39187497,-0.013308635,108.583885,-0.39169258,0.9199835,0.01441751,2.6311364,0.017893601,-0.008050101,0.9998079,2.192636
0.8999068,0.4359194,-0.011884262,108.88576,-0.4357605,0.89995646,0.013846545,2.4659934,0.016731312,-0.0072819204,0.99983394,2.1991177
0.87684906,0.48060486,-0.012404402,109.19378,-0.48046264,0.87692136,0.012848451,2.2681382,0.01705273,-0.005306312,0.9998409,2.213316
0.851805,0.5236754,-0.0138412565,109.46786,-0.5235289,0.8519096,0.012964621,2.0747736,0.01858077,-0.0037970415,0.9998205,2.2285435
0.82429874,0.5659312,-0.015891422,109.7452,-0.5657522,0.8244471,0.014557749,1.8587544,0.02134034,-0.003009336,0.9997681,2.2430403
0.7939747,0.6076937,-0.017648544,110.00294,-0.6074109,0.79415923,0.019066922,1.6456927,0.025602626,-0.004418748,0.9996627,2.2550461
0.76015925,0.64950466,-0.017332312,110.27256,-0.64907396,0.76031893,0.02486771,1.396281,0.029329807,-0.0076534813,0.99954075,2.2684205
0.72362936,0.6899995,-0.016124515,110.50722,-0.6894369,0.7237347,0.029750768,1.1536428,0.03219792,-0.01041171,0.99942756,2.270795
0.6845476,0.7287836,-0.016366728,110.73969,-0.7282225,0.68469083,0.029844899,0.87586254,0.032956656,-0.008511646,0.9994208,2.2837186
0.64359164,0.7651921,-0.016423142,110.96062,-0.7647409,0.64378494,0.02669216,0.57603145,0.030997634,-0.0046194075,0.9995091,2.3055665
0.5998823,0.79995525,-0.014551208,111.15764,-0.7995824,0.60005087,0.02464036,0.275545,0.028442683,-0.0031464277,0.99959075,2.3115265
0.55357623,0.8327074,-0.012269828,111.357414,-0.8324081,0.5537081,0.022455106,-0.061216325,0.025492467,-0.0022171107,0.99967283,2.327997
0.506143,0.86238545,-0.010460548,111.51767,-0.8621471,0.5062497,0.020337565,-0.3826405,0.022834498,-0.0012751844,0.99973875,2.3345373
0.45561543,0.8901285,-0.009202126,111.676765,-0.89000875,0.45570612,0.01471229,-0.7474183,0.017289316,0.0014868303,0.9998498,2.3616254
0.40446255,0.9145359,-0.005739765,111.81236,-0.91441846,0.40450287,0.014705843,-1.0992804,0.015770793,-0.00069941406,0.9998757,2.3687818
0.3535366,0.93541574,-0.0028398507,111.936485,-0.9352324,0.35352486,0.018986477,-1.4627377,0.01876423,-0.004056495,0.99981606,2.382284
0.30270943,0.95308185,-0.0009321335,112.044495,-0.9527946,0.3026419,0.024296105,-1.8625633,0.023438303,-0.006466531,0.9997047,2.3917758
0.2561177,0.96664315,-0.0019255093,112.13236,-0.966311,0.25608099,0.025800109,-2.2548952,0.02543261,-0.004747224,0.9996656,2.397986
0.21386264,0.9768279,-0.008293852,112.20342,-0.97650814,0.21400619,0.025161736,-2.6869216,0.026353646,0.0027178656,0.9996493,2.4144666
0.17876203,0.9837713,-0.015393749,112.254295,-0.98352665,0.17910026,0.024462689,-3.1117349,0.02682274,0.010767175,0.9995825,2.428931
0.1473204,0.98892355,-0.018046,112.308304,-0.9887057,0.14774658,0.025138829,-3.5623498,0.02752664,0.014138735,0.99952143,2.4446263
0.11983688,0.99267554,-0.015263835,112.35729,-0.9924682,0.120177016,0.023756387,-4.027588,0.025416773,0.012301992,0.9996016,2.4606886
0.09413467,0.99552137,-0.008629385,112.41083,-0.9953315,0.09429499,0.020581167,-4.5106716,0.021302722,0.0066517033,0.9997513,2.4686828
0.07022331,0.997526,-0.003024396,112.45185,-0.99738497,0.070264526,0.016912062,-5.01878,0.01708275,0.0018288665,0.9998528,2.4786577
0.048081465,0.9988208,-0.006620274,112.46287,-0.9987426,0.048169628,0.013889713,-5.5437574,0.014192249,0.0059441165,0.999882,2.4965856
0.027814502,0.9995215,-0.013482101,112.460686,-0.9995089,0.028003652,0.0140588395,-6.08303,0.014429678,0.0130844535,0.99981064,2.5149436
0.009547558,0.99977285,-0.019018935,112.452576,-0.99982303,0.009852689,0.016021952,-6.651558,0.01620572,0.01886262,0.9996911,2.5320313
-0.004539882,0.99980223,-0.019321222,112.44753,-0.99976367,-0.004127465,0.021339105,-7.2252045,0.021255167,0.019413553,0.9995859,2.5406308
-0.016103666,0.99975574,-0.015083284,112.44658,-0.9995325,-0.015704539,0.026226066,-7.8283877,0.025982821,0.015498584,0.9995426,2.5454686
-0.022741213,0.99960494,-0.01646668,112.43537,-0.9994022,-0.022301696,0.026409367,-8.459932,0.026031734,0.017057436,0.999516,2.5581114
-0.02529507,0.9994114,-0.023137597,112.406746,-0.99942833,-0.024762942,0.023009432,-9.113068,0.022422966,0.023706423,0.99946785,2.583264
-0.025620356,0.9993699,-0.024530135,112.390945,-0.9994561,-0.025097826,0.021383768,-9.777468,0.02075467,0.025064683,0.99947083,2.6018155
-0.023261227,0.99944246,-0.023919817,112.37929,-0.99951917,-0.022759307,0.021052258,-10.460584,0.020496152,0.024398046,0.99949265,2.6238134
-0.02164207,0.9995453,-0.020961372,112.37307,-0.9995409,-0.021188026,0.021653442,-11.151883,0.021199496,0.0214204,0.9995462,2.6357121
-0.02037999,0.9995771,-0.020708023,112.36757,-0.9995491,-0.019914089,0.022468572,-11.869461,0.022046719,0.02115662,0.9995335,2.6566348
-0.019533675,0.9996076,-0.02003884,112.35728,-0.99955195,-0.019070363,0.023064613,-12.6032,0.022673449,0.020480422,0.99953353,2.677807
-0.018816128,0.9996216,-0.02002808,112.3446,-0.9995672,-0.018354759,0.02298362,-13.345501,0.022607345,0.020451901,0.9995356,2.7020793
-0.018248012,0.99965006,-0.019112127,112.340706,-0.99959713,-0.017825035,0.022080822,-14.112499,0.021732453,0.019507382,0.9995739,2.7231174
-0.017695572,0.9996561,-0.019316617,112.328384,-0.9996336,-0.017293021,0.020819526,-14.882437,0.020478353,0.019677978,0.9995971,2.7492754
-0.01804113,0.9996402,-0.019809794,112.31776,-0.9996688,-0.017671086,0.018706525,-15.674971,0.018349761,0.020140745,0.9996292,2.7753367
-0.019217363,0.9996526,-0.017996518,112.30889,-0.99967027,-0.01890503,0.01737599,-16.473446,0.017029757,0.018324528,0.99968755,2.7970734
-0.020339571,0.9996658,-0.015910374,112.29969,-0.99966,-0.020074785,0.016638363,-17.273985,0.016313434,0.016243402,0.9997355,2.8167675
-0.021555904,0.9995976,-0.018398704,112.28285,-0.99967325,-0.021297539,0.014133314,-18.090986,0.013735807,0.018697372,0.9997313,2.839954
-0.023038527,0.9995464,-0.019361284,112.265396,-0.99966353,-0.022801882,0.01236384,-18.904154,0.011916784,0.019639637,0.99973655,2.8656986
-0.023766045,0.9995535,-0.018073868,112.25017,-0.9996543,-0.023557477,0.011675231,-19.743992,0.011244267,0.018345116,0.9997689,2.8868027
-0.025192663,0.99957186,-0.014836497,112.23904,-0.9995576,-0.024952186,0.016187197,-20.583117,0.015810093,0.01523775,0.9997593,2.9100385
-0.026255038,0.99954844,-0.014572222,112.2208,-0.99945235,-0.025953386,0.02052826,-21.417894,0.020140827,0.01510323,0.9996835,2.9307604
-0.02744688,0.9995078,-0.015154569,112.201515,-0.9993842,-0.027105762,0.022284124,-22.266352,0.021862417,0.015756885,0.9996373,2.9582996
-0.028763173,0.99951774,-0.011651946,112.1861,-0.99938154,-0.028519547,0.020575022,-23.114365,0.020232828,0.012236557,0.9997209,2.982494
-0.029392391,0.9995251,-0.009182358,112.172676,-0.99943453,-0.029237282,0.0166102,-23.97703,0.016333876,0.0096653905,0.99982035,3.0098164
-0.029461324,0.99953574,-0.007683446,112.152245,-0.99950284,-0.029372403,0.011460735,-24.825174,0.011229761,0.008017286,0.9999052,3.039071
-0.029450214,0.9995573,-0.0040641166,112.13678,-0.9995489,-0.0294257,0.006004805,-25.687763,0.00588258,0.0042391326,0.9999741,3.0598767
-0.029497242,0.9995631,-0.0014677723,112.12084,-0.99955326,-0.029489951,0.004865414,-26.538265,0.004820025,0.0016106367,0.9999875,3.076193
-0.029157449,0.9995653,-0.004210866,112.100204,-0.9995105,-0.029107686,0.011467734,-27.373116,0.011340208,0.0045431815,0.9999258,3.105236
-0.027844606,0.99959445,-0.0058654575,112.077156,-0.99937254,-0.027709117,0.02206183,-28.20807,0.021890396,0.0064760894,0.99973977,3.1311483
-0.027856477,0.9995861,-0.0071016466,112.056786,-0.9992466,-0.027653713,0.027229266,-29.03952,0.027021654,0.007854818,0.99960434,3.1573064
-0.026295332,0.9996165,-0.008609525,112.03573,-0.9993968,-0.026092341,0.022914983,-29.88129,0.022681592,0.009206901,0.9997007,3.180545
-0.024986446,0.9996047,-0.012836315,112.0138,-0.99957573,-0.024789546,0.015288539,-30.719595,0.014964322,0.013212891,0.9998011,3.2141304
-0.025043193,0.9995912,-0.013748818,111.99711,-0.9996156,-0.024875643,0.012236846,-31.550024,0.01188986,0.01405,0.999831,3.2449915
-0.024674926,0.9996164,-0.0125295995,111.981766,-0.9996233,-0.024520786,0.0123229455,-32.372856,0.01201101,0.012828963,0.99984604,3.2717652
-0.026353864,0.999604,-0.009807971,111.97052,-0.9995723,-0.026226243,0.012937155,-33.189297,0.012674833,0.010144733,0.9998687,3.296477
-0.027485386,0.99959594,-0.007164334,111.95629,-0.99953604,-0.027388413,0.01332154,-34.008354,0.013119965,0.007527167,0.9998861,3.319954
-0.030045211,0.99952537,-0.006715043,111.935486,-0.9994633,-0.029954443,0.013255556,-34.82453,0.013048147,0.007109714,0.9998901,3.3451886
-0.0317045,0.99948055,-0.0056720846,111.9147,-0.9994067,-0.0316249,0.013640136,-35.637093,0.013453701,0.006101181,0.9998914,3.3734171
-0.033809442,0.99942076,-0.003714127,111.89432,-0.99933535,-0.033755556,0.01376256,-36.438644,0.013629245,0.0041769682,0.9998989,3.3973475
-0.036433436,0.9993332,-0.002115836,111.86695,-0.9992522,-0.036403045,0.013030805,-37.242996,0.012945121,0.0025890144,0.9999134,3.4186306
-0.037947394,0.99927694,-0.0020901926,111.841415,-0.9992094,-0.037920013,0.011939164,-38.040344,0.011851299,0.002541604,0.9999271,3.4476678
-0.04036908,0.99918216,-0.0020371235,111.80868,-0.9991129,-0.040341817,0.012076548,-38.833294,0.011984519,0.0025228395,0.99992555,3.470989
-0.04189496,0.9991194,-0.0019993207,111.779625,-0.99904084,-0.04186617,0.012822946,-39.621994,0.012727979,0.002534624,0.9999163,3.4954438
-0.04350514,0.9990494,-0.0025215712,111.74495,-0.9989702,-0.043469064,0.012991193,-40.404076,0.012869262,0.003084163,0.99991304,3.5183146
-0.044354912,0.9990089,-0.003561703,111.708496,-0.99894595,-0.04430956,0.011981497,-41.185837,0.011811832,0.0040893927,0.9999226,3.5427094
-0.045939215,0.99893445,-0.004287358,111.67287,-0.99888474,-0.04588941,0.011108092,-41.96022,0.010899537,0.00479288,0.9999298,3.5668936
-0.04761269,0.998858,-0.0038076183,111.637245,-0.99880743,-0.047568534,0.010992705,-42.723717,0.010799054,0.0043264753,0.999933,3.5899315
-0.048494965,0.9988199,-0.0024130684,111.60764,-0.99877334,-0.0484684,0.010125479,-43.48186,0.009996596,0.0029011467,0.99994653,3.6122637
-0.049716,0.9987609,-0.001912809,111.57459,-0.9987228,-0.049696814,0.0091074435,-44.22401,0.009001122,0.0023631542,0.9999574,3.6326737
-0.050243597,0.998735,-0.0016163567,111.54207,-0.9986963,-0.050227076,0.009103175,-44.94361,0.0090105,0.002071628,0.9999579,3.6541226
-0.050666142,0.99871284,-0.0020803479,111.509766,-0.9986542,-0.05064,0.01119924,-45.655563,0.011079504,0.0026449733,0.99993575,3.6773179
-0.050417498,0.9987266,-0.001375838,111.47804,-0.99863654,-0.05039435,0.013618079,-46.35556,0.013531436,0.0020605535,0.99990696,3.7021086
-0.05091944,0.9987021,3.4963363e-05,111.449715,-0.99858266,-0.05091405,0.015505439,-47.05274,0.015487131,0.00075461494,0.99988043,3.7208357
-0.051394537,0.9986777,-0.0003555264,111.41598,-0.9985462,-0.051382124,0.016292684,-47.76152,0.016252909,0.0011923655,0.99986786,3.7449396
-0.05131961,0.99868065,-0.0013771021,111.38259,-0.9985503,-0.051290553,0.01632895,-48.446075,0.01623681,0.0022131037,0.99986637,3.7664149
-0.05202123,0.9986421,-0.002530471,111.347466,-0.9985211,-0.051974677,0.015947968,-49.1518,0.015794829,0.0033563657,0.99987024,3.791568
-0.05223591,0.9986337,0.0009434994,111.31857,-0.998503,-0.05224454,0.01619354,-49.837868,0.016220747,-9.6202595e-05,0.99986905,3.8098068
-0.05247374,0.99861884,0.0023871944,111.28963,-0.9984871,-0.052506022,0.016331915,-50.529613,0.016434738,-0.0015265878,0.99986446,3.8323457
-0.052197542,0.9986354,0.0012264649,111.25544,-0.9985206,-0.05221036,0.0151886,-51.209244,0.015231944,-0.0004318431,0.9998846,3.8574176
-0.053319503,0.9985761,0.0012220968,111.21952,-0.9984714,-0.053331837,0.014514336,-51.89591,0.0145588815,-0.0004463317,0.9998946,3.879908
-0.05678732,0.9983762,0.0043365555,111.18681,-0.99828535,-0.05684302,0.01397721,-52.5881,0.0142010525,-0.0035353953,0.99989355,3.9025378
-0.061694022,0.99807787,0.005747752,111.15551,-0.9979906,-0.061770074,0.014115795,-53.24777,0.0144437365,-0.004865348,0.99988455,3.9185214
-0.06832597,0.99765235,0.0044701695,111.10498,-0.9975145,-0.068392634,0.016953157,-53.923557,0.017219122,-0.0033007208,0.999847,3.942845
-0.074937694,0.9971815,0.0034751492,111.05353,-0.99698883,-0.07499215,0.01973875,-54.58722,0.01994377,-0.0019855092,0.9997999,3.9652014
-0.082163855,0.99660236,0.005618041,110.99641,-0.9963875,-0.08226515,0.02108591,-55.267616,0.021476483,-0.0038652495,0.9997627,3.9871142
-0.088429265,0.99604696,0.008327849,110.9432,-0.9958534,-0.08858535,0.020706953,-55.94639,0.021362871,-0.0064622234,0.99975175,4.0080056
-0.09400484,0.99553365,0.008634351,110.878944,-0.9953597,-0.09416049,0.019823788,-56.634647,0.020548308,-0.0067307604,0.99976707,4.03259
-0.09900823,0.99503285,0.010281121,110.81369,-0.9948708,-0.0991969,0.019808756,-57.335747,0.020730266,-0.008267167,0.9997518,4.058548
-0.102874,0.9946069,0.013141701,110.749596,-0.99448216,-0.103116296,0.019304724,-58.0333,0.020555783,-0.011083245,0.9997282,4.0796065
-0.1058026,0.99431515,0.0119106015,110.67433,-0.99422747,-0.10599302,0.016664643,-58.754696,0.017832391,-0.0100786965,0.99979115,4.099498
-0.10769423,0.9941301,0.010297094,110.59897,-0.9940777,-0.107828826,0.0135304695,-59.4642,0.014561409,-0.008778967,0.9998564,4.1236806
-0.109176904,0.9939737,0.00976387,110.52237,-0.9939477,-0.10928423,0.011204169,-60.19436,0.012203722,-0.008481549,0.9998905,4.1467943
-0.11057036,0.9938172,0.010004175,110.451164,-0.9937974,-0.11067749,0.01084904,-60.923473,0.011889236,-0.008742551,0.999892,4.16273
-0.110997476,0.99377096,0.009866581,110.37093,-0.9937096,-0.11112836,0.013861429,-61.659855,0.014871584,-0.008265943,0.9998562,4.184503
-0.11174867,0.9937266,0.0042633293,110.28043,-0.9935636,-0.11180848,0.018186944,-62.402645,0.018549573,-0.002203524,0.9998265,4.201484
-0.112342395,0.9936664,-0.002199004,110.188934,-0.9934189,-0.11226425,0.022719374,-63.13272,0.02232866,0.004736889,0.9997404,4.231253
-0.11346277,0.9935353,-0.0035216461,110.10285,-0.9932701,-0.11334819,0.023814559,-63.884907,0.023261486,0.006200022,0.9997112,4.2537003
-0.11363431,0.99352074,-0.0015397309,110.025955,-0.993283,-0.11357291,0.022149093,-64.63376,0.021830762,0.004046292,0.9997545,4.2782784
-0.11357681,0.993524,-0.0029855217,109.942894,-0.993375,-0.11350588,0.017974105,-65.39019,0.017518874,0.005007192,0.999835,4.2991104
-0.1138704,0.9934734,-0.0065370216,109.8533,-0.99338096,-0.11375496,0.01595321,-66.14161,0.015105509,0.008310365,0.9998524,4.329811
-0.114351876,0.9934015,-0.0086948555,109.77101,-0.9933281,-0.114203125,0.016043471,-66.8864,0.014944669,0.010471461,0.99983454,4.3534546
-0.116771795,0.9931415,-0.005734071,109.69083,-0.99303645,-0.11666503,0.016375624,-67.637115,0.015594386,0.0076063653,0.99985045,4.375271
-0.118529856,0.9929369,-0.005054867,109.60543,-0.9928202,-0.118430465,0.016813124,-68.37669,0.01609576,0.0070114424,0.99984694,4.400974
-0.12112111,0.9926238,-0.005120748,109.5155,-0.992503,-0.121018246,0.017108627,-69.13252,0.016362764,0.0071545853,0.9998416,4.422437
-0.12279019,0.99241686,-0.005461484,109.42494,-0.9923006,-0.122682415,0.016994424,-69.8743,0.016195562,0.0075061945,0.9998417,4.4485526
-0.12494584,0.99215144,-0.00473811,109.334404,-0.99203396,-0.12485111,0.016765032,-70.62256,0.016041929,0.006795098,0.99984926,4.469382
-0.1266896,0.9919341,-0.0038553078,109.24089,-0.9918024,-0.12660567,0.017297497,-71.37996,0.01666991,0.0060151257,0.999844,4.491392
-0.12775333,0.991803,-0.0020549735,109.14683,-0.9916498,-0.12769641,0.018012537,-72.14178,0.017602513,0.0043389816,0.99983674,4.51858
-0.12880486,0.9916668,-0.0021497593,109.054016,-0.9915026,-0.12874322,0.018655019,-72.89792,0.018222835,0.0045343554,0.99982476,4.540123
-0.130202,0.9914858,-0.0013069271,108.957184,-0.9913199,-0.13015588,0.018559232,-73.67756,0.01823115,0.0037120366,0.99982804,4.5662045
-0.13127226,0.9913441,-0.0016610144,108.85452,-0.99119884,-0.1312239,0.017469762,-74.44561,0.017100617,0.003939696,0.9998472,4.589825
-0.1323052,0.99120814,-0.00026114844,108.753944,-0.99108714,-0.13228506,0.015717056,-75.233574,0.0155443605,0.0023382711,0.99987763,4.6135325
-0.1343223,0.9909353,0.0017204016,108.652824,-0.9908364,-0.13433345,0.014063712,-76.02647,0.014167367,0.0001844312,0.9999008,4.6350803
-0.1368235,0.99059385,0.0011478914,108.544044,-0.9905083,-0.13682699,0.013103006,-76.814606,0.013136849,0.0006558017,0.9999147,4.658055
-0.13848674,0.9903628,0.0009833868,108.435135,-0.9902794,-0.13848805,0.012956595,-77.613304,0.012967946,0.00082048785,0.9999168,4.682353
-0.14115766,0.9899857,0.0009913483,108.32431,-0.98988295,-0.14115751,0.014369504,-78.40898,0.014365571,0.0010470462,0.9998975,4.7010465
-0.14212032,0.98984843,0.0001855219,108.21021,-0.9896888,-0.14210092,0.01798835,-79.21267,0.017832141,0.0023729035,0.9998394,4.7250137
-0.1433858,0.98966575,-0.00053286913,108.09433,-0.98943555,-0.14334092,0.021696271,-80.02127,0.02139572,0.0036381818,0.9997657,4.7488427
-0.14364775,0.9896275,-0.0008466198,107.97534,-0.98930544,-0.14357916,0.025686448,-80.839836,0.025298515,0.004527373,0.99967086,4.7785177
-0.14360873,0.9896279,-0.0033374685,107.85594,-0.98929536,-0.14347072,0.026660806,-81.6609,0.025905505,0.0071304794,0.9996401,4.8054585
-0.14350495,0.9896278,-0.0064221583,107.7304,-0.9893314,-0.14329158,0.026283136,-82.49494,0.025090335,0.010125423,0.99963504,4.8419113
-0.14313823,0.98967123,-0.0077684443,107.61089,-0.9894249,-0.142908,0.024811957,-83.33505,0.02344556,0.011237854,0.99966305,4.870936
-0.14268516,0.98973715,-0.007698096,107.4915,-0.9895244,-0.14247349,0.023292143,-84.17763,0.021956373,0.01094092,0.9997001,4.901675
-0.14076641,0.9900179,-0.006869989,107.37917,-0.98984146,-0.14059478,0.021138012,-85.02027,0.01996117,0.009775742,0.999754,4.9286566
-0.13914034,0.9902363,-0.008354355,107.26237,-0.9901275,-0.1389709,0.018287614,-85.87775,0.016948085,0.010816443,0.9997989,4.955857
-0.13692021,0.99054235,-0.008740864,107.148155,-0.99049324,-0.13678479,0.014591672,-86.723946,0.013258083,0.0106556825,0.99985635,4.9826956
-0.13556257,0.9907381,-0.0076440694,107.03703,-0.99067646,-0.13544093,0.014687882,-87.575516,0.013516556,0.009563944,0.9998639,5.0062933
-0.13440241,0.990893,-0.008044336,106.92283,-0.99077535,-0.13423586,0.018566487,-88.438774,0.017317604,0.010465531,0.9997963,5.0364428
-0.13297221,0.9910927,-0.0071581244,106.813675,-0.99084795,-0.13276349,0.024371177,-89.28061,0.02320381,0.010333321,0.9996784,5.0632343
-0.13173014,0.99127483,-0.004357812,106.70355,-0.9909239,-0.1315624,0.027582549,-90.14902,0.026768621,0.007951727,0.9996111,5.0953417
-0.1295703,0.99156314,-0.0034099896,106.59713,-0.991237,-0.1294372,0.026358891,-91.00562,0.02569518,0.006795449,0.9996478,5.1207366
-0.12912838,0.9916154,-0.004711392,106.48754,-0.9913604,-0.12898211,0.023826646,-91.87582,0.023019234,0.007747397,0.99970603,5.159257
-0.12802655,0.9917585,-0.0046639447,106.37844,-0.9915347,-0.12789243,0.022405244,-92.749565,0.021624153,0.007492942,0.9997391,5.1888127
-0.12724614,0.9918599,-0.0044538956,106.26924,-0.9916418,-0.12711926,0.022060603,-93.62241,0.021314897,0.0072238087,0.9997477,5.2239895
-0.12676686,0.99192226,-0.004241728,106.161316,-0.99170667,-0.12664598,0.0218661,-94.4952,0.021152318,0.006978459,0.99975294,5.2576356
-0.12616219,0.9919894,-0.0061385836,106.0531,-0.9918158,-0.12601325,0.020530133,-95.357864,0.019592172,0.008678487,0.9997714,5.2850046
-0.12564763,0.9920322,-0.00907929,105.939316,-0.9918974,-0.12544727,0.020047875,-96.236275,0.018749202,0.0115247145,0.99975884,5.3183856
-0.12501784,0.9921053,-0.009757327,105.83268,-0.99196744,-0.124797754,0.0206305,-97.092865,0.019249974,0.012258154,0.9997406,5.350839
-0.124420546,0.9921646,-0.011247728,105.72281,-0.9919927,-0.124135725,0.023241049,-97.9627,0.021662746,0.014049358,0.99966764,5.383564
-0.12357877,0.9923119,-0.0065587824,105.62427,-0.99207276,-0.12339202,0.023779945,-98.815094,0.022787869,0.009445502,0.9996968,5.4154344
-0.12284327,0.9924199,-0.0031567533,105.52978,-0.992218,-0.122752175,0.020850081,-99.68409,0.020304577,0.005693487,0.9997787,5.4437475
-0.1235297,0.9923394,0.000790922,105.43117,-0.9921653,-0.123523146,0.01869138,-100.55379,0.018645924,0.0015242114,0.9998261,5.480284
-0.12425264,0.9922405,0.0042329105,105.337036,-0.9920517,-0.124312304,0.019474778,-101.41557,0.0198499,-0.0017794856,0.99980253,5.5122056
-0.12580739,0.9920228,0.007821182,105.238556,-0.99175745,-0.12595902,0.023471447,-102.26245,0.0242694,-0.004803853,0.99969506,5.548237
-0.12634255,0.99193525,0.009997053,105.141266,-0.9916229,-0.12656294,0.025788402,-103.1037,0.026845729,-0.0066551585,0.9996186,5.5811973
-0.12674116,0.99189025,0.009398089,105.03739,-0.99155915,-0.12694868,0.026339352,-103.94159,0.02731887,-0.005980503,0.99961,5.615991
-0.12769783,0.9917772,0.008311402,104.93117,-0.9914417,-0.12787512,0.026279284,-104.77377,0.027126066,-0.0048844814,0.9996212,5.6529346
-0.12807629,0.99173695,0.0072161607,104.82769,-0.99137723,-0.12822647,0.026989365,-105.603455,0.027691709,-0.0036972552,0.9996107,5.689486
-0.1293119,0.9915824,0.006371808,104.722145,-0.9911496,-0.12944482,0.029426144,-106.42026,0.030003306,-0.0025102762,0.99954766,5.7318807
-0.12945841,0.9915621,0.0065480983,104.62227,-0.99108166,-0.12960058,0.030987507,-107.23459,0.03157474,-0.0024781188,0.9994993,5.7699847
-0.13091846,0.9913607,0.007882229,104.52141,-0.99088115,-0.13110252,0.031080738,-108.042,0.031845666,-0.0037413253,0.9994868,5.8099575
-0.13261814,0.9911215,0.0094033815,104.422134,-0.9906651,-0.13284723,0.030553322,-108.84434,0.031531334,-0.005263696,0.9994899,5.8461804
-0.13562666,0.9907092,0.00992429,104.317276,-0.9902301,-0.13587518,0.03132815,-109.63996,0.032385617,-0.0055784187,0.9994609,5.887516
-0.13958763,0.99015,0.010772194,104.212296,-0.9895915,-0.13987689,0.03379973,-110.4271,0.03497366,-0.005942068,0.9993716,5.9282126
-0.1422304,0.98975277,0.012552725,104.10773,-0.9891568,-0.14259091,0.035155788,-111.211716,0.03658552,-0.0074164155,0.999304,5.9695163
-0.14596683,0.98921007,0.012436131,103.99778,-0.988607,-0.14632179,0.035290204,-111.98532,0.036729183,-0.0071432698,0.9993007,6.004235
-0.14850207,0.98884517,0.0113973655,103.88353,-0.9882647,-0.1488123,0.034452993,-112.76221,0.035764825,-0.006147293,0.9993423,6.0463004
-0.15163401,0.9883764,0.010809943,103.76672,-0.9877763,-0.1519237,0.034878097,-113.537506,0.03611505,-0.005389118,0.9993341,6.089888
-0.15286799,0.9881256,0.01539081,103.65903,-0.9873824,-0.1533673,0.039418194,-114.300285,0.041310657,-0.009170863,0.9991053,6.129941
-0.1545584,0.9878108,0.018421978,103.550575,-0.98681116,-0.15525661,0.04580755,-115.05874,0.048109423,-0.011099106,0.9987814,6.1713977
