0,1,2,3,4,5,6,7,8,9,10,11
0.999999999994749,-1.6750352515616795e-10,-3.575537331490519e-10,-2.607530857900997e-11,-1.6750352819193404e-10,1.0000000000004121,1.3708782273217529e-11,5.690117821366414e-11,-3.5755373835322235e-10,1.3708783465839918e-11,1.0000000000048386,1.1967732360673722e-10
0.9999982171065915,-0.001611425374181846,-0.0009879612568584354,0.5653133822582103,0.0016094783657063206,0.9999968163213515,-0.0019677107868537502,-0.0052846847312589375,0.0009911281374708038,0.001966117973904486,0.999997566572057,0.005766731412425355
0.9999935335216483,-0.0027267998480401457,-0.0023366307883349044,1.127536923861514,0.0027209834262955737,0.9999931618821641,-0.002488566218946364,-0.004485897726854581,0.002343399965803491,0.0024821927464069495,0.9999941045961875,0.014308863688020125
0.9999833585330362,-0.004544940858188675,-0.003556414041134658,1.68918448322033,0.004535880279797316,0.9999864464444267,-0.002551300286012092,0.002742432022836086,0.0035679613500106213,0.0025351269265120207,0.9999903950225372,0.029319615643055005
0.9999635516772941,-0.006546609796692317,-0.005474819880130285,2.2512236537490233,0.006521006785903851,0.9999678351017278,-0.004681324177705547,0.00801034769591209,0.005505290989078879,0.0046454548125431944,0.9999740132209779,0.04290468714001233
0.9999383767240416,-0.008099548240169433,-0.007589665953346351,2.8159350533798766,0.00804513026565169,0.9999418944493215,-0.0071733346940806506,0.01149230713272733,0.007647326746456755,0.007111835299983927,0.9999454288266375,0.053578323420277324
0.9999187827551784,-0.0094873621872834,-0.008513643863022743,3.3901855677471127,0.009416222907792371,0.999920780418157,-0.008357401208586964,0.019067922609903105,0.008592258444978948,0.008276558222823088,0.9999288368266651,0.06616133744921707
0.9999109804112882,-0.010859110161879073,-0.007752745380514319,3.9695795176324893,0.010792504779831864,0.999904899326663,-0.00858189384070078,0.029226049951640846,0.00784520110454342,0.008497460133584754,0.999933120262049,0.08181509010405265
0.9998960589788498,-0.01201502000021663,-0.00796467083291689,4.556453051261349,0.01194425064741255,0.9998892995292905,-0.008875268379817176,0.041968592304554554,0.008070426474672673,0.00877921737999015,0.9999288414918598,0.10299180409251962
0.9998587501896837,-0.013196427822384036,-0.010413528472683323,5.150693950783342,0.013109781832343414,0.9998792643940485,-0.008345713471103135,0.05450718903578333,0.010522408109101246,0.008208017854040536,0.9999108854162678,0.1211713339445723
0.999794635918739,-0.014326377760957356,-0.014331774258702556,5.751403118877844,0.014232269724783987,0.9998766246526816,-0.006646774035802291,0.07089325906276608,0.014425230117826107,0.006441437646296864,0.999875139428579,0.13889469350150618
0.9997156379374718,-0.015524700450528638,-0.018102881158135353,6.363939412985686,0.015433804166369828,0.9998676291480293,-0.0051501815480627655,0.08683267990428728,0.01818043339798061,0.004869322369940963,0.9998228329144988,0.15310065950134538
0.999681459622608,-0.01669685359503793,-0.018927939076190895,6.989711721139595,0.016629739261243205,0.9998548671420137,-0.0036974669563448795,0.10364554161359701,0.018986937691641455,0.0033815228723508032,0.9998139732353779,0.16803240762355204
0.9997631974437092,-0.017791378657583116,-0.012529274475289304,7.638276949529998,0.017777657937073813,0.9998412134079966,-0.001206083201876932,0.12275341336084826,0.012548750363864011,0.0009830558561114639,0.9999207891482939,0.183963670846752
0.9998242151733913,-0.018649824450258753,-0.0019236143494182865,8.303699528256955,0.01864946773217836,0.9998260782146864,-0.00020578915319577156,0.14123372471546777,0.0019271170252148455,0.00016987923830151335,0.9999981066119221,0.2009983566699933
0.9997973800181195,-0.019420519995044464,0.005293569388667358,8.980670599363446,0.019416197086119955,0.9998111692972821,0.0008675401076934988,0.1596431165705071,-0.0053094204306778124,-0.0007645810724521523,0.9999855506845983,0.21871350372577747
0.9997714302055516,-0.020700274940693243,0.005339099177965963,9.664358951837833,0.02068314358777378,0.9997808261725677,0.003244447611789769,0.1812587229851851,-0.005405092124571453,-0.0031332763045759647,0.99998044362188,0.23311167066049135
0.9997674521421246,-0.021468984676763888,-0.0020594768664721377,10.355663812927917,0.021479869954265443,0.9997546122459854,0.005418233112354329,0.20509776155796114,0.0019426459434527036,-0.005461209635813508,0.9999831356118896,0.23749382689505477
0.9997082757935554,-0.022342653165085255,-0.009170365924791255,11.06575073103948,0.022386281489131084,0.9997384466918718,0.0046824848781437545,0.22420581485673283,0.009063349879968449,-0.004886409871313083,0.999946977514572,0.23627657523800763
0.9996828330733936,-0.023677283874682178,-0.008575461013299649,11.800010602557542,0.023699347560704933,0.9997160718878279,0.002480355829454229,0.23856057804019296,0.008514298970173384,-0.002682801352875994,0.9999600950387777,0.2378785957828715
0.999706713620394,-0.024186173500095325,0.0012618599316707411,12.56109416410991,0.02418396706960196,0.9997060364421285,0.0017320647738321392,0.24891327630221424,-0.001303383496671249,-0.0017010383689723396,0.9999976499374768,0.2417950502646888
0.9996529485791005,-0.024676432696231296,0.009221807684667,13.338249161788491,0.024664123105503557,0.9996947739550575,0.0014462190898997963,0.2613886153707608,-0.00925468346866894,-0.0012182683493345402,0.9999563774658411,0.2440349307505843
0.9996116050840016,-0.025142461180138156,0.012022810930134216,14.127301169588558,0.025137409156121913,0.9996838624924175,0.0005714337590168593,0.2763251615647101,-0.012033380492061818,-0.00026898882980290505,0.9999275324235799,0.2439591624970494
0.9996171989056105,-0.025353380140440283,0.01107901716394274,14.930880433244925,0.02537228869672234,0.9996768924711222,-0.0015696392561383248,0.2888841482066603,-0.011035639604123158,0.001850139392596704,0.9999374086232665,0.2393442964953654
0.9996511261511665,-0.02503033168155622,0.008436119150835338,15.751874699083462,0.025051213235150284,0.9996833500100044,-0.0023789478277422933,0.3054815885303662,-0.008373905812189135,0.002589454996019821,0.9999615238388285,0.23311184441262472
0.9996911146958234,-0.02436579355702293,0.004905857698298055,16.584541646352232,0.02436663285675435,0.9997031192377079,-0.00011195839293793534,0.31780398238243257,-0.004901675739120611,0.00023146362332136664,0.9999879660664682,0.2278600123649204
0.9997278090779809,-0.02332708141540484,-0.00033409435778688525,17.430524245745676,0.0233260588550678,0.9997240520975571,-0.0027898056820877233,0.323921795473448,0.00039907956097614487,0.0027812544736705806,0.9999960388244612,0.2270098459034622
0.9997219507731969,-0.02267578312237708,-0.006474494147736015,18.290096148456527,0.022639112025932082,0.9997275421666175,-0.005681535476865285,0.32480764558069086,0.0066015630597176045,0.005533380021633701,0.9999629070601846,0.23261747975480682
0.9996917848063341,-0.02146007406314252,-0.012485176335705377,19.17135979204464,0.02139649891335484,0.9997575675511552,-0.005203738188672728,0.3361991459605427,0.012593828425020333,0.0049349984177776175,0.9999084476425096,0.23865584693366565
0.9996849252181119,-0.02119658220360356,-0.013445316290514391,20.07234742908395,0.021145187466952126,0.9997685816807009,-0.003953106809887996,0.34645133437768255,0.013525995972340775,0.0036675586764593096,0.999901793101186,0.2518848512672667
0.9996868878711394,-0.021453898540896577,-0.012876512654568706,20.992569711570663,0.02140996248058336,0.9997644966854262,-0.0035397868041583125,0.3579512883012274,0.012949428796615514,0.0032629937029698144,0.999910815443434,0.2704586951874478
0.9996755407516569,-0.021388339659768177,-0.013835697722720149,21.9269505955377,0.021358248794819745,0.9997692288095718,-0.0023193420650021524,0.3692551101359777,0.013882104576747949,0.002023084880978736,0.999901530438771,0.2913605620741316
0.9996464365714411,-0.02118385861652438,-0.01606817388281671,22.87983611609482,0.02119236219833952,0.9997753153412854,0.0003593149190360442,0.38546843027147437,0.01605695623463182,-0.0006997113544304052,0.9998708480872729,0.3126495897663734
0.9996315572248559,-0.021157076633693015,-0.017002216400561283,23.85142599396133,0.021226377949491705,0.9997670577504658,0.003905924830297603,0.39691416978273536,0.01691562015051011,-0.004265382000570643,0.9998477850246774,0.334374595076695
0.9996362696271384,-0.021044856195418214,-0.016865239045254696,24.82739719266143,0.021143356236811565,0.9997602643012262,0.005683764188520946,0.4129852767036955,0.01674158082159557,-0.006038285135822921,0.9998415660716342,0.3576667403779265
0.9996332665664189,-0.02126150195809438,-0.016769480206006538,25.810158571428126,0.02137380552373755,0.999750150624935,0.00654627020938572,0.42939363001360537,0.01662610968136076,-0.006902297557444107,0.999837882808645,0.3811321040738297
0.9996272564167111,-0.021447915971825528,-0.01688976638254838,26.797728313398547,0.021561524614102438,0.999745893874135,0.006573879254227954,0.4458093782232899,0.0167444864929812,-0.006935600365328376,0.9998357497091526,0.4050365961116543
0.9996380383308809,-0.021810651645603602,-0.015753219006937998,27.79903871129248,0.021928622267890018,0.9997325320214426,0.00735523063629373,0.4639820494264085,0.015588585745633586,-0.007698014846746678,0.9998488296476747,0.43069137369817945
0.9996589162286781,-0.02212901638388456,-0.013867427200793807,28.806587660251342,0.022242017895197943,0.9997202409661549,0.008048669884776288,0.4824723610324634,0.013685440329465615,-0.008354366200148355,0.9998714428051652,0.45573222243119194
0.999667698814741,-0.022481930680781508,-0.012609902019959335,29.82109410805966,0.02259259603917274,0.9997068533853781,0.00870343607375991,0.5017568921096286,0.01241053660527338,-0.008985434835259183,0.9998825477998793,0.48048483779042
0.9996573241894186,-0.022520913948090977,-0.013347143064070997,30.842157304299676,0.02263639561936281,0.9997070832610871,0.008565338487233167,0.5201980858615148,0.013150332570051439,-0.008864535593462307,0.9998741925494928,0.5047312301292489
0.9996371022074257,-0.022672303168717954,-0.014551043867003743,31.87071383335789,0.022813827891333644,0.9996932714633958,0.00963541032889656,0.5410326382554796,0.014328126362978798,-0.009963880191009784,0.9998476263291767,0.5275080656027031
0.9996397921028036,-0.023022222573616098,-0.013796366891150439,32.90686042304485,0.023153556804445433,0.9996873891913741,0.009436373410907918,0.561580890352793,0.013574809365037669,-0.009752410955450118,0.9998603187058206,0.5525859891888844
0.9996565988326739,-0.023751474897183697,-0.011068121659423417,33.95422070825351,0.023848545033303168,0.9996775065736704,0.00872306759557588,0.5812321011136197,0.0108573626295491,-0.008984032580555839,0.999900694593654,0.5771149456091514
0.9996797928311227,-0.0241371079193018,-0.007594535735189829,35.00962149262389,0.02420484008485115,0.9996669151867208,0.008957969732709414,0.6027018481685562,0.007375786697974255,-0.00913892584213176,0.9999309919821546,0.6005878870409843
0.99968269642797,-0.02468377282945509,-0.005019487177763088,36.07287953344178,0.024728868300200112,0.9996524752556848,0.009130596329056492,0.625064906522704,0.004792365533175288,-0.00925182852942756,0.9999457283163437,0.6218006636912634
0.9996721653338528,-0.025224145668434908,-0.004400703220041138,37.13578930500426,0.02526321331011618,0.9996397807188082,0.009060087760060044,0.6499296797224637,0.004170584129878018,-0.009168294134538282,0.9999492539473377,0.6424393705869615
0.9996548560094082,-0.02558655756058854,-0.005965529178249981,38.2074603992164,0.025636674286004135,0.9996353960651249,0.008482285847160218,0.6667891309635195,0.005746321649384978,-0.008632294728422496,0.9999462479254656,0.6558079046373758
0.9996440077549585,-0.02592744420317557,-0.006298117797106261,39.282979615410795,0.02598171247284277,0.9996246727193636,0.008693421906858501,0.6774037489521131,0.006070354167007019,-0.008853963147827566,0.9999423195256762,0.666258616893629
0.999634699624617,-0.026476657933877924,-0.00542697533122669,40.35981639193185,0.026522053809900612,0.9996123295361727,0.008471775939818621,0.697428659558819,0.005200566473253343,-0.008612617319698885,0.9999493708392088,0.6849461411944994
0.999622434265279,-0.027274385383105598,-0.003336123428265771,41.43761050978351,0.027301665529986065,0.9995917356672412,0.008426951198443167,0.7208618057622321,0.003104921499725462,-0.008514853262691776,0.9999589300674784,0.7069775214474666
0.9996107489560512,-0.027879484955007142,-0.001020398718468263,42.513444202482745,0.027887204513075473,0.9995745660743831,0.008545732469241594,0.7470883509918707,0.0007817138539529083,-0.008570864608303648,0.9999629849695643,0.7286202091815308
0.9995976417092363,-0.028362205640811457,-0.0004946571443578696,43.58773349772249,0.028365742352627097,0.9995472519300724,0.010033631292855517,0.775222841103211,0.0002098552426439524,-0.010043630802480758,0.9999495063606899,0.750696530810663
0.999577552722075,-0.028699425957328793,-0.004581910520638385,44.652506674171576,0.028747359274637646,0.9995288118541308,0.010762489151809997,0.8081425479243962,0.004270873558015649,-0.010889660968747572,0.999931535423793,0.7636908992204278
0.9995460874014803,-0.028711452933815253,-0.009129268698753175,45.71423324775145,0.02882165203902352,0.9995103473215715,0.012178236383800797,0.844976177926608,0.00877514409339973,-0.01243583328954291,0.9998841652769469,0.772852491361427
0.9995363547237319,-0.028863552727565002,-0.009699749669720646,46.78690507834267,0.028988017242154662,0.9994959625308629,0.012946889040266191,0.8795601412623524,0.009321167020531044,-0.013222063043080838,0.9998690827454039,0.7889260435300657
0.9995641911309757,-0.0286947533959115,-0.006935581157083286,47.865681352218644,0.028783577358557706,0.9995002744318163,0.013065345664682275,0.9116012139703007,0.0065572082771497425,-0.013259283401600729,0.999890534437207,0.8058017481193087
0.9995816913599045,-0.028544163420808816,-0.0046672538599017025,48.942450359334096,0.028606974156918104,0.999492789686038,0.013996918515611013,0.944130477033953,0.004265355569111869,-0.014124583371218236,0.999891118954056,0.8203756403528184
0.9995885494044102,-0.028490570448376936,-0.0033078811262594013,50.018718226618866,0.02852794264188398,0.9995226290079845,0.011859421815812414,0.9712882256887241,0.002968421297177917,-0.011948917546986225,0.9999242215876041,0.8321263314911215
0.9995987976744023,-0.028162733055691197,-0.0030068879072151517,51.097471627006556,0.028199097043185885,0.9995200525529928,0.012826176566538266,1.0023752629519793,0.0026442238556942796,-0.012905823668638863,0.9999131497726036,0.8448827717620423
0.9995997661583577,-0.027686471408870553,-0.005818194443756668,52.16771752224837,0.02774730371359044,0.9995582311970065,0.010648441483487772,1.0306904314567398,0.00552080572868464,-0.01080561999260942,0.9999263026446341,0.8533169596723178
0.9995852327866893,-0.027559905305803684,-0.00835229506357962,53.240760789532494,0.027657273358809496,0.9995481194533143,0.011775329451941294,1.0633483391773757,0.00802399416546957,-0.012001456846658529,0.9998957477599946,0.8611264823230224
0.9995700336217694,-0.027443280220191067,-0.01032231222659184,54.31463018987519,0.027554738459194407,0.9995618257479217,0.010815336864247712,1.0941853462320454,0.010020979172372792,-0.011095123256666757,0.999888240630307,0.8747074456816665
0.999536905735731,-0.027375419635203735,-0.013289115431590968,55.380603834896135,0.027501833712984033,0.9995773537549397,0.009425531848144859,1.130290207538474,0.013025471030845864,-0.0097866428012656,0.999867240509328,0.8901719639872955
0.9995045064119426,-0.027214567062871755,-0.015818332170059124,56.451962718062795,0.027339543385144834,0.9995963014214616,0.007738582137538357,1.161494985317844,0.015601342432043301,-0.008167213942297382,0.9998448921665946,0.9105088148014989
0.9995386012619603,-0.027094445313384688,-0.013731401752364798,57.523015117511214,0.02718333498999268,0.9996103974716857,0.006329057978830642,1.1964656665884283,0.01355457575692904,-0.006699405284839596,0.9998857012663529,0.9324306585476977
0.9996025388163202,-0.02714449904163602,-0.007615792937069393,58.60979846646746,0.027183814541157644,0.9996174552524244,0.005107288864374714,1.2269979466828593,0.007474244262545891,-0.005312284700476913,0.999957905931254,0.9502859254730539
0.999636192179353,-0.026930177439385774,-0.001503093044502577,59.695576462853886,0.026936005660355384,0.9996291812165696,0.004002600760954769,1.2599001062743689,0.0013947442950538948,-0.004041632535399244,0.999990826604076,0.9618889859427688
0.9996409791470378,-0.026793623015710085,-0.0001430159806210537,60.77852014594549,0.026793873641820527,0.9996383013484823,0.002332340288300881,1.2885751834794958,8.047080950191142e-05,-0.0023353340435706025,0.9999972195044787,0.9708525437061327
0.9996428171116339,-0.026520152710240167,-0.003304646485768102,61.857294924148015,0.026517538283295512,0.9996479891164963,-0.000831374173803235,1.312940552170606,0.0033255305640905717,0.0007434461758130421,0.9999941937718682,0.9735208211301133
0.9996284070664225,-0.026458285022128453,-0.006558267486416296,62.934857679439425,0.026440983920963702,0.9996467122030943,-0.0027112729750936827,1.3357157788612024,0.006627686913335938,0.0025368601076417104,0.9999747807304816,0.9782375552999603
0.9995955785187675,-0.026471127762645763,-0.01039257217192482,64.0135895441112,0.026465001384974655,0.9996495057972212,-0.000726588430321971,1.3641832498731787,0.010408169307078493,0.0004512557656255337,0.9999457156840099,0.9885286658222152
0.9995385696196208,-0.026380592529414503,-0.015056586742380397,65.09469001821122,0.0263617626527555,0.9996514162313688,-0.0014477494014433754,1.3902286805656445,0.015089527320984541,0.0010501630648793625,0.9998856141490091,0.9995740153267384
0.9995399041268261,-0.025796246972562917,-0.01595174961768751,66.17923334742163,0.02582906448480043,0.999664632591922,0.001854732198618007,1.4192036264248997,0.015898555937757474,-0.002265898588569802,0.9998710632812506,1.01351896427895
0.9996168362703203,-0.02478976029823259,-0.012317910137872276,67.27135463813697,0.02487366999469096,0.9996680744189061,0.006706855131839074,1.4522693197698806,0.012147561971673349,-0.007010678047163736,0.9999015893107724,1.0323322482948882
0.9996468059521191,-0.024681174186065944,-0.009854187216651128,68.360012506456,0.024762010724691665,0.9996599748623133,0.00816787453668442,1.4804588529879792,0.00964924427334089,-0.008409000287739629,0.9999180191855662,1.049444690223863
0.9996453995982294,-0.024851883124200596,-0.009568563852893133,69.4454146723434,0.0249233988658259,0.9996617490552988,0.0074289596456377,1.5039725160101074,0.009380703050683203,-0.007664806536524015,0.9999265513464702,1.0608724216205485
0.9996577108623921,-0.024703612857889502,-0.008614032900056653,70.5330487363473,0.024755319102815223,0.9996758869123773,0.005948735491918061,1.5257051235662573,0.008464286369967995,-0.0061599438616465095,0.9999452022252292,1.0752378477459634
0.9996611546487328,-0.0250110586577323,-0.0072197852726691636,71.61693815125271,0.025046191063322662,0.9996746587229368,0.004818373017506178,1.5478168083133708,0.007096923742403935,-0.004997568259781704,0.9999622866283292,1.0882923911573121
0.9996647758384821,-0.025331126412070637,-0.005351835933112583,72.70087758937346,0.025348678310021633,0.9996734308082974,0.0032373185042896043,1.5719156223966453,0.005268082808390528,-0.0033718949766198933,0.9999803933532193,1.1062266039183424
0.9996548441445052,-0.026056315659349256,-0.003366400054198117,73.78055487891292,0.02606332619044142,0.9996581659276175,0.0020546761364825775,1.599981417896942,0.003311710147072718,-0.002141705975248623,0.9999921899278761,1.1271466384157185
0.9996355601904146,-0.026634964244204407,-0.004408116277536014,74.85469601974367,0.026640984756303568,0.9996442074163603,0.0013112796100685636,1.6274120416868987,0.0043716216295877856,-0.0014282393294513225,0.9999894323932244,1.1455527439875257
0.9995978361097176,-0.027117952645314778,-0.008295058247009442,75.92341341195484,0.027130818809124227,0.9996308599736031,0.0014433423781693006,1.6587144403523701,0.008252855206004482,-0.001667813021817188,0.9999645039166785,1.1627008714109857
0.9995577459616408,-0.027745194470320172,-0.010698503925989082,76.99179402422587,0.027767797327554408,0.9996124192561064,0.0019701265654607967,1.690652263493647,0.010639705405451226,-0.002266329798399456,0.9999408347822522,1.1818590188788316
0.9995587847269103,-0.02826647222273165,-0.009127110680304853,78.05673443886405,0.0283044840927627,0.9995910706458122,0.004062896487945047,1.728938030531256,0.009008534653169484,-0.004319443039537624,0.9999500446272767,1.2072010124644872
0.9995698603061516,-0.028890779638187432,-0.005043987014091561,79.1276059150528,0.02891646462375374,0.9995688833318612,0.005096743545761036,1.7655801270471523,0.00489456243347787,-0.005240405144047558,0.9999742563619862,1.231486870426314
0.9995632114611512,-0.029540711673224865,-0.0008576548200818581,80.19355083294624,0.029545772825406807,0.9995412456503708,0.006659512374760883,1.8032472384863167,0.0006605336788088825,-0.00668194519478681,0.999977442888477,1.2539885823426498
0.9995510608465202,-0.029960056463758954,0.00022158498070149688,81.25444428149224,0.029957411543500366,0.9995207978150243,0.007796424455472124,1.8387579899554796,-0.0004550615257877652,-0.0077862869830826915,0.9999695413384543,1.2684462365994444
0.9995334990499073,-0.03046888938506461,-0.0020919875423062308,82.30905666466168,0.030483963171246575,0.9995064297252043,0.00759800235063967,1.873358623804851,0.0018594523000228368,-0.007658230741886358,0.999968971224887,1.2795361291732181
0.9995117267369745,-0.03108743198828788,-0.003151167331060201,83.35613835326824,0.031109912636404856,0.9994888899508297,0.0073549176678960005,1.907178122101379,0.0029209110114603626,-0.007449360551902452,0.9999679833121939,1.2933748367834963
0.9994969663807811,-0.03158167540385676,-0.0029166001475822447,84.39517323697805,0.031601495806966425,0.9994758470868392,0.007021679335900122,1.9409225522189661,0.0026933134032337586,-0.007110318020641072,0.9999710865323779,1.3041880667110448
0.9994747917215111,-0.03229568101360861,-0.0026859177436890625,85.420253857195,0.0323106927631134,0.9994613148379198,0.0057468945733176,1.9727019333453435,0.0024988703291467817,-0.0058306627296453315,0.9999798934405671,1.3162600358264653
0.9994563549731151,-0.032951956134664034,-0.0010995200801708468,86.43132566128483,0.03295642037838647,0.9994474311779595,0.0043306831764945855,2.005376378907856,0.0009562070043100995,-0.004364565925315377,0.9999900138489238,1.326999119032355
0.999439884590442,-0.03343316812517209,0.0014936642119658015,87.42522824214127,0.03342609462534384,0.9994309575200864,0.004532475660705318,2.041003706785968,-0.0016443516713110808,-0.004480008048595529,0.9999885578894706,1.3396047315022501
0.9994038207364526,-0.034407685896898764,0.0028651885008895597,88.39744763383526,0.03439675351997008,0.9994010738045896,0.0037795151605731162,2.076220698233043,-0.002993519432095163,-0.003678708668114658,0.9999887054589559,1.3526861549061735
0.9993321178352245,-0.03642514772129843,0.0029187592392845227,89.35033166169467,0.036417142758786,0.9993329044281296,0.002752118857188548,2.114840579427799,-0.003017060222591696,-0.0026439881694521974,0.9999919777366442,1.3685571110768404
0.9992092877410816,-0.03968888482803215,0.002351343851388413,90.28075845957027,0.039684529787817696,0.9992104963753089,0.0018699967749227395,2.1529086870676086,-0.002423707291703252,-0.0017752057424501502,0.9999954158836081,1.384129684877298
0.9990684324289469,-0.04312906319280058,0.0014456587915585297,91.18608526579843,0.04312629182815287,0.9990678308679444,0.0018965118688676653,2.1953140359147603,-0.001526106836928888,-0.0018323999505137519,0.9999971367031069,1.4000836373000192
0.998930402622016,-0.04622178441370366,0.0012768565639297345,92.07076192837336,0.0462198241988468,0.9989301481248577,0.0015217028599100709,2.2370966105833148,-0.001345827705518214,-0.0014610601137828721,0.9999980492531245,1.415538277738726
0.9987750316492181,-0.04940392284735484,0.002775381118906736,92.93176226905683,0.04939681835416173,0.9987759089160959,0.002569126285599235,2.2863058716213587,-0.002898909585789614,-0.0024288845134006745,0.9999928594346841,1.4391969925903731
0.9986169280382973,-0.052451102272101306,0.003634698268330057,93.77028746598579,0.05243810021650887,0.9986177662328445,0.003583404094176414,2.3352306785659325,-0.0038176306684910405,-0.0033878503753632556,0.9999869057288568,1.4569035576423066
0.9984508117140789,-0.05540374818297947,0.0051350049301105375,94.58375859648426,0.05538068044409901,0.9984550054467111,0.004529789661453479,2.3887731970052477,-0.0053780419672675266,-0.004238392850471682,0.9999764828392078,1.4743079630298903
0.9982904501989656,-0.05814845717627694,0.00590877186979085,95.36905370129742,0.05811287042874577,0.9982918196684795,0.0060260754006743805,2.4416284452294175,-0.0062490886134769245,-0.00567239791016137,0.9999643301325527,1.4871521285160496
0.9981422027319462,-0.060592010134443645,0.006379361704285255,96.1279009985993,0.06053948267097353,0.998132761184269,0.008127178238183255,2.49966844509171,-0.006859893721092848,-0.007725877435067641,0.9999466360837826,1.5044021657777673
0.9979803649998101,-0.06330258108446336,0.005297819705863121,96.85396948793196,0.06324733132802472,0.9979476268397657,0.010017165019637207,2.5569002553608255,-0.005921062631826593,-0.009661862305981584,0.9999358081604224,1.522252626815642
0.9978289185460534,-0.06583544340901015,0.0017674641097757818,97.55059031155645,0.06581117825473894,0.9977670819617471,0.011394184927507022,2.6129892336126743,-0.002513659903472199,-0.011253126931452868,0.9999334994921977,1.5397084983628542
0.9976654485043652,-0.06825230389722749,-0.002294971995305888,98.21429605502763,0.06827742606392354,0.9975725193090632,0.013685888987817616,2.668688919081385,0.0013553072329422129,-0.013810631808685704,0.9999037321865695,1.5542637343978873
0.9975049708154109,-0.07040742342690154,-0.005163867367285608,98.85027083838065,0.07048052363481536,0.9973897319209012,0.015694513517739227,2.72204346922431,0.00404537773690119,-0.016019308148576387,0.9998634972636861,1.572840119724239
0.9974278533467293,-0.07138137935697611,-0.006507320038961935,99.45506429089812,0.0714845023670541,0.997291644788225,0.017300822554436008,2.7725139448104845,0.005254739203954543,-0.01772149442938004,0.9998291018650438,1.5937758024046262
0.9974873981812138,-0.0705804304436765,-0.006110963501851614,100.03794855133869,0.07068881346624387,0.9973010309105861,0.01984420932136567,2.822820799977898,0.004693855930199196,-0.020226336171557894,0.9997843709081979,1.6150491172274042
0.9976838153960887,-0.06786860438049001,-0.004560132124527968,100.60006064081576,0.06795765236085655,0.9974099617298441,0.023559570252508724,2.871397970084649,0.002949365844517768,-0.023814900216888493,0.9997120228740652,1.6385541056885822
0.9980364438983725,-0.06256857083539143,-0.0029137052097346645,101.13810506938724,0.06262384623368235,0.9976869439683277,0.02644072856049381,2.912366346387583,0.001252605148670288,-0.026571283417656643,0.9996461121332979,1.6590515245027506
0.9984603044944541,-0.05546352942306904,-0.000939266676387641,101.65501790062093,0.055468467879182276,0.9980864933797016,0.027324418868515322,2.9437328090271544,-0.0005780420145343208,-0.027334448939474402,0.9996261021258425,1.6761204702753756
0.9989379209090745,-0.04603827581401,0.0018689709296577305,102.1495467071824,0.04597043283300076,0.9985715520569844,0.027233530631171208,2.9659658478135316,-0.0031200874817808857,-0.02711869964885792,0.9996273270339397,1.6900519936520129
0.9993999971826669,-0.03444011091144154,0.0036882666442669128,102.62344329815103,0.03432880521980781,0.9990490341699373,0.02688251147984784,2.9830220870044886,-0.004610598762155853,-0.026739776675600554,0.9996317686473942,1.7094822266035339
0.9997677094319379,-0.021124491417277562,0.0042821789152205185,103.07415832836605,0.02100524371857422,0.9994359429277667,0.02620472857553371,2.991686658080158,-0.004833326120464271,-0.026108698900707907,0.9996474476402935,1.7266426323715427
0.9999726859103072,-0.006167522371311081,0.004081457211613019,103.5058775663745,0.00605929557649779,0.9996430971502123,0.026017853689630468,2.99191222363237,-0.004240468319786817,-0.02599241515878603,0.9996531169394786,1.746426501872613
0.9999303132327927,0.011662420914169212,0.001845676188656988,103.92678779138643,-0.011704518917233939,0.9996256283957905,0.02472936679309749,2.981321127564695,-0.0015565826176375417,-0.024749251400528333,0.9996924583714148,1.7608784084757418
0.9994635195730576,0.032688396435546246,-0.0020175745259788653,104.33834117334474,-0.03263014019773291,0.9991749111659127,0.024184030576276706,2.9615369182014506,0.002806447476737299,-0.0241052294768693,0.9997054692610275,1.779090597800673
0.9983623538636275,0.056860954887337556,-0.006289151538644508,104.73862627828606,-0.05670834570632695,0.9981430340566643,0.02224284857677666,2.927841403523303,0.007542222456186051,-0.02184977589700597,0.9997328120797061,1.7914926808607885
0.9964349192524518,0.0839402291944238,-0.008451799921439896,105.13647172632052,-0.083757311811521,0.9962841436118478,0.02006682804043305,2.881465086599108,0.010104807981173145,-0.019287388333153056,0.9997629371356982,1.8101873279111482
0.9934877889251659,0.11356493727442793,-0.009219631916166482,105.51970511042731,-0.11339146837107825,0.9933953102660964,0.017555337178781372,2.822406905743998,0.01115241590615851,-0.01639559184194407,0.9998034008087355,1.8224590816956676
0.9892711490642262,0.14571823990522895,-0.010434032435891982,105.90054035480871,-0.14555166106005352,0.9892329479366053,0.01525798169875104,2.749607140788912,0.01254506196655468,-0.013575591645853194,0.9998291029991658,1.838695159358114
0.9834026655814387,0.18103974645940804,-0.011994818076141073,106.26518336980645,-0.18088749743692423,0.9834210775609014,0.012758251500676044,2.6628396189159673,0.014105715720819631,-0.010376787632285195,0.9998466568576571,1.8541570097627764
0.9755979527436349,0.21920828027072056,-0.012505860209753833,106.63005238834579,-0.2190999178189178,0.975656418471245,0.009476347968391152,2.5600202276575352,0.014278715469551596,-0.006505072827249264,0.9998768287851177,1.872836879945059
0.9657857929692812,0.25899751336261206,-0.013344608215886865,106.97501457818363,-0.25892291784467125,0.9658721178529686,0.007072521324347788,2.443672654074121,0.01472095066954161,-0.003375313797096195,0.9998858891777473,1.8862860767150513
0.9537423238555325,0.30030857852263404,-0.013795015964211281,107.32005849537268,-0.30022856342977955,0.9538370287777965,0.007594652325716706,2.317621414346165,0.015438944766232901,-0.0031016825785875383,0.9998759473666684,1.9026660577663117
0.9387855385445724,0.3442580426697839,-0.012970230149295063,107.65643094918285,-0.34415025637857016,0.9388628820917737,0.00985198667226613,2.179265851373661,0.015568893958029423,-0.004785194561609724,0.9998672793636514,1.9149418028120924
0.9212559685028865,0.3887876475539619,-0.011475491542283514,107.97257718465487,-0.38869157723610337,0.9213162625001985,0.009756172157291262,2.0233772354760924,0.014365639410578654,-0.004527504573541782,0.9998865689969123,1.9268262524281778
0.9014164996159334,0.4328385090386288,-0.009958336429950018,108.28694735130648,-0.4327622606724604,0.9014637131557877,0.008945845726062648,1.8493663674700653,0.012849197936475399,-0.0037543378280754294,0.9999103872282767,1.9367472258754501
0.8786597542554597,0.47733360357281673,-0.010471138110027044,108.57511576352717,-0.47727673378267865,0.878720687766167,0.007542408542558112,1.6621289978124056,0.012801461860541935,-0.0016295761436357242,0.9999166579783709,1.9463784797710282
0.8538293095584752,0.5204113820953645,-0.0121461894945312,108.86216502382094,-0.5203542170706085,0.8539156430343915,0.007715774477200407,1.4623050210065214,0.01438720341486282,-0.00026762973866854226,0.9998964474071308,1.956382106569171
0.8266495608131349,0.562535578438639,-0.014291002962616765,109.12624172083811,-0.5624576635788148,0.8267730489282149,0.00936559155957936,1.251846139092821,0.01708389883132267,0.00029602228367998776,0.9998539902586477,1.9665246334179471
0.7964418868615913,0.6045059411767086,-0.015906842094584355,109.39683161372103,-0.6043501149019548,0.7965995455219499,0.013789482091908625,1.0296314609645691,0.021007201356062846,-0.0013692165573650948,0.9997783676164564,1.9740056886919244
0.7631424027269853,0.6460335256908025,-0.01595045857715569,109.6464221703108,-0.6457545805593821,0.7632951598404918,0.019535135360427097,0.793434578007878,0.024795262974766617,-0.004608011163771944,0.9996819374325204,1.9782031409563496
0.7264087082523907,0.6871105669454574,-0.014477918707884984,109.90042789987243,-0.6867239763000125,0.726512059382418,0.024298126218953678,0.5402836401784881,0.02721388634064754,-0.007708033534891388,0.9995999323651886,1.9809398849334483
0.6873655004119602,0.7261686165585777,-0.014413618585582011,110.13779211124992,-0.7257786661706415,0.6874860031369474,0.024664186242472144,0.2685694248561842,0.027819529056070963,-0.006492211723010258,0.9995918964510897,1.9899263925162252
0.6468724234756608,0.7624444604050767,-0.015314278293391208,110.34171119157791,-0.7621386099120567,0.6470492605940856,0.02172428574526083,-0.02256708828486867,0.02647266291100683,-0.002381237233241125,0.9996467159302508,1.9982519012868174
0.6032059399998306,0.7974875868215009,-0.012493224736720342,110.55371913010883,-0.7972550030914298,0.6033329371547355,0.01933252556359808,-0.33034111692148416,0.022955036440131263,-0.00170121138739159,0.9997350228454315,2.0048747020515707
0.5572247061928928,0.8302975129622111,-0.010333707501263207,110.73321210915348,-0.8301150403254369,0.5573193652156282,0.01743914398226883,-0.6507508747100837,0.020238854004866663,-0.001139348338069541,0.9997945285914768,2.0106158993498684
0.5097930218416071,0.8602539286930229,-0.008623563343857102,110.91073881102037,-0.8601256282539669,0.5098659913504162,0.014852548659827401,-0.9859671179276714,0.01717383740533656,-0.00015437359268002352,0.9998524868079744,2.0199550129058683
0.4594913917418417,0.8881500763326822,-0.007560825238461054,111.05342878647805,-0.8880964508871475,0.45954863910478944,0.009981423880309936,-1.3361518533706742,0.01233957568680891,0.002128369292677068,0.9999215691533665,2.028539240511963
0.4080856883585142,0.9129376050937773,-0.0033144036739839256,111.201614450015,-0.912889410456242,0.40809833338326534,0.009412802368504057,-1.6944675988202633,0.009945912627976795,-0.000815539223998166,0.9999501782582182,2.0385902324128504
0.3571682946806176,0.9340399896418984,0.0002464804576885367,111.33333920867413,-0.9339585427902829,0.35713358943254975,0.013306684071223714,-2.062495600944918,0.012340953418479628,-0.004982922499422323,0.9999114158868302,2.0451413565529664
0.30663573615725415,0.9518269131586664,0.0003931808539048183,111.43182342265638,-0.9516665378310999,0.30657650553325966,0.018481570123063142,-2.4408624887162724,0.017470715484448663,-0.006041284377685778,0.9998290583094835,2.0476067076817466
0.2597025145777369,0.9656887188694884,-8.611852281665468e-05,111.52732494861279,-0.9654875293924816,0.25965019678236023,0.02038441901632149,-2.8380326545182935,0.01970736752926684,-0.00521073463980867,0.9997921886399004,2.053370556734808
0.21762811785161182,0.9760172753631365,-0.005317364434531496,111.5929142606642,-0.9758194081512638,0.2176911914470032,0.019672953839222757,-3.2510947534114556,0.02035870010785143,0.0009074008801629677,0.9997922907013825,2.0614201072407465
0.18179178670122548,0.9832583785754617,-0.012441518885881808,111.64983004012191,-0.9831135514119446,0.18200559725705606,0.019019014296026725,-3.6821587502602044,0.020965034617335187,0.008773933471395953,0.9997417160417159,2.0688188255089868
0.1507177184136225,0.9884294583143994,-0.01707247328567081,111.69701126103537,-0.9883116203354831,0.15105473455863233,0.020555566403875965,-4.124042967015467,0.02289661181618284,0.013774845385080847,0.9996429470277427,2.074831080227194
0.1223391974778031,0.9923850701127407,-0.014321040144509098,111.75064876768492,-0.9922796294416006,0.1225966259862327,0.018741390620801664,-4.586681645483815,0.020354389149014086,0.011917683060083579,0.9997217765359618,2.08836326152852
0.09665758980944537,0.9952964107084511,-0.006516835103549775,111.80151520633363,-0.9951987446745556,0.09674518611974497,0.014826449835078782,-5.06899075679971,0.015387191812534742,0.005052468590027833,0.9998688640708073,2.100555393747316
0.07246941589148154,0.997370514358829,-0.0005756126778631325,111.83750618652132,-0.9973079937644647,0.07247131479701632,0.011168208024992327,-5.568043072179408,0.011180557480559055,-0.00023528386289640123,0.9999374893115,2.1121168816202505
0.04944531653138246,0.9987711694421785,-0.0033825099065865087,111.85351690273816,-0.998744748567571,0.04947058332182265,0.007844193980943858,-6.08834623532233,0.008001894508320105,0.002990410831606522,0.9999634501467928,2.1250373552564374
0.028846455857695023,0.9995284476439191,-0.010531148057856918,111.85005266173863,-0.9995507381793997,0.02892969503810677,0.0078392048334739,-6.623835947808635,0.00814017589490138,0.010300285890374026,0.9999137891041961,2.1357925637924478
0.010534970921140169,0.9998230035283755,-0.015587112029426652,111.83693720494682,-0.9998948890789515,0.010688435276126507,0.009795113865657856,-7.177518354788956,0.009959991069145946,0.015482293651290023,0.999830473802731,2.1442432247879446
-0.0041383403654147305,0.9998481022505235,-0.01692982548107862,111.83079890286257,-0.999874361025604,-0.0038782120181098754,0.01536913354618703,-7.750195298487668,0.015301146742883359,0.016991313305728804,0.9997385413835225,2.143123205635419
-0.01584786256794517,0.999782143599503,-0.013587429324339392,111.82560332279247,-0.999673102027791,-0.01557055236376768,0.02027787314395153,-8.342296902724001,0.020061905731515926,0.013904356167273785,0.9997020449317108,2.14408215014101
-0.022672237875804146,0.999621240698428,-0.01560143148276907,111.80684597660195,-0.9995320541478747,-0.022344208085024207,0.02088831829077168,-8.960447320221567,0.02053181075414379,0.016067733374346204,0.9996600059608262,2.1495022738179967
-0.025646358119516547,0.9994425455167281,-0.02137523848764164,111.77699169500585,-0.9995398884683441,-0.02529070274605502,0.016746249934168168,-9.603497901892629,0.01619633083929898,0.02179489234894269,0.9996311908655697,2.159011851000635
-0.025549933916090964,0.9993839927442145,-0.02406128507736931,111.75412591143983,-0.9995597143207566,-0.02517647640922421,0.015698398232126633,-10.260512941147539,0.015082951610818436,0.024451796931523315,0.9995871503253131,2.1680601099993275
-0.023851427292036615,0.999438414747586,-0.023536856304704347,111.73853167115318,-0.9996135576403836,-0.023506241739395504,0.014835034311733785,-10.937004111709328,0.014273439170376975,0.023881614835589093,0.9996128790314301,2.1766447048601716
-0.022367620276282207,0.9995673826251475,-0.019099492628802863,111.73069604272769,-0.9996477418863383,-0.022088333228324056,0.01471059796806336,-11.625857637732283,0.01428236639833333,0.019421825766946496,0.9997093135046042,2.1869683121622825
-0.021329652573123366,0.9995980551089637,-0.01867679835008778,111.71453593792849,-0.999641015342523,-0.021020131273416235,0.016614703598662822,-12.335820693292328,0.016215444103411806,0.01902448647945635,0.9996874638465376,2.1919313645584406
-0.02059969765214579,0.9996235076582293,-0.018124719323932423,111.69767820917961,-0.9996468050233538,-0.02028893506319358,0.01716571962054931,-13.058808794296423,0.0167915326179039,0.018471931110620905,0.9996883627153376,2.19938824074042
-0.020056826244782087,0.9996375598704474,-0.01796063538922569,111.68014716943809,-0.9996639684207753,-0.019755814974913296,0.016783290393629587,-13.79756108914981,0.016422382175543863,0.018291226457950966,0.9996978012196933,2.2105541606595818
