'05':
  ARE: 0.0011950379525008871
  ATE: 0.011355934537366365
  STD_ARE: 0.0009111570701627106
  STD_ATE: 0.007695067074182491
  nsecs_per_frame: 0.0939736363681405
  rot_err: 6.658631251822997e-05
  tr_err: 0.0076481586740064665
AVG:
  ARE: 0.0011950379525008871
  ATE: 0.011355934537366365
  STD_ARE: 0.0009111570701627106
  STD_ATE: 0.007695067074182491
  nsecs_per_frame: 0.0939736363681405
  rot_err: 6.658631251822997e-05
  tr_err: 0.0076481586740064665
