0,1,2,3,4,5,6,7,8,9,10,11
1.0,0.0,0.0,0.0,0.0,1.0,0.0,0.0,0.0,0.0,1.0,0.0
0.99999934,0.00019891562,0.0011217124,1.288828,-0.00019857298,0.99999994,-0.00030556752,-0.0060272096,-0.0011217732,0.00030534455,0.9999993,0.017386038
0.99999917,0.0001810701,0.0012793964,2.6133285,-0.00017933638,0.9999991,-0.0013550983,-0.008886217,-0.0012796406,0.0013548677,0.9999983,0.032005817
0.9999997,-0.00026107457,0.0006271423,3.9555645,0.00026243314,0.9999976,-0.0021671376,-0.004220651,-0.0006265751,0.0021673017,0.99999744,0.052115306
0.99999964,-2.2422755e-06,0.00070623134,5.2778053,3.9963343e-06,0.9999969,-0.0024837712,-0.0058544907,-0.00070622365,0.0024837735,0.9999966,0.06744753
0.99999917,0.00012324777,0.0012378666,6.610755,-0.000119970864,0.9999965,-0.0026469876,-0.0030879495,-0.0012381886,0.0026468372,0.9999957,0.08006643
0.99999714,0.0002294743,0.002365221,7.9501348,-0.00022058812,0.99999297,-0.0037566167,0.0043719495,-0.0023660664,0.0037560845,0.99999017,0.09981577
0.99999595,0.0006354495,0.0027560801,9.266178,-0.0006248931,0.99999255,-0.0038294261,0.0057363003,-0.002758493,0.0038276887,0.99998885,0.11158891
0.999999,-0.0002205068,0.0014021283,10.609114,0.00022463349,0.9999957,-0.0029437311,0.01457327,-0.0014014732,0.0029440434,0.9999947,0.12972572
0.9999995,9.5087235e-05,-0.0009026876,11.936979,-9.512107e-05,1.0,-3.7341844e-05,0.026504025,0.000902684,3.742776e-05,0.9999996,0.14375043
0.99999785,-0.0003202541,-0.0020571938,13.281232,0.00032723183,0.9999942,0.0033924547,0.030006396,0.0020560955,-0.0033931201,0.99999213,0.16416249
0.99999744,-0.00012031499,-0.002292904,14.6341915,0.00013330749,0.999984,0.0056671137,0.044612348,0.0022921856,-0.0056674043,0.9999814,0.18191746
0.99999875,0.0005111436,-0.0015305274,15.989031,-0.0005013866,0.99997973,0.006368609,0.048240997,0.0015337515,-0.0063678334,0.9999786,0.2008075
0.9999996,0.00039750757,0.00090995483,17.337822,-0.00040167826,0.9999895,0.0045877188,0.050631516,-0.00090812147,-0.0045880815,0.9999891,0.22012761
0.99999523,0.0012332,0.0028708444,18.68548,-0.0012341568,0.9999993,0.00033144327,0.04945377,-0.0028704335,-0.00033498416,0.9999959,0.2386325
0.9999993,0.00039388723,0.001159595,20.055914,-0.0003917197,0.9999983,-0.0018690687,0.050232377,-0.0011603292,0.0018686135,0.99999756,0.25852916
0.99999887,0.00088050275,-0.0012842076,21.398113,-0.0008839529,0.99999607,-0.0026882691,0.059936035,0.0012818354,0.0026894014,0.9999955,0.2707253
0.9999971,0.0010582545,-0.0021908334,22.76749,-0.001059718,0.99999934,-0.0006668139,0.062210742,0.002190126,0.0006691343,0.9999973,0.2997169
0.99999803,0.0016339708,-0.0011547791,24.1383,-0.0016319528,0.99999726,0.0017465896,0.07420009,0.0011576298,-0.0017447004,0.99999774,0.30648836
0.9999913,0.0029529377,0.0029615972,25.511566,-0.002958295,0.9999941,0.0018060162,0.083051,-0.0029562458,-0.0018147605,0.9999939,0.3213886
0.9999885,0.0025816162,0.0040719905,26.891138,-0.0025816814,0.9999968,1.064071e-05,0.08647992,-0.0040719486,-2.1152315e-05,0.9999917,0.33300835
0.99999005,0.0029064002,0.0034036878,28.265596,-0.0028944176,0.9999897,-0.0035203153,0.0920038,-0.003413883,0.0035104286,0.99998796,0.3550435
0.9999969,0.0025050587,0.00036735387,29.652016,-0.0025034905,0.9999881,-0.0042105084,0.10164217,-0.00037789645,0.0042095752,0.99999106,0.36131212
0.9999938,0.0032639727,-0.0013862031,31.04192,-0.0032696784,0.9999862,-0.0041335844,0.10343668,0.0013726924,0.00413809,0.99999046,0.38827282
0.99999,0.0034894103,-0.0028386554,32.441574,-0.0034924217,0.99999344,-0.0010563408,0.11929439,0.0028349508,0.0010662435,0.99999535,0.40054604
0.999982,0.00408509,-0.004407396,33.837593,-0.004083962,0.9999917,0.0002650303,0.12802972,0.004408442,-0.00024702598,0.99999017,0.42586654
0.9999799,0.0046197213,-0.0043629385,35.21565,-0.004615447,0.999989,0.0009893423,0.13227305,0.004367461,-0.0009691854,0.9999899,0.44488806
0.9999881,0.0038766267,-0.0030058955,36.632782,-0.0038747813,0.9999924,0.0006196765,0.134518,0.0030082755,-0.0006080217,0.9999953,0.4717901
0.9999898,0.0042239088,-0.001675052,38.015087,-0.0042207907,0.99998945,0.0018609887,0.14613366,0.0016828958,-0.0018538992,0.99999684,0.4919488
0.99999315,0.0034139596,-0.0015267767,39.428112,-0.0034072155,0.99998456,0.0043985955,0.15691411,0.0015417708,-0.0043933624,0.99998915,0.5132115
0.9999921,0.0036691658,-0.0016381725,40.837574,-0.0036576532,0.99996895,0.0069765085,0.1657383,0.0016637207,-0.00697046,0.9999743,0.53510064
0.9999901,0.004300443,-0.0012708426,42.23089,-0.0042889994,0.9999514,0.008874469,0.17220403,0.0013089463,-0.00886893,0.9999598,0.5544204
0.999993,0.0035835016,-0.0012241474,43.656548,-0.0035712167,0.9999447,0.009894591,0.18510357,0.0012595382,-0.009890148,0.9999503,0.5739649
0.9999938,0.003363919,-0.0012417107,45.066963,-0.003352656,0.9999543,0.008963906,0.18978074,0.0012718091,-0.008959686,0.99995905,0.59555775
0.99999654,0.0019748022,-0.0018854432,46.50468,-0.0019588172,0.99996257,0.008442914,0.1988218,0.0019020468,-0.008439191,0.9999626,0.6174372
0.99999744,0.0018779997,-0.001450249,47.90904,-0.0018660518,0.9999648,0.008196862,0.20281352,0.0014655929,-0.008194135,0.99996537,0.6394221
0.9999998,0.00035188778,-0.00084713154,49.348503,-0.00034487515,0.99996585,0.008264875,0.2151037,0.0008500124,-0.008264581,0.9999655,0.6600891
0.9999998,-0.0004974576,-0.0007829062,50.7752,0.0005044575,0.9999597,0.008967527,0.22895579,0.00077841524,-0.00896792,0.9999595,0.6811737
0.9999992,-0.0012324087,-0.00068823225,52.19638,0.0012386783,0.9999571,0.009186433,0.2411962,0.00067688286,-0.009187277,0.9999576,0.70123875
0.99999654,-0.0027156905,5.916967e-05,53.634968,0.0027150111,0.9999521,0.009417328,0.25587165,-8.473959e-05,-0.009417135,0.9999557,0.721872
0.99999595,-0.0028061678,0.00085654936,55.054604,0.0027991326,0.9999634,0.00810506,0.27114287,-0.0008792601,-0.00810263,0.9999669,0.7405741
0.9999911,-0.00417337,0.0009564878,56.501225,0.004167013,0.99997,0.0065529356,0.28344268,-0.0009838048,-0.0065488922,0.99997824,0.7607249
0.9999903,-0.004444686,0.0004679355,57.932327,0.0044425144,0.99998,0.0045411764,0.2983193,-0.00048810817,-0.004539054,0.99998975,0.7826205
0.99999374,-0.0035346267,0.0007317286,59.3505,0.003532025,0.99998766,0.003525055,0.31418476,-0.0007441774,-0.0035224492,0.9999936,0.8032564
0.9999925,-0.0037719093,0.0011715292,60.80153,0.003769233,0.99999046,0.0022773435,0.32628536,-0.0011801058,-0.0022729118,0.99999684,0.82420444
0.99999446,-0.0028611892,0.0018249836,62.218098,0.0028594004,0.9999956,0.0009812585,0.33791038,-0.0018277807,-0.00097603654,0.999998,0.8445683
0.99999535,-0.0027509548,0.0014590857,63.662037,0.0027524072,0.9999959,-0.0009952768,0.34982616,-0.0014563395,0.0009992856,0.9999985,0.86562103
0.99999696,-0.0024248902,0.0007236608,65.09109,0.0024261833,0.99999565,-0.0017933908,0.36037615,-0.0007193068,0.0017951383,0.9999982,0.8878399
0.999999,-0.0014986898,0.0004247503,66.50221,0.0014994286,0.99999756,-0.0017481629,0.3662527,-0.0004221273,0.0017487953,0.99999845,0.912308
0.9999995,-0.0011303556,0.00024209083,67.93259,0.0011303732,0.9999996,-7.898745e-05,0.38341874,-0.00024199951,7.925893e-05,1.0,0.93406343
0.99999946,-0.00012738991,0.0012282653,69.33671,0.0001240921,0.99999666,0.0026833601,0.39392528,-0.0012286007,-0.0026832072,0.9999957,0.9563201
0.99999714,0.00033484428,0.0024642574,70.77448,-0.00034888112,0.99998397,0.0056973076,0.4123073,-0.0024623072,-0.0056981505,0.9999808,0.9756198
0.9999945,0.0015701652,0.003009865,72.16546,-0.0015992936,0.99995196,0.0096992105,0.42389357,-0.0029944878,-0.009703969,0.99994856,0.9963045
0.9999953,0.0016114801,0.002721136,73.590836,-0.0016498292,0.9998988,0.014149497,0.43963915,-0.0026980555,-0.014153915,0.9998963,1.0142981
0.9999953,0.0023146775,0.0021528548,75.00327,-0.002351921,0.9998451,0.017460307,0.45060363,-0.0021121032,-0.017465282,0.9998453,1.0340114
0.9999929,0.003272425,0.0020092712,76.38178,-0.0033107456,0.9998071,0.019373529,0.4607301,-0.0019454825,-0.019380035,0.99981034,1.0528643
0.999992,0.0033469235,0.0023118537,77.80333,-0.0033913937,0.99980426,0.019506676,0.46753925,-0.002246111,-0.019514352,0.99980706,1.073647
0.9999916,0.003451067,0.0023220975,79.17958,-0.0034933935,0.99982345,0.018476775,0.46771643,-0.00225792,-0.018484725,0.99982655,1.0955852
0.9999944,0.0031613046,0.001315624,80.5969,-0.0031840538,0.9998391,0.017662914,0.4693727,-0.0012595722,-0.017666997,0.9998431,1.1154037
0.99999595,0.002713449,0.0011533005,81.98865,-0.002732759,0.9998505,0.017083365,0.47298384,-0.0011067711,-0.017086439,0.9998534,1.1380366
0.9999963,0.0025750767,0.0011595519,83.34395,-0.0025942994,0.99985415,0.016891293,0.4758335,-0.0011158842,-0.016894229,0.99985665,1.157311
0.9999984,0.0018016533,0.00077063247,84.75879,-0.001814405,0.9998561,0.016876511,0.48050383,-0.00074011396,-0.016877871,0.99985725,1.1813506
0.99999905,0.0012821961,0.0010036909,86.109886,-0.0012992509,0.99985176,0.017177636,0.48768392,-0.0009815149,-0.01717891,0.99985194,1.1987677
0.99999905,0.00015005085,0.0015968994,87.51475,-0.00017599552,0.999868,0.016257593,0.49422845,-0.0015942467,-0.016257847,0.99986655,1.222347
0.9999964,-0.0012122897,0.0024961352,88.89529,0.0011758114,0.9998934,0.014562765,0.49816114,-0.0025135207,-0.014559767,0.9998908,1.2429321
0.99999285,-0.0023392192,0.0030534223,90.2276,0.0023015116,0.9999219,0.012294,0.50777006,-0.0030819392,-0.012286876,0.9999197,1.2612585
0.9999903,-0.0033511803,0.002948407,91.62432,0.0033194257,0.9999373,0.0107088685,0.51676136,-0.0029841065,-0.0106989695,0.9999383,1.2812077
0.99999005,-0.0037583655,0.0025330961,92.9603,0.0037343786,0.999949,0.00940733,0.5276778,-0.00256832,-0.009397769,0.99995255,1.2998549
0.99998987,-0.004099842,0.0020086064,94.345604,0.0040830844,0.9999576,0.008275841,0.5378984,-0.0020424481,-0.00826755,0.99996376,1.3207437
0.99998933,-0.0044034137,0.0015981043,95.68384,0.004389437,0.9999532,0.008644994,0.55159426,-0.0016360943,-0.008637881,0.99996144,1.338641
0.9999901,-0.004428497,0.0008964495,97.05287,0.004420524,0.99995255,0.008706236,0.5659132,-0.0009349602,-0.008702181,0.9999618,1.3605441
0.99999094,-0.0043241847,0.00021429057,98.40959,0.0043219295,0.9999449,0.009586606,0.58079547,-0.00025573105,-0.009585586,0.9999541,1.3838127
0.9999924,-0.003974341,0.0002700969,99.7298,0.003971077,0.9999301,0.011158761,0.59791094,-0.00031442475,-0.011157596,0.9999378,1.4016385
0.9999919,-0.0038454798,0.0014599509,101.1157,0.0038280208,0.9999236,0.011777062,0.6137804,-0.0015051253,-0.011771371,0.99992967,1.4271094
0.9999888,-0.003964378,0.0027210976,102.438286,0.0039296076,0.9999123,0.012665847,0.62629837,-0.0027710681,-0.012655005,0.99991614,1.4445599
0.99999136,-0.00392046,0.0016384696,103.81182,0.0039003189,0.99991924,0.012118698,0.64204687,-0.0016858457,-0.012112196,0.99992526,1.4668751
0.999992,-0.0039994423,-0.0008688532,105.15415,0.0040100007,0.99991393,0.012514284,0.6561136,0.0008187293,-0.012517661,0.9999214,1.4867082
0.9999891,-0.0041965535,-0.002242286,106.46928,0.004223541,0.9999173,0.012170997,0.6672295,0.0021910244,-0.012180328,0.99992347,1.508168
0.9999915,-0.0040498334,-0.0012550438,107.83049,0.004062014,0.99994344,0.009862112,0.6811393,0.0012150336,-0.0098671205,0.99995065,1.5335131
0.999994,-0.0035496647,0.0005738288,109.142525,0.0035453697,0.9999673,0.0073161907,0.6898474,-0.000599778,-0.0073141092,0.9999731,1.553051
0.9999956,-0.002829061,0.0013307815,110.510086,0.002821723,0.99998134,0.005482231,0.69938815,-0.0013462635,-0.0054784496,0.9999841,1.5766935
0.9999981,-0.0021935694,0.00017579652,111.84758,0.002192698,0.9999864,0.0048015323,0.7087427,-0.00018632479,-0.004801136,0.99998844,1.5983036
0.99999696,-0.0016003735,-0.0021336908,113.15458,0.0016150104,0.9999754,0.006876868,0.71935415,0.0021226327,-0.0068802894,0.999974,1.6169409
0.99999106,-0.0006457851,-0.0043038204,114.50833,0.00068657036,0.9999552,0.009482221,0.7318538,0.0042975023,-0.0094850855,0.99994576,1.6430045
0.99998933,0.0009541545,-0.004633042,115.8119,-0.00089608855,0.9999216,0.012519277,0.744543,0.004644622,-0.012514984,0.9999109,1.6649147
0.9999937,0.0024602183,-0.002762476,117.17439,-0.0024211647,0.9998987,0.014053121,0.7539753,0.0027967691,-0.014046336,0.9998975,1.6895701
0.9999943,0.003477036,-0.0005833949,118.47836,-0.00346881,0.9999024,0.013555754,0.75715786,0.000630473,-0.013553645,0.999908,1.7108783
0.99999124,0.0043060286,4.358637e-05,119.84442,-0.004306231,0.999905,0.013118526,0.7603765,1.2908188e-05,-0.013118591,0.999914,1.7348185
0.99998707,0.0051553445,-0.00055710645,121.18555,-0.0051474627,0.99989825,0.013329118,0.7603333,0.00062576716,-0.013326069,0.99991107,1.7532629
0.9999794,0.006433145,-0.0009332827,122.486946,-0.0064187106,0.9998713,0.014723495,0.76496,0.0010278819,-0.014717191,0.9998913,1.7719048
0.9999724,0.0073852157,-0.0013300221,123.859146,-0.0073619117,0.9998329,0.016748667,0.7660048,0.0014534929,-0.0167384,0.99985904,1.7920281
0.9999618,0.008524847,-0.0022025623,125.17681,-0.008484871,0.9998101,0.017563151,0.7659211,0.002351867,-0.017543776,0.9998436,1.8129548
0.99995106,0.009477306,-0.0030079612,126.541954,-0.00941847,0.99977535,0.019006291,0.7648118,0.0031874133,-0.018977014,0.9998151,1.8353804
0.99994135,0.010384647,-0.0032287373,127.871704,-0.010325244,0.9997868,0.01790086,0.7608542,0.003413942,-0.017866457,0.9998349,1.8587458
0.99993145,0.011510713,-0.002361602,129.19402,-0.011467882,0.9997829,0.017412573,0.7561948,0.0025615196,-0.017384281,0.999846,1.8821158
0.999925,0.012202902,-0.0014418176,130.55927,-0.012178209,0.9997974,0.016047211,0.74915564,0.0016373476,-0.016028434,0.9998706,1.9029948
0.9999217,0.012493031,-0.0012383757,131.8792,-0.012472977,0.99980915,0.015059248,0.7392438,0.0014262745,-0.015042606,0.9998863,1.9253657
0.99992234,0.012458743,-0.0010886295,133.24753,-0.012443124,0.99983394,0.013337119,0.727983,0.0012546121,-0.01332252,0.9999109,1.9484483
0.99992806,0.012037389,-0.00041950954,134.5931,-0.0120319715,0.9998659,0.011139214,0.7183562,0.0005535404,-0.0111333495,0.9999383,1.968369
0.99993473,0.011458407,-0.000675575,135.91714,-0.011451527,0.9998902,0.009436991,0.7078932,0.0007836337,-0.009428624,0.9999558,1.9902837
0.9999479,0.010243093,-0.000762708,137.29417,-0.010236153,0.9999109,0.008607776,0.7021702,0.0008508102,-0.008599506,0.99996316,2.0120618
0.99996006,0.009011123,-6.689912e-05,138.62184,-0.009010471,0.99993706,0.0067332173,0.6902153,0.000127569,-0.0067323316,0.9999778,2.031431
0.99997026,0.007790038,0.00020331361,140.00963,-0.007791103,0.9999526,0.005886206,0.6876764,-0.0001574498,-0.0058876015,0.99998313,2.053373
0.9999788,0.0066077188,0.00012827238,141.3282,-0.006608282,0.9999659,0.005015744,0.68234366,-9.512498e-05,-0.0050164717,0.9999879,2.0726388
0.99998564,0.0054701534,-0.0002576655,142.71591,-0.0054686684,0.99997044,0.0054613748,0.68541425,0.00028753272,-0.0054598735,0.9999856,2.093519
0.99999106,0.0042674993,-0.00095169665,144.07187,-0.0042621046,0.99997556,0.0056044906,0.686529,0.0009755905,-0.005600371,0.9999844,2.1098058
0.9999906,0.0030263527,-0.0032954838,145.37221,-0.003012965,0.99998754,0.004061195,0.6863222,0.0033077325,-0.004051215,0.9999869,2.1314793
0.99998933,0.0022026985,-0.004209188,146.74443,-0.0022079784,0.99999714,-0.0012490456,0.6818121,0.004206423,0.0012583355,0.9999909,2.159328
0.99999845,0.0010942589,-0.0017329598,148.06741,-0.0011096036,0.9999603,-0.008875685,0.6725572,0.0017231791,0.0088776,0.9999596,2.1818616
1.0000004,-0.0006102921,-0.00041688042,149.4401,0.0006033507,0.999865,-0.016440809,0.6669866,0.00042685878,0.016440567,0.99986523,2.203825
0.9999934,-0.0018971132,-0.0033014726,150.7861,0.0018332774,0.99981374,-0.019230634,0.6679323,0.00333734,0.019224456,0.9998101,2.2275627
0.9999783,-0.0015568684,-0.0064965137,152.10707,0.0014358585,0.9998265,-0.018589335,0.6734112,0.0065243263,0.018579606,0.9998065,2.2523766
0.9999587,-0.00077023706,-0.009120761,153.47704,0.0006275861,0.9998779,-0.01563222,0.68861586,0.009131685,0.015625853,0.9998366,2.2759922
0.99996066,0.00022265478,-0.00893943,154.79825,-0.000357642,0.9998863,-0.015100893,0.69763356,0.008935047,0.015103498,0.99984646,2.3099256
0.9999805,0.00078153313,-0.006294666,156.17845,-0.0008989405,0.99982566,-0.01866993,0.70255405,0.0062789754,0.018675225,0.99980634,2.3367238
0.99999505,0.0012436674,-0.0030868642,157.53944,-0.0013174228,0.9997113,-0.024005864,0.7000233,0.003056117,0.02400981,0.99970746,2.3686357
0.99999815,0.0011147062,-0.0019359724,158.86218,-0.0011684754,0.9996077,-0.0279958,0.69369495,0.0019040057,0.027998008,0.99960655,2.3908942
0.9999985,0.0011213463,-0.0017416113,160.23341,-0.0011722125,0.9995649,-0.029482462,0.69522154,0.0017077936,0.029484455,0.9995641,2.4172418
0.999997,0.0022793757,-0.0014281374,161.57289,-0.0023183362,0.9996084,-0.027897108,0.69852734,0.0013639904,0.027900336,0.9996101,2.4365277
0.99999356,0.0030692532,-0.0021702833,162.94936,-0.003120696,0.9997048,-0.024109164,0.7088204,0.002095645,0.024115786,0.99970734,2.458052
0.99998415,0.0039243056,-0.0041945777,164.28557,-0.0040060994,0.9997988,-0.019671863,0.71245044,0.004116534,0.019688362,0.999798,2.4830527
0.99997777,0.0045882664,-0.004961495,165.67377,-0.004669481,0.99985355,-0.016482536,0.72010607,0.0048851394,0.016505348,0.9998522,2.5091894
0.99998057,0.0049535935,-0.0039390246,167.04051,-0.0050131357,0.99987143,-0.015251895,0.72145814,0.0038629647,0.015271359,0.9998762,2.5314462
0.99998087,0.0048650047,-0.003973876,168.38419,-0.004919184,0.99989384,-0.013739201,0.7192773,0.0039066114,0.013758501,0.999898,2.5571194
0.99997103,0.004370265,-0.00633145,169.7723,-0.004441525,0.9999268,-0.011284488,0.7216006,0.006281667,0.0113122985,0.9999166,2.5838873
0.99995095,0.003686667,-0.00926314,171.12694,-0.0037578878,0.99996376,-0.007682763,0.72134256,0.009234476,0.0077172145,0.9999279,2.611913
0.9999362,0.0035883007,-0.010770437,172.50874,-0.0036090543,0.999992,-0.0019078595,0.73600334,0.0107635,0.0019466318,0.99994045,2.6430194
0.9999456,0.0038798142,-0.009756013,173.88266,-0.0038596045,0.9999907,0.0020897388,0.74528486,0.009764024,-0.0020519458,0.9999506,2.6722212
0.9999602,0.004587518,-0.007739176,175.24463,-0.00454849,0.99997723,0.0050532524,0.75201774,0.0077621765,-0.0050178226,0.9999577,2.7021086
0.9999743,0.0045295227,-0.005671947,176.64087,-0.004497884,0.99997467,0.0055788215,0.758306,0.005697068,-0.0055531394,0.99996877,2.7299092
0.9999826,0.003772889,-0.0046832575,178.02098,-0.003757215,0.99998766,0.003351608,0.75886446,0.004695841,-0.0033339274,0.99998385,2.7565224
0.99998903,0.0018950074,-0.0044357567,179.45216,-0.001890839,0.9999981,0.000944444,0.7631609,0.004437534,-0.00093602133,0.9999901,2.7814112
0.99996537,-5.2793883e-05,-0.008406375,180.80846,5.7038153e-05,1.0000001,0.00050508266,0.76709265,0.008406343,-0.0005055199,0.9999649,2.8064518
0.9999179,-0.0018235066,-0.012737355,182.23401,0.0018621,0.999994,0.0030190935,0.7821665,0.012731763,-0.0030425377,0.9999147,2.8367732
0.99989957,-0.0024705285,-0.014006837,183.6248,0.0025690035,0.9999724,0.0070172236,0.8002642,0.013989102,-0.0070524737,0.9998777,2.867204
0.9999126,-0.0028374454,-0.012970152,184.98593,0.0029799247,0.9999356,0.010979474,0.81791437,0.012938152,-0.011017133,0.999856,2.904685
0.99994826,-0.0026847073,-0.009888588,186.43181,0.0028143548,0.9999103,0.013120837,0.83525217,0.009852467,-0.013147955,0.9998654,2.9396207
0.9999685,-0.0021819905,-0.007732195,187.81412,0.0022827825,0.99991256,0.01305122,0.84778076,0.0077030337,-0.013068427,0.9998853,2.9704502
0.9999746,-0.002077892,-0.006934807,189.2624,0.0021654004,0.99991816,0.012635848,0.8600896,0.0069079767,-0.01265051,0.9998965,2.9985723
0.9999782,-0.0022973143,-0.0063292836,190.67245,0.0023669207,0.99993694,0.011012815,0.8696016,0.0063035777,-0.011027523,0.9999198,3.0267444
0.99998194,-0.0022623911,-0.0057182717,192.04951,0.0023100043,0.999963,0.0083345,0.8786123,0.0056991978,-0.008347528,0.9999494,3.055404
0.9999822,-0.0021182355,-0.0057358555,193.50314,0.0021518287,0.9999809,0.0058577014,0.8859773,0.005723331,-0.0058699115,0.9999669,3.0834978
0.9999871,-0.0018795033,-0.0048931525,194.89688,0.0018927669,0.99999493,0.002708349,0.8894527,0.0048880307,-0.00271755,0.99998486,3.109446
0.9999939,-0.0013499695,-0.0034867793,196.3689,0.0013448878,0.99999845,-0.0014581436,0.89277303,0.003488737,0.0014534674,0.9999934,3.1353903
0.99999434,-0.0014078422,-0.0033406445,197.7678,0.001390302,0.9999857,-0.005245785,0.8946561,0.0033479764,0.00524113,0.9999812,3.160512
0.99997133,-0.0011324491,-0.00760665,199.2318,0.0011116952,0.99999607,-0.0027315286,0.90747976,0.0076097045,0.0027230144,0.999968,3.1899078
0.9999156,-0.00073727715,-0.013039369,200.66121,0.00079541805,0.99999017,0.004454553,0.92451733,0.013035946,-0.004464524,0.9999057,3.2215276
0.9999091,0.0006720296,-0.01353086,202.06583,-0.00048523856,0.999905,0.01380362,0.94608706,0.013538839,-0.013795769,0.99981385,3.2509038
0.99995124,0.001565547,-0.009842554,203.53734,-0.0013585016,0.99977875,0.021007646,0.9741813,0.009873255,-0.020993216,0.9997316,3.283279
0.99996907,0.0025201319,-0.007573334,204.96405,-0.0023503818,0.99974805,0.022340422,0.98481697,0.0076277177,-0.022321897,0.9997225,3.315375
0.9999735,0.0018207892,-0.007184416,206.44617,-0.0016696532,0.99977875,0.020987228,0.9928008,0.0072210305,-0.02097464,0.9997547,3.3452682
0.99997586,0.00064181327,-0.0070530106,207.9016,-0.0005161596,0.9998418,0.017803505,0.9921309,0.007063312,-0.017799402,0.99981743,3.3765912
0.99997246,-0.0004767754,-0.007532022,209.33366,0.0005963365,0.9998742,0.015879974,0.9960261,0.007523493,-0.015883997,0.99984634,3.4103973
0.9999656,-0.0011292793,-0.00833451,210.8202,0.0012632599,0.99987024,0.016088199,1.0044689,0.008315248,-0.016098142,0.9998367,3.4386785
0.99996674,-0.0012720751,-0.008175769,212.26239,0.0014146542,0.99984705,0.017457707,1.0165445,0.008152299,-0.01746866,0.999815,3.4699955
0.99997234,-0.0014916492,-0.007417185,213.77231,0.0016304026,0.9998236,0.018736923,1.0327246,0.007387916,-0.018748464,0.9997977,3.5016649
0.99996865,-0.001937889,-0.007803686,215.25455,0.0020790857,0.99983394,0.018126937,1.044801,0.00776725,-0.01814256,0.99980605,3.5342417
0.99995863,-0.0023964588,-0.008881177,216.68726,0.0025547987,0.9998376,0.017861022,1.0556066,0.0088369185,-0.01788294,0.9998018,3.5635555
0.9999541,-0.0026447407,-0.009306653,218.19434,0.002804527,0.99984854,0.017198626,1.0696014,0.009259746,-0.017223908,0.9998095,3.5970175
0.9999518,-0.003342671,-0.009334545,219.6378,0.0035055527,0.9998413,0.017488413,1.0842879,0.0092745945,-0.017520262,0.9998042,3.62802
0.9999473,-0.003767977,-0.00964404,221.16893,0.0039388184,0.99983484,0.01775801,1.1000757,0.009575525,-0.01779503,0.99979645,3.6637685
0.99994266,-0.004033056,-0.010009632,222.62688,0.004209109,0.99983597,0.01763065,1.115748,0.009936876,-0.01767174,0.99979514,3.6966496
0.9999394,-0.004591244,-0.010093745,224.15033,0.0047830604,0.9998071,0.019062918,1.1358273,0.010004264,-0.019110011,0.999768,3.7309074
0.9999351,-0.0050740265,-0.010290187,225.65118,0.0052687414,0.99980617,0.018985108,1.1513273,0.01019185,-0.01903806,0.99976754,3.7668614
0.99993175,-0.0054672672,-0.010414204,227.11014,0.0056668664,0.9997992,0.019234661,1.1706666,0.010306941,-0.019292332,0.99976146,3.7985356
0.99993044,-0.0056166383,-0.010459083,228.66525,0.0058088223,0.99981344,0.01843677,1.1881044,0.010353569,-0.018496213,0.999776,3.8375857
0.99992836,-0.0056017116,-0.010669249,230.14064,0.005791833,0.99982375,0.017873557,1.2042646,0.010567237,-0.01793404,0.999784,3.8730562
0.9999284,-0.005802521,-0.010554451,231.6732,0.0059784586,0.9998427,0.016715819,1.2260611,0.010455786,-0.016777692,0.9998053,3.9089172
0.99993646,-0.005594247,-0.009878714,233.18944,0.0057471814,0.9998633,0.015522067,1.2430187,0.00979052,-0.015577829,0.9998314,3.9486039
0.999938,-0.0057608713,-0.009622848,234.6684,0.00590784,0.9998656,0.015315832,1.2588134,0.009533312,-0.015371706,0.99983704,3.9823458
0.9999353,-0.005910787,-0.009811898,236.21498,0.006065045,0.9998576,0.01576784,1.2803742,0.009717291,-0.015826304,0.99982816,4.0201654
0.99993026,-0.0056024147,-0.010478192,237.68904,0.005779554,0.9998399,0.016953206,1.2959375,0.010381526,-0.017012555,0.999802,4.056219
0.99993527,-0.0054285703,-0.010087431,239.23921,0.00561608,0.9998106,0.018654909,1.317479,0.009984241,-0.018710323,0.99977577,4.0938206
0.99995524,-0.004902537,-0.008203102,240.76167,0.005056136,0.9998107,0.018810755,1.3376973,0.008109321,-0.01885136,0.9997901,4.127598
0.9999618,-0.004505359,-0.0076094735,242.25468,0.0046449886,0.99981976,0.018433671,1.3529079,0.007525044,-0.018468285,0.9998018,4.1605506
0.9999525,-0.0038798554,-0.009046991,243.80238,0.004054129,0.99980545,0.019325987,1.3691298,0.008970241,-0.019361716,0.99977297,4.195796
0.99994195,-0.0033248358,-0.010341399,245.29488,0.0035261703,0.99980384,0.019512674,1.3832343,0.010274484,-0.019547977,0.9997568,4.2302523
0.99994385,-0.0032457346,-0.010183839,246.85016,0.0034550761,0.99978215,0.020607235,1.4005407,0.010114725,-0.020641234,0.9997365,4.2643895
0.9999525,-0.0033017707,-0.009273663,248.38142,0.0034902317,0.9997867,0.020380935,1.415383,0.009204382,-0.020412305,0.99974996,4.3013
0.9999567,-0.0035039478,-0.008737214,249.88802,0.0036848949,0.9997778,0.02078151,1.4274185,0.0086624455,-0.020812774,0.99974656,4.3371882
0.9999554,-0.003974959,-0.008684291,251.45366,0.004161402,0.9997595,0.021558473,1.4413893,0.0085964985,-0.021593615,0.9997306,4.3736424
0.9999567,-0.004142498,-0.0084576355,252.97054,0.0043345327,0.9997309,0.022815766,1.4547737,0.008360837,-0.0228514,0.99970466,4.4054213
0.9999593,-0.003929653,-0.0082602305,254.56184,0.004128987,0.9996979,0.024255808,1.4741658,0.008162409,-0.024288885,0.9996725,4.442689
0.99995804,-0.0040183803,-0.008367901,256.07327,0.0042243656,0.9996855,0.024746634,1.4889963,0.008265819,-0.024780901,0.9996596,4.4703903
0.9999604,-0.0040753926,-0.008050936,257.66562,0.004263786,0.99971485,0.02352424,1.5032115,0.007952763,-0.023557594,0.99969167,4.509721
0.99996406,-0.0043959045,-0.007408151,259.22125,0.0045578545,0.99974847,0.021988813,1.5182996,0.0073096207,-0.022021744,0.9997316,4.537758
0.99997115,-0.004235643,-0.0064841276,260.74615,0.004360615,0.9998033,0.019383295,1.529243,0.0064007454,-0.019410972,0.9997919,4.5737166
0.9999619,-0.0049159313,-0.0073649418,262.30896,0.005050228,0.99981993,0.018329388,1.5436723,0.0072735026,-0.018365847,0.9998057,4.60498
0.99995375,-0.0047986666,-0.008467506,263.82574,0.00494534,0.9998373,0.017387774,1.5570698,0.008382683,-0.017428808,0.9998138,4.640189
0.9999674,-0.004607971,-0.0067950566,265.38818,0.004712013,0.9998714,0.015376937,1.5726498,0.0067233215,-0.015408419,0.9998595,4.6753097
0.99997795,-0.004404187,-0.0051936144,266.93988,0.0044711684,0.9999068,0.012958086,1.5842896,0.0051360573,-0.01298099,0.9999034,4.7014
0.9999773,-0.004191651,-0.0054899105,268.47482,0.0042534717,0.9999279,0.011299509,1.594945,0.005442147,-0.011322573,0.9999219,4.733963
0.99996984,-0.0041158483,-0.006757155,270.03705,0.0041915956,0.9999289,0.011235512,1.6140342,0.0067104255,-0.0112634655,0.9999149,4.765604
0.9999719,-0.0031482903,-0.0069582476,271.58212,0.003231649,0.9999235,0.012002336,1.6234465,0.006919923,-0.012024454,0.99990463,4.796471
0.9999751,-0.002357336,-0.0068185455,273.1355,0.0024517006,0.99990165,0.013865405,1.6483958,0.0067851837,-0.013881743,0.9998815,4.828191
0.99997354,-0.0013369009,-0.0072974176,274.69257,0.0014483905,0.99988276,0.015295081,1.6644958,0.0072761076,-0.015305212,0.9998573,4.8610706
0.99997306,-0.00047686725,-0.007465651,276.2393,0.00060031353,0.99986374,0.016542621,1.6743988,0.007456738,-0.016546622,0.99983627,4.8938327
0.99997056,0.00019834153,-0.007800336,277.79263,-6.705051e-05,0.9998591,0.016828949,1.6882509,0.0078025684,-0.016827894,0.9998289,4.928088
0.9999655,0.0013011205,-0.008325536,279.34412,-0.0011572845,0.9998511,0.017258797,1.6958756,0.008346746,-0.01724853,0.9998173,4.962365
0.9999593,0.0017740495,-0.008964267,280.90973,-0.0016245908,0.9998607,0.01665326,1.7120688,0.008992556,-0.016637981,0.9998221,4.9976745
0.99995893,0.0027091913,-0.008773881,282.47073,-0.0025638188,0.99986064,0.016538518,1.7147083,0.0088174585,-0.016515303,0.9998257,5.033801
0.99996495,0.0036547906,-0.007677564,284.01013,-0.0035383888,0.9998801,0.015121292,1.7153599,0.007731904,-0.015093558,0.9998572,5.0683265
0.99996626,0.0037299604,-0.0074683344,285.5731,-0.0036242728,0.9998945,0.014116066,1.7212102,0.0075201937,-0.0140884835,0.9998735,5.1039295
0.9999461,0.0039140824,-0.009734615,287.13528,-0.0037882782,0.99991024,0.012908949,1.7166874,0.00978426,-0.012871338,0.99987036,5.1420984
0.99992484,0.0031623135,-0.011943006,288.69504,-0.0030045852,0.99990904,0.013202137,1.724436,0.011983659,-0.013165223,0.9998425,5.177025
0.99992657,0.0024716952,-0.011960497,290.25583,-0.0023173785,0.9999148,0.012899381,1.7304832,0.011991353,-0.012870679,0.9998463,5.2148633
0.9999277,0.0020805094,-0.011944251,291.8105,-0.0019412428,0.99993086,0.011659966,1.729175,0.011967676,-0.011635898,0.9998617,5.2547517
0.9999212,0.00060022797,-0.012637779,293.38373,-0.00044952903,0.99992955,0.011924441,1.7412682,0.012644037,-0.011917782,0.9998501,5.293661
0.99991757,0.0003386649,-0.01292985,294.95923,-0.00018268664,0.99992794,0.012063198,1.7443287,0.012932994,-0.012059803,0.9998447,5.3346114
0.99992,-0.0008774082,-0.012713438,296.54343,0.001036365,0.999922,0.012502426,1.7643604,0.012701468,-0.012514562,0.99984205,5.372365
0.9999219,-0.0017547737,-0.012474682,298.12863,0.0019067399,0.99992466,0.012181137,1.7755443,0.012452358,-0.012203931,0.9998491,5.4148035
0.99993235,-0.002551035,-0.011468991,299.7053,0.002690962,0.99992263,0.012202347,1.7814332,0.011436967,-0.012232342,0.9998609,5.453677
0.99994445,-0.0033903953,-0.010123942,301.3069,0.0035264115,0.99990404,0.013448491,1.8073893,0.010077369,-0.0134833995,0.99985945,5.4908943
0.9999464,-0.002512783,-0.010190825,302.88864,0.002654972,0.9998997,0.013964012,1.8138379,0.010154707,-0.013990273,0.9998517,5.5265074
0.99994546,-0.001649251,-0.010456097,304.48395,0.0018042335,0.99988914,0.01483088,1.832394,0.01043047,-0.014848888,0.99983644,5.5627184
0.9999435,-0.0012890769,-0.010694196,306.09027,0.0014360569,0.9999052,0.0137483105,1.8436282,0.010675452,-0.013762844,0.99984944,5.5997243
0.9999321,-0.0012224868,-0.011717954,307.67667,0.0013603567,0.9999306,0.0117655685,1.8451378,0.011702748,-0.011780665,0.99986327,5.6365223
0.999907,-0.00079703063,-0.013721416,309.2969,0.00094001496,0.99994606,0.01041773,1.8618112,0.0137123605,-0.010429615,0.9998527,5.67902
0.999889,-0.001058443,-0.0149587225,310.9059,0.001207053,0.9999507,0.009929603,1.8571981,0.014947463,-0.009946513,0.9998399,5.720006
0.9998728,-0.0032184229,-0.015708378,312.54144,0.0033855834,0.9999385,0.010627075,1.882614,0.015673196,-0.010678861,0.9998212,5.7661123
0.9998686,-0.0053392267,-0.015399461,314.15884,0.005520975,0.999916,0.011784659,1.8948405,0.015335233,-0.011868086,0.999813,5.811239
0.99991035,-0.005120483,-0.012485191,315.77808,0.0052859043,0.9998989,0.013253356,1.8947655,0.0124160545,-0.013318118,0.99983525,5.8530855
0.9999448,-0.004924416,-0.009431691,317.44302,0.005036002,0.9999179,0.01184503,1.9136268,0.009372579,-0.011891831,0.9998864,5.894744
0.9999545,-0.0045974874,-0.008523999,319.0593,0.0046903263,0.9999303,0.010904856,1.9127274,0.008473263,-0.010944298,0.9999052,5.930393
0.9999455,-0.00464795,-0.009501763,320.71765,0.0047439947,0.9999384,0.01011175,1.9298187,0.009454171,-0.010156233,0.99990475,5.9698
0.9999439,-0.0037761691,-0.010043217,322.34152,0.0038717838,0.999948,0.009518954,1.9336361,0.010006742,-0.009557263,0.99990535,6.005669
0.9999472,-0.003745392,-0.009721484,323.9936,0.003837023,0.99994904,0.009425137,1.9475703,0.009685679,-0.009461898,0.9999094,6.0441427
0.9999496,-0.0033193054,-0.009629831,325.63406,0.0034098618,0.99995077,0.009403594,1.9530934,0.009598135,-0.0094359135,0.9999105,6.0887036
0.99994177,-0.0026094913,-0.010613967,327.26166,0.0027257958,0.99993706,0.010958847,1.9581978,0.010584692,-0.010987096,0.99988467,6.1273437
0.999934,-0.0017923485,-0.01148113,328.90625,0.0019257431,0.99993145,0.011618826,1.972857,0.011459507,-0.011640124,0.9998676,6.170744
0.99995244,-0.00059082627,-0.009891054,330.52588,0.00069915294,0.9999406,0.01095285,1.9697795,0.009883987,-0.010959201,0.9998921,6.2142773
0.9999617,-0.0006665209,-0.008903538,332.15405,0.0007512102,0.9999553,0.009512741,1.9827803,0.008896791,-0.009519023,0.9999162,6.253911
0.9999501,-0.0008969682,-0.010103693,333.78143,0.0009916866,0.9999564,0.009374274,1.9868248,0.0100948345,-0.009383783,0.9999061,6.295109
0.99995005,-0.0004884073,-0.0101368865,335.41446,0.0005881661,0.99995226,0.009841236,1.9879956,0.010131585,-0.009846663,0.99990124,6.3417754
0.99992704,-0.00087249343,-0.012177219,337.02853,0.0010132936,0.99993354,0.011561845,2.003597,0.012166308,-0.011573295,0.99986005,6.373312
0.99988985,-0.0010985561,-0.0149065815,338.6419,0.0013043334,0.99990475,0.013802307,2.012994,0.014889982,-0.013820181,0.99979466,6.4240184
0.9998958,-0.0019715056,-0.014409139,340.254,0.0021886313,0.9998849,0.015069018,2.0329278,0.014377753,-0.015098933,0.9997837,6.4679384
0.9999297,-0.002959429,-0.011619936,341.87308,0.0031378653,0.9998778,0.015368748,2.0413547,0.0115730185,-0.015404077,0.99981546,6.516528
0.999953,-0.0037513804,-0.009122115,343.49792,0.0039010511,0.99985796,0.016446494,2.0557425,0.009059112,-0.016481252,0.99982417,6.555098
0.99993765,-0.00560107,-0.009824359,345.1119,0.0057692653,0.9998366,0.017177435,2.0798657,0.009726531,-0.01723299,0.9998052,6.595342
0.9999153,-0.006743513,-0.011272918,346.72406,0.006935684,0.9998306,0.017096993,2.0920653,0.011155702,-0.017173678,0.9997913,6.636292
0.999909,-0.008880401,-0.010315873,348.33173,0.00904187,0.99983644,0.015714029,2.111035,0.010174627,-0.015805822,0.99982435,6.676812
0.9999067,-0.009896388,-0.009587396,349.94614,0.010030305,0.9998522,0.014023538,2.1358716,0.009447186,-0.014118345,0.99985677,6.722982
0.9998983,-0.009767198,-0.010547278,351.53296,0.009911755,0.99985725,0.013742731,2.1568978,0.010411534,-0.013845827,0.9998509,6.761494
0.9998847,-0.0103170285,-0.011286149,353.14423,0.0104666585,0.99985784,0.013281259,2.1809056,0.01114751,-0.013397809,0.999849,6.805128
0.99988663,-0.009787145,-0.01158451,354.73,0.009940491,0.99986356,0.013255653,2.1991167,0.011453182,-0.013369259,0.9998459,6.8431563
0.9998792,-0.010411388,-0.011686867,356.33374,0.010559958,0.99986416,0.012724996,2.2246363,0.011552782,-0.012846826,0.99985164,6.8886313
0.9998743,-0.010438516,-0.01207726,357.9299,0.0105827665,0.9998736,0.01194367,2.2477224,0.011951044,-0.012069935,0.9998567,6.9339786
0.99987197,-0.009738359,-0.012829003,359.52255,0.009889401,0.9998828,0.011764307,2.2600958,0.012712918,-0.011889627,0.9998495,6.9779162
0.9998697,-0.010150761,-0.012690198,361.1157,0.010298005,0.99988073,0.011593167,2.2869499,0.012570987,-0.011722296,0.99985325,7.023341
0.99986684,-0.009153804,-0.013638972,362.72202,0.009313428,0.9998893,0.011687498,2.3055634,0.013530458,-0.0118129235,0.99983966,7.062561
0.99984854,-0.0098457895,-0.014474224,364.31976,0.010001357,0.99989355,0.010716226,2.3224938,0.014367153,-0.010859323,0.99983877,7.111853
0.9998632,-0.009707077,-0.013523767,365.91705,0.009831254,0.99991083,0.009147331,2.3368027,0.01343375,-0.009278996,0.9998677,7.152713
0.9998851,-0.009212013,-0.012191163,367.52124,0.009298702,0.99993277,0.007074582,2.3523247,0.012125158,-0.0071870936,0.9999017,7.200644
0.99987316,-0.009370749,-0.013018008,369.12735,0.009464541,0.9999306,0.0071632597,2.36975,0.012949963,-0.0072855237,0.9998906,7.2422733
0.99986696,-0.008786099,-0.013872856,370.74454,0.00890231,0.9999266,0.008338546,2.3931875,0.013798557,-0.008460898,0.99987,7.284406
0.9998778,-0.008609129,-0.013186228,372.3435,0.008740934,0.9999131,0.009971907,2.41422,0.013099216,-0.010085906,0.99986434,7.3263555
0.999893,-0.0077963793,-0.012525721,373.96182,0.0079320595,0.99991107,0.01082025,2.4350605,0.012440231,-0.010918403,0.999864,7.3687544
0.9998902,-0.008083861,-0.012565921,375.58112,0.00822851,0.99990106,0.011503498,2.457741,0.012471666,-0.01160559,0.9998559,7.4110622
0.9998825,-0.007873654,-0.013293408,377.20776,0.008029619,0.99990016,0.011721209,2.478292,0.013199772,-0.011826527,0.99984396,7.4543896
0.99988216,-0.0068587144,-0.0138715,378.83612,0.0070305364,0.9998998,0.0123770945,2.5045922,0.013785198,-0.012473113,0.99982816,7.493517
0.99987864,-0.0071443496,-0.013978967,380.47137,0.0073264465,0.99988955,0.013019938,2.5195026,0.013884382,-0.013120725,0.9998185,7.5393066
0.99988514,-0.006261794,-0.013937174,382.0858,0.0064575863,0.9998816,0.014048786,2.540696,0.013847532,-0.014137121,0.99980515,7.5848784
0.9998896,-0.0062688305,-0.013607955,383.69104,0.0064730053,0.9998675,0.0150132375,2.5583313,0.013512014,-0.015099611,0.9997957,7.6278315
0.9998854,-0.0060887276,-0.013998846,385.31113,0.006316301,0.99984884,0.01627123,2.569896,0.013897635,-0.016357727,0.99977064,7.6745567
0.999881,-0.0054358253,-0.014567428,386.9504,0.005683858,0.99983984,0.017040515,2.585832,0.014472442,-0.01712123,0.9997497,7.7214737
0.99987876,-0.005845578,-0.01456199,388.5859,0.006109967,0.99981725,0.01817923,2.6051114,0.014453037,-0.01826594,0.99972975,7.7674136
0.9998939,-0.0048206756,-0.013878818,390.2094,0.00509027,0.9997989,0.019456506,2.6281674,0.013782211,-0.019525027,0.9997154,7.809804
0.99989915,-0.005082662,-0.013395444,391.86597,0.0053636804,0.99976563,0.021027863,2.6506567,0.013285405,-0.021097528,0.9996902,7.8526335
0.9998941,-0.0046932176,-0.013910845,393.50363,0.0050039003,0.99973804,0.022384759,2.664307,0.013802121,-0.02245193,0.9996537,7.8981423
0.9998977,-0.0040032333,-0.013865593,395.1395,0.0043121832,0.9997426,0.02232495,2.679192,0.013772629,-0.02238239,0.99965566,7.9438496
