'04':
  ARE: 0.0007888378291828697
  ATE: 0.0233178911328189
  STD_ARE: 0.00045264688300917724
  STD_ATE: 0.012313334003993641
  nsecs_per_frame: 0.09806452905999778
  rot_err: 7.14774715517782e-05
  tr_err: 0.008869113083012279
AVG:
  ARE: 0.0007888378291828697
  ATE: 0.0233178911328189
  STD_ARE: 0.00045264688300917724
  STD_ATE: 0.012313334003993641
  nsecs_per_frame: 0.09806452905999778
  rot_err: 7.14774715517782e-05
  tr_err: 0.008869113083012279
