0,1,2,3,4,5,6,7,8,9,10,11
1.0,0.0,0.0,0.0,0.0,1.0,0.0,0.0,0.0,0.0,1.0,0.0
0.999994,-0.0031076723,-0.0015359187,0.68911964,0.0031038795,0.99999213,-0.0024656886,0.0002468112,0.0015435691,0.0024609065,0.99999577,0.008759223
0.9999705,-0.007154895,-0.0027656006,1.3882861,0.007149726,0.99997264,-0.0018743315,0.010308286,0.0027789357,0.0018545031,0.9999944,0.011433524
0.9999302,-0.011153704,-0.0038841115,2.1098757,0.011147406,0.99993646,-0.0016392006,0.022248168,0.0039021487,0.0015957884,0.9999911,0.011912687
0.99986,-0.016004974,-0.004872227,2.8527732,0.01600411,0.99987185,-0.00021633098,0.038493197,0.004875066,0.0001383248,0.9999881,0.015103158
0.9997782,-0.020444045,-0.0050543537,3.6008935,0.020439776,0.9997906,-0.00089490495,0.053090446,0.005071592,0.00079139636,0.99998677,0.024277633
0.9996745,-0.024825748,-0.005879143,4.3625693,0.024826754,0.9996916,9.7689044e-05,0.07956966,0.0058749067,-0.00024361763,0.99998266,0.033112425
0.99953246,-0.029843185,-0.006653378,5.142761,0.029864991,0.9995486,0.0032019133,0.111935735,0.006554822,-0.0033991197,0.99997264,0.041831203
0.9993938,-0.034290705,-0.0060096486,5.9398503,0.034318224,0.9994005,0.004536649,0.14708474,0.0058504827,-0.0047401404,0.99997157,0.044824194
0.99923515,-0.038934525,-0.0036123963,6.7441077,0.038951572,0.99922955,0.004773692,0.18121482,0.0034237537,-0.0049107503,0.999982,0.052691724
0.99909836,-0.042435538,-0.0012017331,7.559414,0.042439274,0.99909353,0.0032738778,0.2151262,0.0010617165,-0.0033219275,0.99999386,0.062311683
0.99898475,-0.045032766,-0.0011080186,8.374521,0.0450371,0.99897605,0.004256849,0.26046753,0.00091518776,-0.0043024304,0.9999902,0.06895593
0.99888504,-0.04717477,-0.0016680034,9.208471,0.04718126,0.99887776,0.0040931255,0.30701748,0.0014730409,-0.004167262,0.9999901,0.071407445
0.99879956,-0.048947383,-0.0017817707,10.046549,0.048951022,0.9987989,0.0020607843,0.34452343,0.0016787623,-0.0021455314,0.99999624,0.08197969
0.9986953,-0.051043093,-0.0013748603,10.891026,0.05104598,0.9986938,0.0021532958,0.3895805,0.0012631551,-0.0022206688,0.9999967,0.08790648
0.9986309,-0.05229089,-0.0012834973,11.748206,0.0522905,0.9986317,-0.00033739698,0.44090262,0.0012993853,0.00026981975,0.9999991,0.09758223
0.9985328,-0.05403877,-0.0034279865,12.612668,0.054045208,0.9985367,0.0018123833,0.49138537,0.0033250332,-0.0019949917,0.9999925,0.10334242
0.9984454,-0.055414177,-0.005979281,13.485168,0.05543214,0.99845815,0.0028804992,0.5459296,0.005810444,-0.003207467,0.999978,0.11377261
0.9983495,-0.056856055,-0.008087134,14.366701,0.056910228,0.9983571,0.0066335294,0.606333,0.007696694,-0.007082824,0.99994534,0.120489426
0.99825937,-0.058412377,-0.008118864,15.2588,0.05847698,0.99825686,0.007960884,0.66425323,0.0076397,-0.008421796,0.9999354,0.13200635
0.9981984,-0.059622508,-0.0067007616,16.16682,0.059668973,0.9981938,0.006961053,0.720243,0.0062736254,-0.0073483414,0.9999534,0.14493781
0.99815345,-0.06049334,-0.0054944023,17.067066,0.060532093,0.9981403,0.0071820016,0.77870554,0.005049723,-0.0075013284,0.99995923,0.15617459
0.9980615,-0.06203291,-0.005006807,17.985193,0.062068347,0.9980453,0.0072612367,0.83730906,0.004546587,-0.0075579262,0.99996126,0.1719928
0.9979946,-0.063024156,-0.0058870493,18.88769,0.06306351,0.9979865,0.0067556165,0.90133107,0.0054494315,-0.007113328,0.99996,0.17879044
0.9978954,-0.06454296,-0.0062315506,19.814274,0.06457965,0.9978951,0.0058767726,0.960307,0.0058391322,-0.006266837,0.9999635,0.19357917
0.99787104,-0.06503792,-0.004831084,20.736462,0.06506581,0.99786365,0.005854863,1.0219728,0.0044399775,-0.006156738,0.99997145,0.20635027
0.99793667,-0.06417877,-0.0018366037,21.658312,0.06418956,0.9979159,0.0065760897,1.0878713,0.0014107316,-0.006680413,0.999977,0.21292081
0.99795055,-0.06395678,0.0020466088,22.606117,0.06394074,0.9979281,0.0071316944,1.1545538,-0.0024984898,-0.0069862176,0.9999728,0.22305176
0.9980368,-0.06245441,0.0046715103,23.54938,0.062423445,0.9980284,0.006507408,1.2114772,-0.005068719,-0.006203022,0.9999683,0.22835316
0.9981777,-0.060073726,0.005670631,24.494501,0.06004017,0.99817824,0.0059169764,1.2727195,-0.006015759,-0.0055657295,0.99996674,0.23200004
0.9982497,-0.05905857,0.0030483343,25.454222,0.059037834,0.99823433,0.0065008025,1.3347688,-0.0034268824,-0.006309459,0.99997455,0.23745532
0.998354,-0.05731467,-0.0019927379,26.406637,0.057328578,0.99832463,0.007798582,1.3953246,0.001542428,-0.007899989,0.99996793,0.23933826
0.9983881,-0.05654419,-0.004859615,27.372902,0.05657873,0.9983713,0.0072860415,1.4529555,0.0044397213,-0.0075492505,0.999962,0.24749105
0.9984438,-0.05563364,-0.003815903,28.347668,0.055652022,0.998438,0.0048858714,1.5073262,0.0035381278,-0.0050906315,0.9999811,0.2571116
0.9984831,-0.055045485,0.0010101693,29.327688,0.05504328,0.99848145,0.002113378,1.5624245,-0.0011249671,-0.0020545677,0.99999756,0.26618838
0.99840075,-0.05632122,0.004830051,30.306576,0.056332387,0.99840933,-0.0022034354,1.6157129,-0.004698271,0.002472005,0.9999862,0.27321514
0.9983482,-0.057233263,0.0049647866,31.290424,0.0572808,0.99830747,-0.010023286,1.6610328,-0.00438272,0.0102911275,0.9999377,0.2838557
0.9983043,-0.058192804,0.0012266713,32.281696,0.058203112,0.9982382,-0.011500963,1.7186731,-0.000555235,0.011552868,0.9999334,0.28994077
0.9981966,-0.0599538,-0.0029023476,33.260105,0.059920177,0.99814713,-0.010549464,1.7798114,0.0035294562,0.010356542,0.99994045,0.29584023
0.99809855,-0.061509807,-0.0038991503,34.25513,0.061468057,0.9980581,-0.010055145,1.8470784,0.0045100753,0.009796364,0.9999421,0.3014622
0.99807703,-0.0619436,-0.002126179,35.268368,0.061914664,0.99801236,-0.011712591,1.9119022,0.0028474785,0.01155844,0.9999294,0.3178711
0.9979658,-0.063745946,-2.132119e-05,36.265392,0.063743204,0.99792564,-0.008979455,1.9835274,0.000593684,0.008959841,0.99996,0.32230073
0.9979018,-0.06472765,0.0013129164,37.27499,0.06473595,0.9978719,-0.007765881,2.0549128,-0.00080745324,0.00783459,0.99996924,0.33487785
0.9978412,-0.06557468,0.0035097292,38.275566,0.0655989,0.9978191,-0.0072870227,2.1250153,-0.003024231,0.007501535,0.9999676,0.34044373
0.9978362,-0.065374814,0.0069655706,39.286484,0.06542356,0.99783266,-0.007011859,2.193866,-0.006492078,0.0074524083,0.9999514,0.35596782
0.9977947,-0.06582477,0.008503529,40.299145,0.06584538,0.99782723,-0.0021623578,2.2681437,-0.008342721,0.0027175122,0.99996173,0.3497812
0.9977825,-0.06601639,0.008452153,41.29967,0.06602918,0.9978167,-0.0012381831,2.3407123,-0.008351963,0.0017935304,0.99996376,0.356983
0.9978046,-0.0658645,0.0068874042,42.29311,0.0658801,0.9978252,-0.0020557754,2.4124095,-0.0067370255,0.0025050095,0.9999744,0.36218655
0.997829,-0.06571939,0.0042208554,43.31115,0.065716125,0.9978377,0.00091789314,2.487525,-0.004272053,-0.00063851965,0.99999094,0.36523756
0.9977583,-0.066783085,0.004236659,44.295155,0.06677948,0.99776703,0.0009966037,2.5543382,-0.004293756,-0.00071144523,0.99999076,0.37399462
0.9976863,-0.06774937,0.0056217634,45.286694,0.06776027,0.99769986,-0.0017618967,2.621894,-0.0054894676,0.0021387571,0.9999829,0.3810282
0.99762696,-0.06855315,0.0063692727,46.28697,0.06856327,0.9976456,-0.001376101,2.6925278,-0.006259944,0.0018095383,0.999979,0.38615924
0.997611,-0.06897515,0.003811231,47.26302,0.06897388,0.9976182,0.00047723902,2.7697835,-0.0038350723,-0.00021322002,0.9999929,0.4012762
0.9975973,-0.069265164,-0.0013712506,48.243687,0.069268465,0.9975948,0.002492733,2.8463495,0.0011952945,-0.0025817258,0.9999963,0.40258142
0.9975481,-0.069934085,-0.0026294189,49.217937,0.06994206,0.9975462,0.0030544908,2.9236007,0.0024093562,-0.0032309063,0.99999225,0.41624963
0.99752116,-0.07036335,0.00052840303,50.201477,0.07036214,0.9975191,0.002101318,2.9933639,-0.00067494763,-0.0020589265,0.99999803,0.42356873
0.9975274,-0.07013903,0.0044046203,51.18236,0.07014462,0.997536,-0.0011181701,3.0644386,-0.004315342,0.001424371,0.99999005,0.4415184
0.99749446,-0.07058229,0.004770374,52.14078,0.070590444,0.99750394,-0.0015536922,3.13464,-0.0046488056,0.0018865478,0.9999878,0.44582573
0.9975016,-0.070531085,0.0039585517,53.105465,0.070549354,0.99749714,-0.004670359,3.2030187,-0.0036192397,0.004937972,0.9999816,0.45697543
0.9975003,-0.07060094,0.0029056268,54.06933,0.070622005,0.9974715,-0.007911116,3.2707422,-0.0023397482,0.0080965515,0.9999648,0.47061402
0.9974034,-0.071902364,0.0040406925,55.02379,0.071935594,0.99737036,-0.008777379,3.3403354,-0.0033989537,0.009045268,0.99995357,0.47513434
0.9973392,-0.07243411,0.008215075,55.991127,0.072526045,0.99729985,-0.011501827,3.4054277,-0.007359774,0.012067044,0.99990034,0.48239428
0.9971922,-0.07362816,0.013646153,56.95483,0.073819056,0.99717224,-0.014053103,3.4761295,-0.012572871,0.015021007,0.9998084,0.49292743
0.99713826,-0.073981814,0.015544951,57.90704,0.07417748,0.99716747,-0.012408663,3.551828,-0.014582916,0.013526253,0.9998024,0.4870195
0.9971111,-0.075061284,0.011613585,58.855907,0.07519965,0.99709624,-0.011971328,3.6302075,-0.010681288,0.012810098,0.9998611,0.48841897
0.9970369,-0.07682091,0.003957452,59.78154,0.07685478,0.9969989,-0.009257638,3.7056217,-0.0032343976,0.009534368,0.9999496,0.49276468
0.9969848,-0.07758388,-0.0013322077,60.697266,0.077571675,0.99695754,-0.0075837416,3.7867017,0.0019165323,0.007457544,0.9999706,0.50538784
0.99692047,-0.07840674,-0.0012540794,61.613953,0.07840374,0.9969186,-0.0023064772,3.8681793,0.0014310598,0.0022010556,0.99999684,0.5081424
0.99681973,-0.07968235,0.00082562794,62.514576,0.07968233,0.99681985,9.140745e-05,3.9475977,-0.00083028636,-2.532499e-05,0.9999999,0.5244269
0.9967368,-0.08068336,0.0023226407,63.397438,0.08067891,0.9967378,0.0019625549,4.0270658,-0.0024734114,-0.0017687603,0.9999955,0.53868186
0.9966669,-0.08154983,0.0020772943,64.275894,0.08154377,0.99666524,0.0028608148,4.1034794,-0.0023036678,-0.0026818872,0.9999939,0.5481417
0.9965141,-0.08338003,0.002652322,65.12866,0.08336768,0.9965084,0.0044718604,4.178988,-0.0030159273,-0.004235153,0.9999867,0.55912626
0.9964072,-0.084628694,0.0031983352,65.978745,0.08461059,0.9963989,0.0054283575,4.258071,-0.0036462154,-0.005138241,0.9999804,0.5700178
0.99626404,-0.08628309,0.0035761658,66.80845,0.086263016,0.9962572,0.0054333685,4.334063,-0.004031592,-0.0051045786,0.9999791,0.5826433
0.9961545,-0.08750347,0.0043503977,67.624855,0.08747825,0.9961498,0.005685644,4.407173,-0.0048311655,-0.005283215,0.9999746,0.5912759
0.9960528,-0.08850058,0.00678411,68.43525,0.0884449,0.9960476,0.00811112,4.48509,-0.007475142,-0.0074790865,0.9999443,0.5987109
0.99588245,-0.09004668,0.010454531,69.21978,0.089949235,0.99590117,0.0094459,4.5646753,-0.01126226,-0.008466632,0.999901,0.60159445
0.9957351,-0.09147514,0.011974148,70.00449,0.0913407,0.99575484,0.011331497,4.6443133,-0.012959876,-0.010189447,0.9998644,0.60742074
0.9956442,-0.09288036,0.008086684,70.75839,0.092756234,0.99558187,0.014569141,4.7231817,-0.00940415,-0.013755599,0.9998614,0.616987
0.9955566,-0.09416138,0.0004995059,71.48204,0.09414247,0.9954384,0.0154513605,4.799111,-0.0019521494,-0.015335688,0.9998808,0.6212918
0.99544,-0.09522997,-0.005464557,72.196396,0.09530051,0.9953416,0.014561812,4.86848,0.0040523857,-0.015016195,0.9998793,0.6340205
0.9953835,-0.095723584,-0.0069405497,72.89221,0.09582655,0.9952618,0.016442385,4.9430714,0.0053337472,-0.017031576,0.999841,0.63863367
0.99531347,-0.096621804,-0.0038431243,73.57446,0.09667623,0.9951481,0.018247504,5.0161657,0.0020613752,-0.018533537,0.9998263,0.6520982
0.9952138,-0.097707585,-0.0014138424,74.2291,0.09771738,0.9950618,0.017387154,5.0840087,-0.0002919944,-0.017442105,0.999848,0.66853565
0.9951075,-0.09870482,-0.0042092516,74.85763,0.09875678,0.99500155,0.014763471,5.1447062,0.002730991,-0.015106943,0.9998823,0.68154156
0.9950941,-0.098568395,-0.00844076,75.47673,0.09863311,0.9950941,0.0076282425,5.198983,0.007647457,-0.008423363,0.9999354,0.6976685
0.9951678,-0.09730653,-0.013104228,76.07645,0.09735547,0.99524415,0.0031481585,5.253849,0.012735586,-0.0044087153,0.9999093,0.70957625
0.9954429,-0.094376855,-0.013623595,76.66145,0.09445611,0.99551445,0.0052944236,5.3128653,0.013062829,-0.006557131,0.99989325,0.72262204
0.9958441,-0.0903437,-0.011477453,77.23096,0.09046423,0.99584436,0.010455099,5.3766212,0.010485214,-0.011449955,0.99987954,0.72829825
0.99629176,-0.08564617,-0.00816702,77.794464,0.08571764,0.9962798,0.008844524,5.4256754,0.007379144,-0.009511789,0.9999276,0.7429093
0.99678993,-0.07998822,-0.0033182558,78.33616,0.080005385,0.9967792,0.005411871,5.463388,0.0028746855,-0.005659978,0.9999799,0.75862795
0.9973883,-0.07221738,0.000719424,78.87652,0.072216675,0.99738795,0.00096051535,5.4947124,-0.000786911,-0.0009060493,0.99999934,0.7771135
0.99810636,-0.06150222,0.0006880879,79.38672,0.06149925,0.9980996,0.0037243126,5.5262275,-0.0009158342,-0.003674943,0.9999929,0.7868095
0.9989134,-0.04659792,7.987322e-05,79.88805,0.046595193,0.99887043,0.009255224,5.559897,-0.00051105727,-0.009241451,0.9999572,0.791669
0.9996059,-0.028053705,0.0006319216,80.38532,0.028041543,0.9995001,0.014563372,5.576273,-0.0010401629,-0.014539923,0.9998938,0.7934403
0.9999786,-0.0063201822,0.001510375,80.86087,0.0062991176,0.99988747,0.013573808,5.5752263,-0.001595995,-0.013564012,0.9999068,0.8007347
0.999797,0.019919118,0.0029597597,81.334145,-0.01994793,0.99974996,0.010053606,5.549257,-0.0027587626,-0.010110612,0.99994516,0.8103007
0.9987801,0.049146984,0.0047237915,81.7908,-0.04918707,0.9987504,0.008788159,5.5179286,-0.00428598,-0.009009793,0.9999503,0.8166027
0.9966104,0.08198471,0.006749368,82.24342,-0.08203998,0.99659336,0.008369314,5.4698114,-0.0060402243,-0.008894668,0.99994224,0.8217193
0.9928033,0.11949225,0.007917455,82.69874,-0.11955699,0.99279225,0.008287192,5.404528,-0.0068701385,-0.009174143,0.9999344,0.8267076
0.9869506,0.1607779,0.008853201,83.11928,-0.16085267,0.9869412,0.008508235,5.3208804,-0.0073696584,-0.009821274,0.99992466,0.8291582
0.9785981,0.20556664,0.0093482705,83.54597,-0.20564425,0.97859126,0.008275747,5.2172008,-0.007446924,-0.010021054,0.99992216,0.83211136
0.96701026,0.2545845,0.008787875,83.96736,-0.25466642,0.9669769,0.0099826325,5.0906777,-0.005956253,-0.0118912915,0.99991167,0.8366607
0.95165765,0.30706188,0.0077419993,84.34847,-0.3071319,0.9516072,0.0106079485,4.950523,-0.004110049,-0.012472957,0.9999138,0.8442956
0.93181735,0.36286485,0.006685918,84.738754,-0.36291924,0.9317561,0.010910746,4.774852,-0.0022705204,-0.012593279,0.9999182,0.8472434
0.90790117,0.41913635,0.006280352,85.08272,-0.41918215,0.90783125,0.011293776,4.590946,-0.00096786855,-0.012886252,0.9999167,0.85012156
0.87912256,0.4765653,0.0053265584,85.41862,-0.47659418,0.8790462,0.011604291,4.3810477,0.0008479128,-0.012740209,0.99991864,0.8456401
0.8454933,0.5339739,0.0034972127,85.7572,-0.53397983,0.8454371,0.010022436,4.139757,0.0023950487,-0.010341349,0.99994385,0.8576748
0.80926496,0.5874358,0.00294299,86.031105,-0.58743376,0.8092137,0.009676258,3.898505,0.0033026766,-0.009559473,0.99994904,0.8620304
0.76923895,0.63894886,0.0038913246,86.32879,-0.63895714,0.7692006,0.007941919,3.619903,0.0020812731,-0.008595627,0.99996114,0.87235034
0.72674394,0.6868757,0.0066577783,86.57244,-0.68690777,0.72670645,0.0073708063,3.3532603,0.00022457674,-0.009929973,0.9999509,0.8729371
0.6817775,0.73152184,0.0073896083,86.813515,-0.7315588,0.68175036,0.0060889293,3.0579338,-0.00058368547,-0.00955723,0.99995434,0.8749758
0.63470906,0.7727329,0.005260457,87.04207,-0.7727507,0.63469464,0.0042543155,2.7371287,-5.1335956e-05,-0.0067652734,0.9999773,0.87978154
0.58850247,0.808494,0.0013531996,87.2203,-0.8084949,0.5885017,0.0008376667,2.427773,-0.00011911403,-0.0015870179,0.9999989,0.89200115
0.5410329,0.8409975,0.0024591908,87.41443,-0.84100074,0.5410282,0.0023074797,2.0944712,0.0006100911,-0.0033165994,0.9999945,0.89578664
0.49432832,0.869259,0.0052638385,87.57217,-0.86927253,0.49430388,0.005299845,1.7758223,0.0020050013,-0.0071955733,0.99997234,0.89723986
0.4486208,0.8937014,0.006056668,87.72333,-0.89371556,0.448582,0.006768933,1.4347281,0.003332493,-0.008449623,0.99995893,0.90195227
0.40562296,0.91404015,-0.000108012,87.85002,-0.914029,0.40561855,0.004851762,1.0747801,0.004478518,-0.0018692547,0.9999884,0.9007257
0.36614978,0.9304865,-0.011334265,87.93991,-0.93055516,0.3661316,-0.0037026117,0.72058153,0.0007045992,0.011902887,0.9999291,0.915822
0.3307644,0.94357497,-0.016140593,88.03758,-0.9437105,0.33067608,-0.007933106,0.35909185,-0.0021481786,0.01785606,0.9998384,0.9163466
0.29685158,0.9548244,-0.013743907,88.14174,-0.9549232,0.296816,-0.004596347,-0.010428429,-0.00030929784,0.014488828,0.99989516,0.92198896
0.26612645,0.9639274,-0.0044783065,88.24974,-0.9639264,0.26614282,0.0036094426,-0.36698616,0.004671109,0.0033561988,0.9999836,0.922877
0.23755704,0.97137326,0.00031700125,88.3436,-0.97134,0.23754609,0.008342108,-0.7535341,0.008028,-0.0022896386,0.9999653,0.93115234
0.21142504,0.97739357,-0.0008304413,88.416245,-0.9773493,0.21142334,0.0093572885,-1.149024,0.009321332,-0.0011667293,0.999956,0.94319105
0.18816206,0.982099,-0.008714436,88.47158,-0.9820625,0.18824986,0.010690808,-1.5499256,0.01213993,0.0065465267,0.999905,0.94783884
0.16701305,0.9858232,-0.016079955,88.52247,-0.9857808,0.16726726,0.016030762,-1.9556524,0.018493159,0.0131739825,0.9997423,0.950927
0.14684397,0.98900694,-0.017368197,88.575615,-0.9888331,0.14722365,0.023091573,-2.3835158,0.025394749,0.01378341,0.99958265,0.94463694
0.12952751,0.99146444,-0.014846677,88.63559,-0.9912453,0.12985606,0.02385386,-2.823482,0.0255782,0.011626987,0.99960536,0.9508241
0.11375907,0.9934189,-0.013313827,88.69058,-0.9932791,0.11401015,0.019930707,-3.2820787,0.021317463,0.010957064,0.9997128,0.9646604
0.098957114,0.9950032,-0.013247345,88.731476,-0.9949372,0.099167146,0.016270392,-3.7589846,0.017502801,0.011570223,0.99978,0.98326886
0.08612199,0.99618167,-0.014299443,88.76931,-0.9961675,0.08632253,0.014058444,-4.238618,0.0152391335,0.013033918,0.9997991,0.99586844
0.07421704,0.99707794,-0.018078603,88.79747,-0.9971393,0.07445687,0.012976949,-4.740116,0.014285111,0.017063797,0.9997525,1.0065415
0.06406557,0.9977406,-0.020213602,88.82457,-0.9978399,0.06433981,0.013223386,-5.2519703,0.014494056,0.0193228,0.9997084,1.0170062
0.056111723,0.99817735,-0.02219711,88.850464,-0.99831414,0.056421343,0.013578526,-5.7931023,0.014806176,0.021397801,0.9996616,1.0268242
0.049805127,0.99846846,-0.024071705,88.87431,-0.9986426,0.050151918,0.01402544,-6.3481884,0.0152112115,0.023340518,0.9996121,1.0371475
0.044129476,0.9987219,-0.024625644,88.89906,-0.9988996,0.044501565,0.014773435,-6.911565,0.015850443,0.02394663,0.99958783,1.0488367
0.038043443,0.99896604,-0.024876187,88.92147,-0.99914145,0.03843436,0.015431204,-7.5036283,0.016371358,0.024267802,0.9995717,1.0579474
0.03345457,0.9990689,-0.02722716,88.936516,-0.9993053,0.03388446,0.015484816,-8.12175,0.016392985,0.026690237,0.9995096,1.069955
0.030483903,0.99914074,-0.028067548,88.95553,-0.99940246,0.030924754,0.015409946,-8.742212,0.016264696,0.027581053,0.9994875,1.0831002
0.027400298,0.99920505,-0.028944071,88.97144,-0.99949914,0.027843276,0.015015051,-9.388124,0.01580902,0.028518189,0.9994685,1.0953685
0.024844544,0.9992065,-0.031118834,88.99003,-0.9995699,0.025313832,0.014779356,-10.05668,0.015555374,0.030738298,0.99940664,1.1055666
0.024028346,0.99911517,-0.034506336,89.00574,-0.99959755,0.024530951,0.014217615,-10.736,0.015051517,0.03415086,0.9993035,1.1200882
0.02469109,0.99896675,-0.03814211,89.0191,-0.9995863,0.025232231,0.013772538,-11.439072,0.014720727,0.037786316,0.9991776,1.133654
0.027421365,0.99882525,-0.039940167,89.03814,-0.9995108,0.027996259,0.013906984,-12.151568,0.01500883,0.039539326,0.9991055,1.1458439
0.030696103,0.9986424,-0.042073473,89.0623,-0.9994156,0.031297505,0.013711254,-12.884304,0.015009442,0.041628048,0.9990207,1.1595441
0.03453144,0.9984687,-0.043207288,89.09059,-0.9992927,0.03513801,0.013359207,-13.637057,0.014856976,0.04271546,0.99897707,1.1721596
0.03934243,0.9982254,-0.044689998,89.11815,-0.99912876,0.039920755,0.012123167,-14.404888,0.013885718,0.044174157,0.99892753,1.1860453
0.04332328,0.9980662,-0.0445633,89.15152,-0.99897796,0.04385002,0.010911439,-15.185361,0.012844445,0.044045083,0.9989472,1.1985897
0.046960644,0.9979914,-0.042506114,89.19453,-0.99883413,0.047389194,0.009131495,-15.980955,0.011127487,0.042027786,0.9990547,1.2113338
0.05184485,0.99780905,-0.041087557,89.24256,-0.99860406,0.052211903,0.007911339,-16.79493,0.010039265,0.04062009,0.99912447,1.2246845
0.05516328,0.9977056,-0.03923611,89.2906,-0.99842095,0.0555327,0.008388713,-17.60346,0.010548353,0.03871145,0.999195,1.2396263
0.05898089,0.9975781,-0.036852058,89.349045,-0.99815637,0.059462547,0.012113599,-18.414204,0.014275584,0.036069687,0.9992475,1.2596322
0.060233332,0.9976665,-0.03213297,89.41194,-0.997986,0.060830764,0.017951041,-19.229458,0.019863838,0.030987035,0.99932265,1.2716408
0.059457414,0.9978029,-0.029208448,89.47372,-0.9979817,0.06006995,0.020561965,-20.055025,0.022271356,0.027926968,0.9993621,1.2960901
0.06026166,0.99782085,-0.026852217,89.52909,-0.99793345,0.060825124,0.020686511,-20.874912,0.022274738,0.025550153,0.9994256,1.3162378
0.0603396,0.9978638,-0.025018103,89.58585,-0.9979659,0.060823735,0.01906501,-21.702963,0.020545991,0.023816867,0.99950546,1.3432562
0.059538506,0.9979145,-0.024916405,89.64403,-0.9980387,0.0599915,0.017846672,-22.52964,0.019304238,0.023805002,0.99953043,1.371838
0.060806286,0.9978857,-0.02292859,89.697266,-0.99797213,0.061211802,0.017420273,-23.353428,0.018786954,0.02182286,0.99958557,1.3956391
0.060790997,0.99792707,-0.021094788,89.7544,-0.9979749,0.061162453,0.017435327,-24.180325,0.018689405,0.019992182,0.99962574,1.4223936
0.05999732,0.9980187,-0.018920574,89.813774,-0.99801725,0.060336232,0.017882003,-25.005478,0.01898818,0.01781021,0.9996613,1.4477868
0.05911531,0.9981278,-0.01565661,89.872734,-0.9980529,0.059408367,0.018966787,-25.824263,0.019861424,0.014504917,0.99969774,1.4721452
0.056336053,0.99833184,-0.012596756,89.93274,-0.99822104,0.056567047,0.018804004,-26.650133,0.019485211,0.01151502,0.99974406,1.4969845
0.053067505,0.9985404,-0.009991088,89.98519,-0.99842316,0.05323895,0.017758695,-27.472017,0.018264703,0.009032937,0.9997926,1.5219907
0.04814123,0.99880874,-0.007896763,90.031555,-0.9987123,0.048259865,0.015595036,-28.290545,0.015957564,0.0071358406,0.9998474,1.5473678
0.041392133,0.999123,-0.006220699,90.06891,-0.9990422,0.041475277,0.013894318,-29.10895,0.014140145,0.0056396327,0.99988437,1.5690527
0.034068353,0.99940574,-0.0051138024,90.103745,-0.9993226,0.0341356,0.01369959,-29.92484,0.013866019,0.004643621,0.99989337,1.5949588
0.024996229,0.99967504,-0.004854066,90.1271,-0.9995823,0.025063504,0.014336884,-30.734676,0.014453894,0.004493675,0.99988574,1.6142365
0.014972779,0.99987537,-0.004855693,90.14167,-0.9997792,0.015042304,0.0146172,-31.533148,0.0146884285,0.0046357657,0.9998816,1.636197
0.0049243327,0.99997276,-0.0053659957,90.14844,-0.9998865,0.004999861,0.014157702,-32.342968,0.014184155,0.0052956752,0.9998856,1.6574907
-0.006425129,0.9999675,-0.004727412,90.146324,-0.9998909,-0.0063618943,0.0132756615,-33.146763,0.013245161,0.004812198,0.999901,1.6774218
-0.017212372,0.99983734,-0.0052616093,90.13451,-0.9997745,-0.017145699,0.012468052,-33.94559,0.012375814,0.0054750326,0.9999087,1.7000058
-0.028581213,0.99957407,-0.0057826284,90.11369,-0.9995159,-0.028507821,0.012402793,-34.737606,0.012232664,0.0061343214,0.9999066,1.7210261
-0.03984323,0.9991887,-0.0057371203,90.08412,-0.999124,-0.039766155,0.012977782,-35.52492,0.012739114,0.006249177,0.99989957,1.7424257
-0.050196767,0.9987278,-0.004650874,90.04449,-0.99864733,-0.050128702,0.013753699,-36.301537,0.013503065,0.0053349785,0.99989486,1.7640078
-0.060760796,0.9981397,-0.0048869834,90.0029,-0.9980493,-0.060683772,0.014614139,-37.07969,0.014290398,0.0057654222,0.9998815,1.7848895
-0.071088,0.997452,-0.005879895,89.94969,-0.99736035,-0.07099188,0.015201813,-37.852512,0.014745661,0.006945047,0.99986744,1.8037937
-0.080191135,0.9967601,-0.00610472,89.891815,-0.9966639,-0.08008743,0.015671782,-38.608593,0.015132102,0.0073410994,0.9998588,1.8260645
-0.08996159,0.9959221,-0.006687442,89.82312,-0.99582565,-0.08984507,0.016057203,-39.36399,0.015390895,0.008104065,0.99984896,1.8448118
-0.09817834,0.9951401,-0.0074695675,89.75389,-0.9950569,-0.09805242,0.015685013,-40.103638,0.014876382,0.008972583,0.9998493,1.8667207
-0.10580693,0.9943455,-0.008971737,89.676094,-0.9942919,-0.10566852,0.014710199,-40.8421,0.013678995,0.010476979,0.99985176,1.8885881
-0.11155799,0.9936768,-0.012645273,89.59031,-0.993687,-0.11138974,0.01331286,-41.56488,0.011820128,0.014050616,0.9998317,1.9100473
-0.11538333,0.9931942,-0.015830275,89.50539,-0.99327314,-0.1152078,0.011589806,-42.279957,0.009687155,0.017061079,0.9998078,1.9309112
-0.11810589,0.9928467,-0.017466316,89.42207,-0.99296546,-0.117936105,0.01045646,-42.986553,0.008321748,0.018578442,0.999793,1.9488946
-0.12027895,0.9925705,-0.01831155,89.33688,-0.99271166,-0.1201172,0.009696371,-43.67848,0.007424795,0.019344386,0.9997855,1.9664185
-0.12065928,0.9925234,-0.018365188,89.257614,-0.99266404,-0.12049311,0.009906298,-44.35474,0.0076193493,0.019425772,0.9997825,1.9795225
-0.120227545,0.9925577,-0.019313464,89.17984,-0.99270886,-0.120032884,0.010946179,-45.01632,0.00854646,0.020488705,0.9997538,1.9972639
-0.117936686,0.99281377,-0.020254344,89.10415,-0.9929739,-0.117709324,0.012078646,-45.659313,0.009607718,0.02153658,0.99972206,2.0144744
-0.11260788,0.9934234,-0.02068807,89.03384,-0.9935831,-0.11235667,0.012933424,-46.286312,0.010523922,0.02201175,0.9997025,2.028749
-0.10530062,0.9942354,-0.020158324,88.9776,-0.9943754,-0.10504152,0.013511541,-46.89477,0.011316191,0.021467742,0.9997057,2.0441997
-0.093732074,0.9954067,-0.019452676,88.92797,-0.99552536,-0.09347343,0.0138078835,-47.48399,0.011926153,0.0206599,0.9997156,2.0590165
-0.080326974,0.9965875,-0.018960599,88.89081,-0.9966887,-0.08006624,0.014133752,-48.055298,0.012567419,0.02003316,0.9997205,2.079431
-0.06350306,0.99781317,-0.018296285,88.861725,-0.9978768,-0.063220784,0.015614774,-48.60484,0.014423927,0.019249044,0.99971086,2.094419
-0.04241267,0.9989528,-0.017116927,88.84976,-0.9989447,-0.042098217,0.018331425,-49.1502,0.017591646,0.017876366,0.99968565,2.1137738
-0.01791719,0.9997193,-0.015447941,88.853294,-0.99961084,-0.017581021,0.021629173,-49.681305,0.02135153,0.015829477,0.9996469,2.131008
0.009857066,0.9998468,-0.014408845,88.87121,-0.9996667,0.010196729,0.023692412,-50.20577,0.023835724,0.014170515,0.99961567,2.1473238
0.043330956,0.9989669,-0.013638501,88.90957,-0.9987678,0.043644506,0.023598604,-50.738773,0.02416949,0.012599153,0.9996287,2.1669197
0.08120951,0.99660426,-0.013539485,88.9646,-0.9964324,0.081493214,0.021913039,-51.25785,0.022942021,0.011711641,0.9996684,2.1832435
0.12317903,0.9923025,-0.01269935,89.04419,-0.99218464,0.1234007,0.018464118,-51.7589,0.019889109,0.010325713,0.9997491,2.2028563
0.16804662,0.98572403,-0.010351863,89.154144,-0.9856458,0.16818713,0.014648641,-52.27234,0.016180571,0.0077416175,0.99983937,2.2207184
0.21604428,0.97636425,-0.0060403347,89.28661,-0.9763005,0.21610238,0.011668633,-52.767483,0.012698166,0.0033762376,0.9999139,2.2372456
0.26711756,0.96365535,-0.0039371364,89.444664,-0.96359754,0.26714492,0.010603205,-53.23809,0.011269617,0.0009615086,0.9999362,2.2519345
0.3215147,0.94689775,-0.0034542296,89.63164,-0.9468367,0.32153326,0.010752299,-53.71086,0.011291971,-0.0001864346,0.9999364,2.2601538
0.37890726,0.92541015,-0.0066511948,89.836235,-0.9253394,0.3789616,0.011581293,-54.154957,0.0132379895,0.0017663764,0.999911,2.2799633
0.4384511,0.898687,-0.011007702,90.05724,-0.8985668,0.43857703,0.015066149,-54.56339,0.01836748,0.0032853892,0.99982613,2.2926986
0.4979312,0.8670622,-0.016322397,90.32001,-0.8668655,0.49817693,0.01905146,-54.973125,0.024650257,0.004663011,0.99968547,2.3099668
0.55582637,0.83112323,-0.017029371,90.59809,-0.8307883,0.5560863,0.02361876,-55.335484,0.029099919,0.0010198748,0.9995762,2.3208773
0.6118558,0.79077315,-0.01757538,90.92136,-0.79032254,0.61210316,0.026813013,-55.696896,0.03196098,-0.0025154804,0.9994862,2.3316507
0.6647559,0.7468063,-0.019456029,91.25146,-0.7462903,0.6650279,0.028065275,-56.02368,0.033898152,-0.004136714,0.99941695,2.3483522
0.7141845,0.69963276,-0.021284027,91.58777,-0.6991376,0.7144899,0.026644213,-56.319508,0.03384841,-0.004148425,0.99941856,2.363782
0.7602368,0.64938736,-0.018294562,91.97691,-0.6490032,0.76043636,0.02303524,-56.613213,0.028870657,-0.005639011,0.99956745,2.3875983
0.8023375,0.5966968,-0.014352711,92.36932,-0.59644747,0.80244285,0.018304944,-56.872356,0.02243974,-0.0061261076,0.9997296,2.4014251
0.839968,0.5425531,-0.009407368,92.758606,-0.5423869,0.83998245,0.015660355,-57.09725,0.016398601,-0.008051768,0.9998333,2.4174538
0.8719929,0.48949867,-0.004246462,93.19976,-0.4894145,0.8719553,0.012914731,-57.30913,0.010024465,-0.009183278,0.99990773,2.4268465
0.8985342,0.43890008,0.0012453033,93.63828,-0.4388801,0.8984582,0.012509644,-57.49106,0.0043716202,-0.011786889,0.99992114,2.4428306
0.91952014,0.3930097,0.0049463203,94.06476,-0.3930391,0.9194066,0.014527202,-57.646584,0.0011616369,-0.015302164,0.9998824,2.458538
0.93572736,0.35263157,0.007985429,94.54034,-0.35272145,0.9355252,0.019477643,-57.791534,-0.0006021549,-0.021042412,0.99977857,2.4595025
0.9481857,0.317604,0.008374453,94.99891,-0.31771433,0.9478562,0.025006585,-57.91594,4.3989276e-06,-0.026371593,0.9996524,2.4651427
0.9580051,0.28666782,0.006798813,95.470024,-0.28674608,0.9576332,0.026729506,-58.03876,0.0011517061,-0.02755656,0.9996197,2.456689
0.9645521,0.26382917,0.0056451093,95.94732,-0.26388928,0.9643024,0.021966472,-58.169857,0.00035178917,-0.02267751,0.9997429,2.471779
0.9686606,0.24833743,0.0048716096,96.42934,-0.2483852,0.96847725,0.018865144,-58.288437,-3.3136195e-05,-0.01948397,0.9998103,2.4787335
0.97187364,0.23545106,0.0047937226,96.92917,-0.2354992,0.9716221,0.022135815,-58.395805,0.0005542004,-0.022642149,0.9997436,2.4819489
0.9740921,0.22606727,0.0060572373,97.429306,-0.22614814,0.97369915,0.027683087,-58.493443,0.00036029995,-0.028335731,0.99959844,2.4774206
0.975583,0.21954206,0.0061316118,97.948456,-0.2196222,0.9749815,0.034300167,-58.59186,0.0015521095,-0.034809325,0.9993928,2.480088
0.9761529,0.21705018,0.003634548,98.46992,-0.21701422,0.9753039,0.04106628,-58.688587,0.0053686476,-0.04087575,0.99914986,2.4827588
0.97644144,0.21577525,0.0012964949,99.00402,-0.215633,0.9755418,0.042661846,-58.801075,0.007940582,-0.041936398,0.99908876,2.4931808
0.97593915,0.21802202,-0.0027719212,99.54788,-0.21772906,0.9751489,0.040962297,-58.92364,0.011633719,-0.039373215,0.9991569,2.5005302
0.9748704,0.22258611,-0.009042408,100.09389,-0.22206134,0.9742044,0.040173277,-59.049522,0.017751176,-0.037155803,0.9991518,2.5101836
0.9739513,0.22637062,-0.013184876,100.66177,-0.22566749,0.9733299,0.04126178,-59.182808,0.0221737,-0.0372116,0.9990614,2.5213969
0.97292554,0.23079865,-0.012102694,101.23964,-0.23004127,0.9721177,0.045470554,-59.309193,0.0222598,-0.041455384,0.9988924,2.5305083
0.9716239,0.23640484,-0.0076432377,101.84347,-0.23579563,0.97065,0.047310907,-59.44184,0.018603446,-0.044166207,0.99885106,2.5393677
0.9706995,0.24027076,-0.0033376957,102.45386,-0.23987913,0.9697465,0.04526789,-59.59537,0.014113274,-0.043140914,0.9989694,2.5592413
0.96974105,0.2441283,0.0015363796,103.06349,-0.24398522,0.9689155,0.040906146,-59.751274,0.008497726,-0.040043257,0.9991619,2.5721345
0.9690222,0.24690613,0.005653531,103.696526,-0.24693951,0.96828085,0.038112193,-59.91074,0.0039359247,-0.03832768,0.99925756,2.584288
0.96821016,0.2500758,0.0054676514,104.33608,-0.250115,0.9676197,0.03397212,-60.078163,0.0032049925,-0.034259725,0.99940795,2.5913446
0.9679138,0.25127512,0.0015499012,104.970955,-0.25120455,0.96745443,0.030456599,-60.247105,0.006153526,-0.02986873,0.99953496,2.5991175
0.96808046,0.25057548,-0.005568067,105.618774,-0.25031778,0.96772933,0.02899026,-60.414314,0.0126526365,-0.02667114,0.9995643,2.61214
0.96828717,0.24956383,-0.011687755,106.28318,-0.24907076,0.96792144,0.033033825,-60.58266,0.019556891,-0.029075177,0.99938595,2.6212082
0.968678,0.24787669,-0.014794143,106.95451,-0.2472228,0.9682824,0.036184624,-60.74538,0.023294251,-0.031393826,0.99923563,2.6308684
0.9695709,0.2445535,-0.011170004,107.65532,-0.24403991,0.9691332,0.03499504,-60.917866,0.019383395,-0.03120427,0.99932504,2.6428607
0.97002465,0.24295111,-0.005079323,108.365105,-0.24269745,0.9696387,0.029969556,-61.09407,0.012206252,-0.027838493,0.9995378,2.6626587
0.9707696,0.24001032,0.0005533217,109.09125,-0.23992243,0.9703466,0.02939493,-61.268517,0.0065181754,-0.028668484,0.9995676,2.6798456
0.971183,0.23833138,0.0008348392,109.81678,-0.23823136,0.97066146,0.032581087,-61.437695,0.006954753,-0.03184111,0.9994686,2.6933022
0.9715914,0.23665094,-0.002334433,110.54214,-0.23638754,0.970891,0.038613327,-61.600185,0.011404367,-0.03696458,0.9992514,2.6994061
0.97252506,0.23267141,-0.0076189297,111.30439,-0.23218618,0.97182506,0.0405577,-61.774227,0.016840896,-0.0376744,0.9991481,2.7125785
0.97338986,0.22890809,-0.010589289,112.061035,-0.22832432,0.97276056,0.040053036,-61.94718,0.019469317,-0.036569458,0.9991414,2.7217891
0.9742551,0.22520432,-0.010438689,112.824005,-0.22467035,0.9736993,0.037844382,-62.123447,0.018686874,-0.03452485,0.9992291,2.7393641
0.9751915,0.22117126,-0.009149032,113.619835,-0.22073473,0.9747096,0.034880374,-62.30196,0.016632196,-0.031995565,0.99934953,2.7616994
0.9756689,0.21912742,-0.007227844,114.41707,-0.21878767,0.97522944,0.032539077,-62.476933,0.014179017,-0.030166034,0.99944425,2.7788868
0.9758543,0.21834065,-0.0058887387,115.2083,-0.21807662,0.9754771,0.029769776,-62.655704,0.012244288,-0.027766798,0.9995393,2.7929552
0.9760663,0.21740952,-0.005151065,116.02561,-0.21721669,0.9757977,0.025199413,-62.838333,0.010504994,-0.023477431,0.9996691,2.8136375
0.9761522,0.21704972,-0.0039126687,116.83118,-0.21688876,0.97587764,0.024927618,-63.010593,0.009228821,-0.023484563,0.99968153,2.8266416
0.97619045,0.21686861,-0.0043672496,117.65732,-0.2166451,0.9757887,0.030010834,-63.18209,0.010769925,-0.028350178,0.9995399,2.8431382
0.976012,0.217619,-0.006443836,118.48372,-0.21726044,0.9754606,0.03569133,-63.349808,0.014052826,-0.033435207,0.99934196,2.85655
0.97569394,0.21904948,-0.0061253738,119.30653,-0.21857895,0.97482765,0.043973446,-63.51793,0.015603553,-0.041565783,0.9990138,2.8745959
0.9751343,0.22157556,-0.0040227226,120.15512,-0.22109257,0.9739302,0.050767366,-63.690117,0.015166668,-0.048615646,0.9987022,2.8914688
0.97445685,0.2245645,-0.0018839628,120.99862,-0.22414297,0.9730776,0.053657904,-63.86723,0.013882912,-0.05186508,0.9985575,2.909386
0.9737605,0.22756258,-0.002202183,121.833244,-0.2271135,0.9723624,0.054130536,-64.05529,0.0144594135,-0.05221007,0.9985314,2.9310818
0.97340626,0.22904828,-0.0040203496,122.668236,-0.22850111,0.9720323,0.054218985,-64.24555,0.016326686,-0.05185848,0.998521,2.9481778
0.97295403,0.23093572,-0.0053042336,123.510605,-0.23043485,0.97193223,0.0473991,-64.45159,0.016101511,-0.044894893,0.99886197,2.974847
0.97299,0.23074007,-0.006964265,124.347626,-0.23025273,0.9722111,0.042289216,-64.65978,0.016528564,-0.039543472,0.99908113,2.9969316
0.9727093,0.23190148,-0.007567948,125.19977,-0.23143174,0.972037,0.039781485,-64.8598,0.016581723,-0.03694439,0.9991797,3.0271928
0.972338,0.2335319,-0.0045337323,126.03308,-0.2331339,0.9715086,0.042647447,-65.0516,0.014364109,-0.040410805,0.9990798,3.0449355
0.9721999,0.2341459,0.0013864738,126.8832,-0.23397034,0.97120476,0.04492633,-65.24641,0.009172773,-0.04400181,0.9989892,3.0626569
0.9719161,0.23525617,0.0057054344,127.73117,-0.23526298,0.9708141,0.046589255,-65.43916,0.005421498,-0.046623167,0.9988977,3.0793943
0.9715671,0.23676214,-0.0002339699,128.55524,-0.23649268,0.97050726,0.046756458,-65.63334,0.011297237,-0.04537174,0.99890614,3.099421
0.971424,0.23685978,-0.015227289,129.36308,-0.23602453,0.9707816,0.043298516,-65.8321,0.025038067,-0.03846724,0.9989459,3.1191084
0.9714113,0.23614506,-0.024384437,130.17577,-0.23502816,0.9711019,0.04150025,-66.035385,0.033479873,-0.034582816,0.99884063,3.154419
0.9716611,0.23576571,-0.016979633,131.01265,-0.23495495,0.97118896,0.039844315,-66.2341,0.025884373,-0.03472575,0.9990614,3.1736724
0.9723048,0.233705,0.0020878115,131.8509,-0.2336463,0.9717671,0.032825455,-66.431885,0.005642611,-0.032404184,0.99945873,3.197593
0.972398,0.23278995,0.015815368,132.69386,-0.23313737,0.9721046,0.025675507,-66.63419,-0.009397192,-0.028653987,0.9995451,3.2234213
0.97281206,0.2312555,0.0125238355,133.503,-0.2315409,0.9723273,0.03111494,-66.8131,-0.0049817646,-0.033168793,0.9994373,3.2370908
0.97306067,0.2305463,-0.0007365586,134.30923,-0.23031536,0.97221905,0.04176777,-66.98868,0.010345511,-0.040472962,0.99912703,3.2497349
0.9732223,0.22965656,-0.009767574,135.11526,-0.22904064,0.97245324,0.043296658,-67.17168,0.019441886,-0.039900128,0.99901444,3.2508087
0.9737076,0.22752365,-0.011211069,135.92357,-0.22691977,0.9730925,0.039973825,-67.36171,0.020004414,-0.03637883,0.9991377,3.2785294
0.97438407,0.22464226,-0.010528229,136.73625,-0.22410235,0.97382355,0.038018767,-67.54587,0.018793276,-0.034685504,0.99922144,3.3084223
0.9751333,0.22132659,-0.011356817,137.5511,-0.22075532,0.9745787,0.03825148,-67.72309,0.019534197,-0.034793235,0.9992035,3.332075
0.97625786,0.21626134,-0.012284831,138.35516,-0.21560478,0.9756207,0.040969156,-67.89338,0.020845398,-0.037347816,0.9990847,3.35565
0.9769012,0.2133476,-0.012089308,139.15114,-0.2126279,0.97612256,0.044425897,-68.054985,0.021278825,-0.040829215,0.99893934,3.3846946
0.97738075,0.21121506,-0.01069489,139.96353,-0.21040124,0.9762393,0.05184275,-68.20936,0.021390762,-0.04841992,0.9985978,3.404907
0.97778684,0.20942532,-0.008558772,140.76717,-0.2086938,0.97653973,0.053070415,-68.36839,0.019472288,-0.050105423,0.9985539,3.4311702
0.9780794,0.2081775,-0.0047007506,141.56366,-0.20766932,0.97685033,0.051343333,-68.53691,0.015280475,-0.049241684,0.99866974,3.4551592
0.9784256,0.20654662,-0.0045906394,142.36913,-0.20606129,0.9772442,0.05031788,-68.7004,0.014879181,-0.048286382,0.99872243,3.4798222
0.9789156,0.2041189,-0.007688528,143.1586,-0.20350266,0.97782314,0.049477,-68.8625,0.01761723,-0.046869203,0.9987454,3.500464
0.9797156,0.19997382,-0.012930105,143.93814,-0.19924633,0.9789751,0.04368132,-69.026924,0.021393392,-0.04021903,0.99896157,3.5276127
0.9810183,0.19340003,-0.014103949,144.73743,-0.19265126,0.980336,0.042735636,-69.18813,0.022091702,-0.039207336,0.9989866,3.5499845
0.9823915,0.18656889,-0.009923404,145.52892,-0.18603306,0.98171484,0.040339343,-69.336205,0.017268037,-0.037782982,0.9991365,3.570029
0.98345757,0.18112272,-0.0022653635,146.3123,-0.1809168,0.98280156,0.037010048,-69.47562,0.008929778,-0.035988007,0.99931204,3.5921812
0.98432666,0.17622447,0.00673764,147.12852,-0.1763529,0.9836963,0.03522552,-69.61509,-0.00042017945,-0.035861656,0.9993564,3.6193802
0.9849751,0.1723971,0.010139611,147.91191,-0.17266482,0.9842042,0.039095536,-69.7363,-0.0032394775,-0.040258914,0.9991837,3.618771
0.9858244,0.16768569,0.0055857175,148.71591,-0.16777082,0.98490435,0.04261176,-69.86232,0.0016439978,-0.042944863,0.99907583,3.6298106
0.9869648,0.16088657,-0.0039308313,149.49886,-0.16055734,0.9860282,0.044374783,-69.98549,0.011015233,-0.043165255,0.99900705,3.644678
0.987867,0.15496239,-0.010243375,150.28084,-0.15438786,0.98706263,0.043257583,-70.111176,0.016814169,-0.04115131,0.9990113,3.65468
0.9889089,0.14817981,-0.010073149,151.10071,-0.14764962,0.9881767,0.04130057,-70.229515,0.01607398,-0.039355226,0.9990958,3.6752362
0.99008393,0.14032999,-0.006387887,151.91096,-0.13988024,0.9890504,0.047034353,-70.32878,0.012918289,-0.045674447,0.9988727,3.6906674
0.99113524,0.1326557,-0.007270736,152.72246,-0.13210556,0.989872,0.051971134,-70.41747,0.014091381,-0.05054995,0.99862194,3.7113762
0.9923407,0.12285686,-0.012869321,153.5318,-0.12197025,0.9909843,0.05543203,-70.50571,0.019563518,-0.053437814,0.99837935,3.72894
0.993315,0.11438298,-0.015535511,154.34854,-0.11338653,0.9920569,0.054461002,-70.59687,0.021641541,-0.05233544,0.99839485,3.7511003
