'00':
  ARE: 0.0016429496206507728
  ATE: 0.017507403578971598
  STD_ARE: 0.002478837276036828
  STD_ATE: 0.019599208076956264
  nsecs_per_frame: 0.07843577696399735
  rot_err: 7.052556549027533e-05
  tr_err: 0.008757861896092312
AVG:
  ARE: 0.0016429496206507728
  ATE: 0.017507403578971598
  STD_ARE: 0.002478837276036828
  STD_ATE: 0.019599208076956264
  nsecs_per_frame: 0.07843577696399735
  rot_err: 7.052556549027533e-05
  tr_err: 0.008757861896092312
