'02':
  ARE: 0.0013020884720459246
  ATE: 0.02120783826191157
  STD_ARE: 0.001277098256518739
  STD_ATE: 0.016430978733642968
  nsecs_per_frame: 0.5192475616100698
  rot_err: 2.7467119315523607e-05
  tr_err: 0.005478737514686286
AVG:
  ARE: 0.0013020884720459246
  ATE: 0.02120783826191157
  STD_ARE: 0.001277098256518739
  STD_ATE: 0.016430978733642968
  nsecs_per_frame: 0.5192475616100698
  rot_err: 2.7467119315523607e-05
  tr_err: 0.005478737514686286
