'02':
  ARE: 0.0013839980492422806
  ATE: 0.022919071395575908
  STD_ARE: 0.0013173029228793023
  STD_ATE: 0.01817203646581113
  nsecs_per_frame: 0.3426491613169132
  rot_err: 3.155474572418606e-05
  tr_err: 0.006364874552630616
AVG:
  ARE: 0.0013839980492422806
  ATE: 0.022919071395575908
  STD_ARE: 0.0013173029228793023
  STD_ATE: 0.01817203646581113
  nsecs_per_frame: 0.3426491613169132
  rot_err: 3.155474572418606e-05
  tr_err: 0.006364874552630616
