0,1,2,3,4,5,6,7,8,9,10,11
1.0,0.0,0.0,0.0,0.0,1.0,0.0,0.0,0.0,0.0,1.0,0.0
0.999989,0.0013830872,-0.0044823745,0.9551534,-0.001376976,0.99999815,0.001366192,0.0050773374,0.004484256,-0.0013600048,0.99998903,0.009797204
0.9999835,0.0022000372,-0.0053032236,1.9140043,-0.0022015604,0.99999756,-0.00028135756,0.0005161683,0.0053025917,0.0002930282,0.9999859,0.022003356
0.99999446,0.0026003474,-0.0020723112,2.87245,-0.002604082,0.99999505,-0.0018013879,0.00075086416,0.002067617,0.0018067743,0.99999624,0.029497517
0.9999943,0.0015177744,0.0030261897,3.8261888,-0.0015013583,0.99998426,-0.0054195914,8.38954e-05,-0.0030343677,0.0054150173,0.9999808,0.031896506
0.99999285,0.00023280038,0.0037799964,4.764552,-0.00020286266,0.9999687,-0.007918477,-0.0016316314,-0.0037817212,0.007917654,0.99996156,0.050066568
0.99999946,-0.00021507745,0.0010761209,5.7071223,0.000226996,0.9999386,-0.011087526,-0.004280307,-0.0010736699,0.011087763,0.9999381,0.06056266
0.9999969,-0.0015392244,-0.001972553,6.637774,0.0015188284,0.9999459,-0.010299985,-0.0015764412,0.0019883006,0.010296958,0.99994516,0.07167411
0.99999344,-0.0021979413,-0.002888118,7.56668,0.002168025,0.99994445,-0.010321101,0.0060250675,0.0029106427,0.010314771,0.9999427,0.08459478
0.9999955,-0.0027257702,-0.0013013813,8.493498,0.0027124158,0.99994487,-0.010155468,0.013589333,0.0013289909,0.010151891,0.9999478,0.093173176
0.99999195,-0.0037612333,0.001474693,9.411597,0.0037760339,0.9999413,-0.010165358,0.018317724,-0.0014363722,0.0101708425,0.9999474,0.10254991
0.999986,-0.0045037405,0.0028243938,10.330223,0.004534203,0.9999307,-0.010873397,0.027752567,-0.0027752267,0.010886049,0.9999371,0.1124558
0.9999809,-0.0048923655,0.0038085321,11.256198,0.0049397605,0.99990934,-0.012535983,0.032858316,-0.003746856,0.012554554,0.99991447,0.12411807
0.999976,-0.0058433097,0.0037618398,12.155885,0.005891336,0.99989974,-0.01288459,0.04168731,-0.0036861736,0.01290644,0.99991024,0.13108772
0.9999762,-0.0064490745,0.0024826138,13.06365,0.0064818226,0.99988914,-0.013416846,0.049087193,-0.0023958117,0.013432617,0.9999072,0.13864881
0.9999705,-0.007682561,0.00046268702,13.97253,0.0076882318,0.9998748,-0.013844882,0.06207424,-0.00035626383,0.013848028,0.99990433,0.14781293
0.99995726,-0.009225385,-0.0007345265,14.868159,0.009213669,0.9998509,-0.014613934,0.07188481,0.0008692372,0.014606539,0.9998932,0.15729092
0.99993896,-0.010964971,-0.001460925,15.766773,0.010942553,0.9998343,-0.014559674,0.08962929,0.0016203304,0.014542797,0.9998932,0.16905083
0.9999247,-0.012061436,-0.002346222,16.66734,0.012028439,0.99983525,-0.013604476,0.1011104,0.0025099262,0.013575227,0.99990493,0.18326707
0.99990135,-0.013845345,-0.0024567235,17.555779,0.013813025,0.9998238,-0.012719189,0.122546196,0.0026323937,0.012683995,0.9999163,0.19323745
0.9998807,-0.015366766,-0.001754319,18.446815,0.015342172,0.9997945,-0.013264863,0.14018042,0.0019577981,0.01323636,0.9999108,0.20610671
0.9998631,-0.01654942,-0.00070192304,19.338766,0.01653885,0.9997781,-0.013059814,0.1535353,0.00091790134,0.013046412,0.9999148,0.21676262
0.9998375,-0.018041018,-4.124583e-05,20.21441,0.018039105,0.9997597,-0.012465776,0.17374249,0.00026613296,0.012463001,0.99992263,0.2281338
0.9998116,-0.019424437,-0.00011999519,21.084553,0.019421149,0.99972385,-0.0132367695,0.18916836,0.00037708055,0.013231939,0.99991274,0.2427182
0.9997859,-0.020697314,-0.00042814523,21.964579,0.020689808,0.9996978,-0.013280943,0.2125331,0.0007028974,0.013269235,0.9999121,0.25373882
0.99976486,-0.021696601,-0.00015808427,22.823425,0.021692468,0.9996728,-0.013560873,0.23407474,0.00045225906,0.013554248,0.9999084,0.26623634
0.9997381,-0.022845931,0.0015336663,23.675995,0.022864446,0.999649,-0.0133897215,0.25969076,-0.0012272258,0.013421273,0.9999096,0.2724089
0.99970454,-0.023933457,0.004323798,24.520224,0.023992551,0.99961174,-0.014173834,0.28034893,-0.003982889,0.014273375,0.9998906,0.28351215
0.999682,-0.0245345,0.005885352,25.352787,0.024615942,0.99959636,-0.014188331,0.30084604,-0.005534871,0.014328683,0.9998825,0.29167727
0.9996758,-0.024984457,0.0049684956,26.18355,0.025049457,0.9995954,-0.013480175,0.3270805,-0.0046296883,0.013600254,0.99989736,0.30106595
0.9996615,-0.025888592,0.0026942156,26.994326,0.025920304,0.9995861,-0.012486645,0.35654414,-0.0023698364,0.012552244,0.99991906,0.3120255
0.9996429,-0.02671681,0.0008545021,27.800362,0.02672496,0.9995751,-0.011642966,0.38362426,-0.000543073,0.011661637,0.99993247,0.32044023
0.99962556,-0.0273689,0.000386794,28.597256,0.02737148,0.9995681,-0.010705907,0.4114258,-9.361488e-05,0.010712477,0.99994326,0.32820508
0.99958646,-0.028764052,-5.4901124e-05,29.382093,0.028761722,0.9995262,-0.01097261,0.4385201,0.00037049508,0.010966484,0.99994045,0.34264195
0.99952763,-0.030728327,-0.00087489584,30.157606,0.030717693,0.99947506,-0.010309697,0.4659597,0.0011912397,0.010277944,0.99994713,0.35357517
0.99947345,-0.032437008,-0.0011214191,30.93204,0.032423984,0.99942285,-0.010151843,0.49255008,0.0014500706,0.010110127,0.99994856,0.3668471
0.99939984,-0.03465073,-0.00012590448,31.686882,0.03464763,0.9993472,-0.010253313,0.5217027,0.0004811103,0.010242786,0.99994814,0.37319112
0.99932355,-0.036730573,0.0020428384,32.439606,0.036749884,0.99927074,-0.010391256,0.5530151,-0.0016596686,0.010459289,0.9999446,0.38348734
0.99924964,-0.038578764,0.0035631426,33.18545,0.03861171,0.99920756,-0.009692767,0.5852876,-0.0031863807,0.0098230615,0.9999474,0.392389
0.9991665,-0.040632736,0.0040192665,33.907715,0.040666506,0.9991351,-0.008709813,0.62219816,-0.0036618838,0.008865992,0.99995476,0.40674365
0.9991056,-0.042176493,0.0031734898,34.623837,0.042195447,0.9990906,-0.0061617326,0.6631274,-0.002910721,0.0062901163,0.9999768,0.41409546
0.9990277,-0.044035077,0.0023224773,35.32468,0.044045083,0.99901986,-0.004445042,0.6963082,-0.0021244609,0.0045430018,0.99998826,0.42076105
0.99895835,-0.045522425,0.0032892283,36.023808,0.04553492,0.99895567,-0.003825855,0.73392993,-0.003111629,0.0039716326,0.99998814,0.42467013
0.99890196,-0.046599858,0.0049139666,36.72566,0.046615157,0.9989085,-0.0030439994,0.77088445,-0.004766751,0.0032697103,0.99998415,0.43284577
0.9988872,-0.046856374,0.005456388,37.393826,0.04685743,0.99890184,-6.468315e-05,0.812179,-0.0054473635,0.00032027112,0.999986,0.43536216
0.9989496,-0.045689248,0.003605079,38.055378,0.045677662,0.9989512,0.0032361925,0.847289,-0.0037491552,-0.0030681347,0.99998915,0.45008546
0.99904156,-0.043778475,0.0005047532,38.716614,0.043775428,0.9990291,0.004997749,0.8805358,-0.00072305405,-0.0049708765,0.9999883,0.45541787
0.99911976,-0.041937858,-0.0013713054,39.3531,0.04194487,0.9991048,0.0055473885,0.91500545,0.0011374357,-0.0056000385,0.99998456,0.46356422
0.9992474,-0.038794618,-0.00081114843,39.993156,0.03879907,0.9992265,0.006451182,0.93970793,0.00056025316,-0.0064778123,0.99997973,0.46940288
0.99937314,-0.03537533,0.0016788008,40.639744,0.035354897,0.9993151,0.010954819,0.9733657,-0.002065178,-0.010888613,0.99993944,0.47800106
0.99948406,-0.03173479,0.0050459756,41.249115,0.031652838,0.9993779,0.015570782,1.0027813,-0.0055369693,-0.0154030435,0.99986696,0.48033756
0.99960804,-0.02729541,0.006288225,41.842545,0.027163438,0.99942714,0.020198593,1.0295252,-0.0068359496,-0.020019881,0.99977714,0.49090627
0.9997401,-0.021786712,0.006764455,42.436783,0.021616887,0.9994726,0.024241535,1.0545157,-0.0072890287,-0.024089025,0.9996842,0.49574837
0.99983275,-0.01612717,0.008664134,42.999454,0.015882025,0.9994915,0.027657432,1.0753497,-0.0091057625,-0.027515221,0.9995809,0.49851707
0.9999041,-0.009531705,0.010085053,43.550854,0.009198494,0.9994268,0.03258844,1.0890031,-0.010389894,-0.03249257,0.999419,0.4983676
0.99994445,-0.0023156106,0.010325407,44.085243,0.0019408297,0.9993443,0.036162972,1.0997077,-0.010402374,-0.036140945,0.9992936,0.50719565
0.99993265,0.004829554,0.010597577,44.590927,-0.0052405503,0.99922156,0.03910604,1.1048666,-0.010400461,-0.039158966,0.99917996,0.51226825
0.99987024,0.012270791,0.010480573,45.083626,-0.012714506,0.998978,0.043378383,1.1062545,-0.009937573,-0.043506034,0.99900484,0.5150444
0.99976176,0.02009812,0.008564986,45.556526,-0.020486131,0.99864113,0.04792408,1.1024407,-0.0075901602,-0.048088152,0.99881536,0.51510817
0.9995865,0.028104309,0.006146696,45.99397,-0.028375324,0.9983626,0.049673032,1.0963593,-0.004740601,-0.049826935,0.99874765,0.52849
0.9993263,0.036200125,0.006106295,46.423172,-0.03646285,0.99805725,0.05052349,1.0831956,-0.0042654714,-0.050712135,0.9987052,0.5227107
0.999007,0.04388139,0.0077563585,46.82086,-0.04421213,0.99779826,0.049441013,1.0636574,-0.005569737,-0.049734876,0.99874794,0.53272974
0.99860764,0.051971115,0.009088418,47.193676,-0.052367788,0.99733055,0.05089155,1.0424651,-0.006419263,-0.05129666,0.9986639,0.5356116
0.99809533,0.06087645,0.01002766,47.552002,-0.061328903,0.9966741,0.053665597,1.0274335,-0.006727334,-0.054178394,0.9985097,0.5402081
0.99752694,0.06951813,0.010393561,47.87171,-0.070009,0.9958331,0.058444615,1.0098002,-0.006287287,-0.05902775,0.99823767,0.542522
0.9968497,0.078494504,0.011408882,48.175076,-0.07905522,0.99492645,0.062226504,0.9902242,-0.006466556,-0.06293243,0.99799794,0.54185516
0.9960619,0.087801136,0.012346953,48.46362,-0.08839885,0.9941775,0.061621603,0.9627741,-0.006864613,-0.062470414,0.9980243,0.5482193
0.99507713,0.098447844,0.01141365,48.72586,-0.0989612,0.9932491,0.060525708,0.930397,-0.005377969,-0.061357282,0.9981024,0.5551563
0.9938347,0.110581,0.008074232,48.9897,-0.1108656,0.992074,0.059148204,0.89604485,-0.0014695635,-0.059678715,0.99821764,0.56097126
0.9922617,0.124061175,0.005111786,49.25703,-0.124144025,0.9904604,0.05980822,0.85680634,0.0023568636,-0.059980035,0.99819785,0.56646156
0.9902302,0.13938788,0.0039735115,49.51392,-0.13936724,0.9883318,0.06146141,0.8171124,0.004639836,-0.061414752,0.99810266,0.5651718
0.98779464,0.15571378,0.003943877,49.77663,-0.15565199,0.9858111,0.062843725,0.7713922,0.005897726,-0.0626906,0.9980167,0.5695434
0.9849792,0.17262752,0.0040343665,50.018414,-0.17253436,0.98296887,0.06328128,0.72282976,0.006958444,-0.063026845,0.9979887,0.5734598
0.981681,0.19048904,0.0041165673,50.26773,-0.19037105,0.97972316,0.062464263,0.6666913,0.007865671,-0.062103678,0.9980399,0.5784311
0.97772896,0.20981815,0.004803863,50.523586,-0.20971473,0.97584593,0.061195288,0.60366225,0.008152062,-0.06083986,0.9981155,0.58514345
0.9731978,0.22991565,0.0050375243,50.756203,-0.22978786,0.9713166,0.061171483,0.536811,0.0091712605,-0.06068953,0.99811584,0.5890954
0.9679194,0.25121415,0.0049049966,50.99616,-0.2510187,0.96593887,0.06286527,0.46951863,0.011054729,-0.06207978,0.99801123,0.5911632
0.9617307,0.27395275,0.004956518,51.24448,-0.27369976,0.9596847,0.06398411,0.3894279,0.012771939,-0.06289209,0.9979399,0.59703225
0.95450264,0.29814374,0.0059711672,51.479042,-0.2978907,0.9523929,0.06487822,0.3046977,0.013656146,-0.06370518,0.99787664,0.60519534
0.9460733,0.3238569,0.007913349,51.723602,-0.323637,0.94378674,0.06727414,0.21511558,0.014318687,-0.06620732,0.9977045,0.6105588
0.93628746,0.3510966,0.00987305,51.978554,-0.35091102,0.93384486,0.06924809,0.11113299,0.01509288,-0.06830069,0.997552,0.61963725
0.9250946,0.37957534,0.011086888,52.202988,-0.37939093,0.9226099,0.06966667,0.0029850379,0.016214883,-0.06865453,0.99751,0.6247862
0.912277,0.4094281,0.010947303,52.436485,-0.40919065,0.9099393,0.067628324,-0.11936957,0.01772756,-0.0661753,0.9976518,0.6373901
0.89704937,0.44182852,0.009512662,52.68062,-0.4414771,0.89494497,0.06458765,-0.2642842,0.020023359,-0.062137924,0.997868,0.6477137
0.8796399,0.47558284,0.0074250647,52.899784,-0.47505507,0.8776749,0.06332154,-0.40556246,0.023597846,-0.059227455,0.9979668,0.65817535
0.8600043,0.5102562,0.005639945,53.145798,-0.50950944,0.8580308,0.06467902,-0.57094604,0.028163621,-0.058497835,0.9978914,0.6654825
0.83817524,0.54538035,0.004805387,53.35934,-0.5444524,0.8361647,0.06633521,-0.7331318,0.032159824,-0.058216836,0.99778706,0.6733995
0.8136849,0.5812792,0.005648542,53.595676,-0.5802318,0.8115514,0.06867026,-0.9207197,0.035332512,-0.05915342,0.9976247,0.6843392
0.7865281,0.617497,0.008450684,53.852997,-0.6163946,0.7841383,0.072006926,-1.1387025,0.037837554,-0.06184443,0.9973696,0.6987984
0.75689566,0.65342236,0.012192094,54.077744,-0.652292,0.7541727,0.07575555,-1.3473516,0.040305417,-0.06529186,0.99705315,0.70487463
0.72387874,0.68977344,0.014583064,54.314144,-0.68862885,0.72105813,0.076587416,-1.593112,0.042312715,-0.065482326,0.9969575,0.7211498
0.68738383,0.726122,0.015834546,54.56366,-0.72503895,0.68475074,0.073723115,-1.8871102,0.042689234,-0.062156748,0.9971543,0.74246854
0.6482835,0.7612064,0.017138712,54.781178,-0.7601594,0.64577955,0.07160027,-2.1687028,0.043434724,-0.059445433,0.99728745,0.76380867
0.6060199,0.7952316,0.018625403,55.01426,-0.7941781,0.60356176,0.07067092,-2.5110114,0.044958133,-0.057619885,0.9973271,0.77684283
0.5599957,0.82828283,0.0187779,55.217148,-0.82714933,0.5576504,0.06964184,-2.8424485,0.047211606,-0.054531273,0.99739665,0.8016124
0.5119257,0.8588089,0.019485148,55.416138,-0.85766953,0.50970733,0.06783367,-3.2215285,0.0483244,-0.051437624,0.9975077,0.823604
0.46327063,0.88594127,0.022104463,55.607834,-0.88493747,0.46111786,0.06523794,-3.6344733,0.047604177,-0.0497839,0.99762625,0.8472365
0.41361693,0.91006494,0.026516095,55.775803,-0.9093037,0.4114586,0.062196735,-4.0328774,0.045692742,-0.049836826,0.99771297,0.87244046
0.363626,0.93097395,0.03261601,55.940735,-0.93045026,0.36127874,0.061154738,-4.4723854,0.04514994,-0.052585058,0.9975966,0.8844792
0.31421658,0.9487454,0.033912607,56.081757,-0.9481628,0.31183577,0.061201513,-4.9423785,0.047489442,-0.051385235,0.99755055,0.89245325
0.2665659,0.96342903,0.027337898,56.180485,-0.96262956,0.26472288,0.057148434,-5.4094954,0.047821436,-0.04155012,0.9979928,0.93662214
0.22143474,0.9750171,0.01756823,56.263268,-0.97408783,0.22030121,0.05118783,-5.9024878,0.046038646,-0.028447779,0.998536,0.95851684
0.17873333,0.98383915,0.010730874,56.33079,-0.9828213,0.17801702,0.04870511,-6.431722,0.046007656,-0.019251766,0.998757,1.0014867
0.14015093,0.99009115,0.008802192,56.39141,-0.98892224,0.13953525,0.050622985,-6.942417,0.048893094,-0.015799548,0.99868053,1.0009869
0.106611416,0.99429655,0.0029704692,56.437653,-0.99304867,0.10632664,0.050487306,-7.4731503,0.049883448,-0.008332344,0.99872184,1.041989
0.076935895,0.9970305,-0.0033669006,56.459053,-0.9958306,0.07700828,0.048899513,-8.029731,0.04901352,-0.00040925853,0.9987996,1.0756801
0.05161923,0.99863535,-0.007954451,56.475513,-0.99754524,0.05193685,0.046968985,-8.586585,0.047317952,0.005510433,0.99886626,1.0977545
0.031281423,0.99943125,-0.0126045635,56.48818,-0.9984422,0.03182828,0.045828503,-9.1566,0.04620355,0.011151362,0.9988714,1.1252366
0.014849966,0.9997949,-0.013777541,56.484238,-0.99878347,0.01547998,0.04682029,-9.739976,0.047023896,0.013065514,0.99880993,1.1551217
0.0016397275,0.99989617,-0.014323691,56.48715,-0.99889314,0.002310956,0.046982776,-10.325729,0.04701093,0.01423081,0.9987947,1.179589
-0.01038154,0.99984604,-0.014155496,56.4841,-0.9988078,-0.009693522,0.04784692,-10.939231,0.047702264,0.014635354,0.99875605,1.1971216
-0.019759178,0.99964225,-0.01803354,56.462856,-0.9985424,-0.018825032,0.050585873,-11.553033,0.050228223,0.019006804,0.9985586,1.2394543
-0.026875153,0.99940354,-0.02169274,56.44325,-0.9983102,-0.02571475,0.05211364,-12.180841,0.051524665,0.023056664,0.9984072,1.280755
-0.03146661,0.9992659,-0.021860672,56.422054,-0.99819595,-0.030299045,0.05183753,-12.81377,0.05113705,0.023452403,0.9984179,1.3068774
-0.035094187,0.99919105,-0.019645486,56.40607,-0.9982109,-0.034094118,0.049121834,-13.479654,0.04841223,0.02133424,0.99860126,1.342002
-0.03719729,0.99914634,-0.017979918,56.38544,-0.99842834,-0.03640386,0.04261479,-14.149854,0.04192379,0.019536821,0.9989315,1.3653791
-0.038352918,0.99908996,-0.01867275,56.357758,-0.9986157,-0.03764825,0.036738086,-14.824566,0.036001567,0.020055924,0.99915224,1.3982613
-0.038912155,0.9990049,-0.021804333,56.326897,-0.9986791,-0.03814824,0.034426335,-15.519693,0.033560187,0.023115149,0.9991712,1.4230099
-0.039161343,0.9989025,-0.025702197,56.29733,-0.99861073,-0.038216434,0.03628518,-16.211596,0.03526302,0.027087484,0.99901277,1.4622486
-0.038379263,0.99892175,-0.026129948,56.273647,-0.99835503,-0.037216615,0.043620627,-16.906233,0.04260104,0.027761107,0.9987083,1.4899052
-0.03661412,0.99900824,-0.025344871,56.251846,-0.99806,-0.03527788,0.051306482,-17.605837,0.050361406,0.02717426,0.9983632,1.5324186
-0.03481603,0.99905205,-0.02613999,56.2286,-0.9980451,-0.033398766,0.052831978,-18.328136,0.051908772,0.027928306,0.9982631,1.558706
-0.03249644,0.9991192,-0.026554517,56.209892,-0.9983353,-0.031181363,0.048526984,-19.071596,0.047656156,0.028087288,0.99847066,1.5957277
-0.02946575,0.99920136,-0.026997475,56.19207,-0.9987081,-0.028311104,0.042202312,-19.803606,0.041404188,0.028206142,0.99874616,1.629086
-0.026881278,0.99932045,-0.02522733,56.17715,-0.9988462,-0.025846723,0.04048249,-20.55101,0.03980284,0.02628646,0.99886364,1.6603092
-0.02390986,0.9991968,-0.032160964,56.157726,-0.99871063,-0.022432376,0.045546886,-21.281857,0.04478877,0.03320854,0.9984463,1.7109342
-0.020728016,0.99918425,-0.034663413,56.139305,-0.99852085,-0.018946249,0.050968,-22.006365,0.0502696,0.035668638,0.99810046,1.7553879
-0.018491143,0.9994125,-0.028865708,56.13215,-0.99850345,-0.016972743,0.05199462,-22.746374,0.051474065,0.029783975,0.998232,1.7862097
-0.014392881,0.99961746,-0.023628185,56.138817,-0.99870676,-0.013219364,0.04909908,-23.486004,0.04876787,0.024304323,0.99851626,1.8198432
-0.010084828,0.9995446,-0.028447574,56.12775,-0.99894744,-0.0087975245,0.045025133,-24.230291,0.04475428,0.028871726,0.9985826,1.8632345
-0.0069607864,0.99940586,-0.033763636,56.11458,-0.99892765,-0.0054039247,0.045989376,-24.965853,0.04577952,0.034047585,0.99837303,1.9098068
-0.0039530974,0.9994226,-0.033754338,56.117805,-0.99873734,-0.0022553294,0.050193243,-25.702213,0.050088067,0.03391017,0.9981708,1.9605217
-0.00037818472,0.9995538,-0.029876877,56.12724,-0.9986637,0.0011665095,0.05167304,-26.440771,0.051684767,0.029856525,0.9982189,1.9880934
0.0030889837,0.99958956,-0.028491996,56.13446,-0.99869865,0.004534221,0.05080574,-27.185581,0.05091401,0.028298007,0.9983039,2.036948
0.007042708,0.9994343,-0.032895703,56.141365,-0.9987801,0.008638468,0.048627213,-27.935827,0.048883807,0.032513134,0.998277,2.077444
0.010239258,0.99923015,-0.037880346,56.144253,-0.9987542,0.0120701,0.04842795,-28.670837,0.048847824,0.037337318,0.99811,2.124005
0.013432182,0.9990674,-0.04104403,56.151024,-0.9986487,0.015465061,0.049624015,-29.41572,0.05021242,0.04032204,0.9979261,2.1700578
0.016452774,0.99899197,-0.041775774,56.162254,-0.998605,0.018514544,0.04945978,-30.160917,0.050183315,0.04090378,0.99790394,2.210627
0.01973082,0.9988844,-0.042914275,56.180763,-0.9985825,0.021811085,0.04856345,-30.903625,0.049445212,0.041895278,0.9978997,2.2471242
0.023229782,0.99866986,-0.04604078,56.19204,-0.9985597,0.025406161,0.047266964,-31.651247,0.048373744,0.0448765,0.99782264,2.2952378
0.026436385,0.9986616,-0.044463705,56.217422,-0.9984483,0.028559484,0.047815565,-32.397488,0.04902136,0.043130677,0.99786806,2.3335843
0.029397652,0.9987187,-0.041203145,56.25161,-0.99829966,0.03141142,0.049114447,-33.143696,0.050345697,0.039689273,0.99794495,2.375268
0.03184668,0.9985626,-0.043122765,56.275208,-0.9981977,0.033971783,0.049482714,-33.894356,0.050876472,0.041469216,0.9978457,2.4221444
0.03486218,0.9985393,-0.041288584,56.309486,-0.9981113,0.03687908,0.049143013,-34.644905,0.05059384,0.039497398,0.99794006,2.462136
0.036729798,0.99853635,-0.03971127,56.337227,-0.9980205,0.038683146,0.04959815,-35.414394,0.051061638,0.03781096,0.9979816,2.5057743
0.040283475,0.9984631,-0.038072154,56.3842,-0.9978682,0.04215936,0.04983016,-36.150234,0.051358607,0.035983685,0.99803394,2.5457764
0.04350712,0.99841976,-0.03557985,56.418247,-0.99763983,0.045311898,0.051603213,-36.91802,0.05313379,0.03325079,0.9980358,2.5903509
0.04628267,0.9982949,-0.03558072,56.456276,-0.9973136,0.0482032,0.055166088,-37.686054,0.05678707,0.032931924,0.99784523,2.6411605
0.04971683,0.9981332,-0.035484213,56.50217,-0.9970159,0.051699422,0.057338707,-38.44604,0.05906612,0.032527648,0.99772626,2.6881561
0.05298769,0.99813676,-0.03026829,56.556206,-0.99672383,0.05471894,0.059569456,-39.215836,0.06111465,0.027012696,0.99776745,2.7381833
0.055739533,0.99811774,-0.025591213,56.606266,-0.9966005,0.05717569,0.059324782,-39.98889,0.06067625,0.022197494,0.99791294,2.7769861
0.059124373,0.9978509,-0.028261755,56.66044,-0.99638873,0.060718846,0.059361733,-40.767155,0.06095011,0.024649985,0.9978388,2.8379498
0.06288056,0.9976057,-0.02880592,56.70919,-0.9960766,0.0645328,0.06056387,-41.549404,0.06227772,0.024884632,0.997751,2.8952296
0.06678026,0.9974631,-0.024670616,56.770897,-0.9957633,0.06819223,0.061695598,-42.33557,0.06322136,0.020446058,0.9977925,2.94443
0.07104568,0.9972003,-0.023343088,56.834988,-0.99553716,0.0723457,0.06060457,-43.12501,0.062123604,0.018933233,0.99789125,2.9866123
0.075667545,0.9968071,-0.025512556,56.89595,-0.9952621,0.07706754,0.059288483,-43.916702,0.061065305,0.020905482,0.99791723,3.0572188
0.080458716,0.996524,-0.021617316,56.967926,-0.99462426,0.0816859,0.06364954,-44.716793,0.06519406,0.016379956,0.99774057,3.099465
0.08664632,0.99602824,-0.02052218,57.051147,-0.99353427,0.08790966,0.071852855,-45.50965,0.073371515,0.014163714,0.9972065,3.1652346
0.09391122,0.9953727,-0.0203702,57.133003,-0.99246216,0.09521559,0.077162564,-46.309734,0.07874502,0.012970234,0.99681294,3.2237406
0.101254635,0.99472284,-0.016585074,57.22701,-0.9915213,0.102265395,0.0801776,-47.1144,0.08145052,0.008326107,0.9966452,3.2871647
0.10898622,0.99394673,-0.013893319,57.328255,-0.99083394,0.10974582,0.07877255,-47.933754,0.07982041,0.005180852,0.9967984,3.355056
0.11647805,0.99309796,-0.013799499,57.425484,-0.9901282,0.117197976,0.076888755,-48.746983,0.07797528,0.004707424,0.99694675,3.4303608
0.12358204,0.9922374,-0.013911435,57.528614,-0.98949206,0.12427613,0.07390595,-49.55794,0.075061046,0.00463181,0.9971708,3.4977856
0.13176066,0.9912067,-0.012223884,57.649914,-0.9888686,0.1322897,0.068114534,-50.37521,0.0691326,0.0031130014,0.9976052,3.5672302
0.13925217,0.99021035,-0.00965862,57.77089,-0.988303,0.13958308,0.06144127,-51.196983,0.06218788,0.0009898124,0.99806654,3.6204007
0.14631343,0.989193,-0.009512054,57.88841,-0.98750925,0.14661908,0.057702646,-52.005947,0.05847362,0.00095056987,0.99829113,3.686971
0.15356821,0.9880892,-0.009872942,58.018032,-0.98627335,0.15388417,0.059881415,-52.79968,0.060687393,0.00054154027,0.9981593,3.7442548
0.15928303,0.98717165,-0.0110466005,58.15433,-0.98494464,0.15966517,0.066275515,-53.583897,0.06718901,0.00032372828,0.99774283,3.8061368
0.1638795,0.9864168,-0.0112427985,58.288063,-0.9838714,0.16426367,0.07082236,-54.35944,0.0717071,-0.00054486125,0.99742824,3.8619752
0.16928849,0.9855098,-0.010622031,58.431484,-0.9828012,0.16961032,0.07304445,-55.13442,0.073787585,-0.0019262385,0.99727476,3.9301512
0.17449887,0.9846183,-0.008826841,58.574867,-0.9818916,0.17467299,0.073345736,-55.897995,0.073759325,-0.00413175,0.9972701,3.985821
0.17952928,0.9836858,-0.011518436,58.71259,-0.98116297,0.17989327,0.07042076,-56.658527,0.071343936,-0.0013411222,0.9974535,4.0597134
0.18425561,0.98280674,-0.011911664,58.85916,-0.98068416,0.18464,0.064560495,-57.42738,0.06564979,-0.00021404854,0.9978453,4.1100965
0.18803157,0.9821122,-0.010044325,59.00593,-0.98044395,0.18829732,0.057230126,-58.183144,0.05809765,-0.00091316807,0.99831307,4.1741276
0.19116195,0.98154396,-0.0054566227,59.154232,-0.9800595,0.19117397,0.05419816,-58.919525,0.05424096,-0.0050128107,0.9985179,4.220349
0.19456305,0.98088115,-0.004313183,59.30735,-0.97940654,0.19450845,0.054137476,-59.651077,0.053941295,-0.006308794,0.99852675,4.280998
0.19670877,0.9804591,-0.002600753,59.462624,-0.9788902,0.19654262,0.056093764,-60.365417,0.055508714,-0.008488286,0.9984247,4.3278613
0.19869594,0.98006177,0.00018481328,59.61652,-0.97829264,0.19832578,0.06009835,-61.075634,0.05886336,-0.012122107,0.99819505,4.3805113
0.20061924,0.97966975,0.00062400295,59.764946,-0.97761136,0.2001562,0.06492383,-61.76592,0.06347893,-0.0136350095,0.9978927,4.4288435
0.20221896,0.9793405,0.0010090183,59.908226,-0.97691256,0.20164472,0.070589736,-62.439392,0.06892785,-0.015260315,0.99750763,4.481146
0.2040537,0.9789603,-0.0005265103,60.058228,-0.9763835,0.20355535,0.07240293,-63.124306,0.0709867,-0.014260016,0.997378,4.538805
0.20554532,0.978647,0.0016137218,60.207577,-0.9761013,0.20489098,0.07244103,-63.79507,0.070563495,-0.016465077,0.9973741,4.584841
0.20594098,0.97856426,0.0013248071,60.34537,-0.97621477,0.20535214,0.06954863,-64.45464,0.06778569,-0.015616214,0.9975804,4.6436105
0.2066853,0.97840613,0.0020173134,60.490616,-0.97624177,0.20608984,0.06693914,-65.10174,0.06507785,-0.015804727,0.9977578,4.6904097
0.20631637,0.97848386,0.0020837677,60.630642,-0.9763734,0.20573029,0.06612149,-65.75014,0.06427004,-0.015676482,0.9978122,4.7437677
0.20507972,0.978744,0.0020252005,60.762707,-0.976693,0.20451489,0.06516504,-66.385666,0.06336563,-0.01534203,0.9978753,4.7947125
0.20367931,0.97903323,0.003216087,60.90072,-0.9769704,0.20303431,0.06563472,-67.00795,0.06360551,-0.016510459,0.9978414,4.843312
0.20111862,0.9795603,0.0038151885,61.027096,-0.9773161,0.20039064,0.06854824,-67.61809,0.06638252,-0.017514978,0.9976434,4.8857713
0.19918482,0.97996,0.0023318063,61.15391,-0.9774204,0.19849595,0.07246218,-68.223946,0.0705471,-0.016712524,0.9973713,4.943393
0.19688411,0.9804276,0.0001693517,61.27261,-0.9778014,0.19634384,0.073181234,-68.81739,0.07171556,-0.014573815,0.9973215,4.9904895
0.19482821,0.980838,0.0007555236,61.39178,-0.9782955,0.19426739,0.07211176,-69.40867,0.07058308,-0.014788533,0.99739915,5.036138
0.19236173,0.98132217,0.0023366904,61.513264,-0.9789915,0.19173941,0.06938059,-69.992935,0.06763658,-0.015633773,0.9975904,5.0812244
0.190465,0.98169214,0.0023225534,61.62532,-0.9796207,0.18990809,0.065423176,-70.56441,0.06378425,-0.014736051,0.9978578,5.1274276
0.18808785,0.9821528,-0.0007854877,61.72914,-0.9801334,0.18775202,0.06395134,-71.12117,0.062957376,-0.011258589,0.9979556,5.1766424
0.18617056,0.98250794,-0.0045097927,61.837463,-0.9803431,0.18606144,0.0656557,-71.67809,0.065346256,-0.0078020114,0.99783504,5.2181025
0.18366928,0.9829481,-0.008957181,61.935146,-0.9806405,0.18385212,0.06741494,-72.22481,0.067912094,-0.0035982719,0.9976877,5.26368
0.1818123,0.9832939,-0.00889345,62.037045,-0.98083854,0.18198714,0.06955989,-72.768875,0.07001621,-0.003923796,0.99754095,5.297914
0.18025146,0.98358655,-0.008279457,62.142998,-0.98098207,0.18037736,0.07169627,-73.31077,0.07201282,-0.0048013506,0.99739504,5.346144
0.1793533,0.9837395,-0.00952384,62.245914,-0.981201,0.17957473,0.07070812,-73.85997,0.071268514,-0.0033369244,0.99745446,5.382887
0.17932585,0.98367554,-0.015048025,62.338474,-0.9812666,0.17993958,0.06884469,-74.40844,0.070428476,0.002420508,0.9975168,5.4320946
0.18116444,0.98324585,-0.020218242,62.436386,-0.98096883,0.1821288,0.06731481,-74.956856,0.069869235,0.0076384367,0.9975298,5.470428
0.1829143,0.982856,-0.023201136,62.5308,-0.9806683,0.18407422,0.06639612,-75.5147,0.06952845,0.010607844,0.99752647,5.5157437
0.18605076,0.98230606,-0.021488376,62.64235,-0.9800996,0.18708466,0.06637983,-76.066345,0.069225356,0.008710752,0.99756587,5.55943
0.19170168,0.98124635,-0.02019688,62.74978,-0.9789877,0.19263722,0.06690503,-76.621994,0.06954089,0.00694671,0.9975578,5.60145
0.19828644,0.9798993,-0.02194845,62.872242,-0.9777093,0.19932161,0.066013925,-77.18918,0.0690617,0.008369558,0.99758023,5.645128
0.20564628,0.9784018,-0.02101273,62.998394,-0.9762022,0.20659985,0.0659422,-77.74875,0.068859085,0.006951927,0.99760514,5.6879735
0.21422967,0.9765531,-0.021250231,63.13217,-0.9744214,0.21517296,0.064854965,-78.32856,0.06790668,0.006812846,0.99767137,5.7226915
0.22355789,0.97450346,-0.019150995,63.273094,-0.9724067,0.2243351,0.06404337,-78.90678,0.06670661,0.0043051774,0.9977663,5.7710347
0.23287477,0.9723427,-0.01791334,63.415066,-0.9702247,0.23354982,0.06419567,-79.48493,0.066603735,0.002430436,0.99777955,5.813588
0.2429251,0.9699273,-0.015175995,63.584835,-0.9675965,0.24339284,0.067227274,-80.07595,0.06889919,-0.0016469322,0.99762523,5.8578825
0.25222224,0.96758825,-0.012601551,63.74691,-0.9650478,0.25247517,0.0702967,-80.669106,0.07119973,-0.005569273,0.9974495,5.8982067
0.2634315,0.96462286,-0.010419048,63.930714,-0.96193147,0.26348013,0.07258583,-81.27824,0.072763056,-0.009098963,0.99731076,5.940656
0.27385357,0.9617223,-0.009811201,64.11364,-0.9588905,0.2738076,0.07457274,-81.889725,0.07440455,-0.011014126,0.99717027,5.9961867
0.28422138,0.9587275,-0.007854423,64.30889,-0.95582354,0.28398177,0.07588426,-82.51657,0.07498274,-0.014060469,0.99708873,6.0442924
0.29414517,0.9557292,-0.007888788,64.50981,-0.95279175,0.293871,0.07635733,-83.13673,0.07529512,-0.014943747,0.9970523,6.094226
0.30435878,0.9525405,-0.005846625,64.71768,-0.9495807,0.30388623,0.07715096,-83.77122,0.07526603,-0.01792971,0.9970053,6.142848
0.31624556,0.94866323,-0.005368182,64.94975,-0.9460103,0.31577486,0.07316745,-84.46273,0.07110631,-0.018060504,0.9973083,6.1873684
0.3256904,0.9454508,-0.0071073184,65.178314,-0.943268,0.3254334,0.06588915,-85.09628,0.06460781,-0.014755331,0.9978047,6.241842
0.3369695,0.94148153,-0.008126595,65.42123,-0.93955827,0.3368122,0.06156762,-85.78079,0.060701806,-0.013110972,0.9980729,6.2958274
0.34722307,0.93774384,-0.008634401,65.6814,-0.9360107,0.34711754,0.05827605,-86.465546,0.057645053,-0.012152867,0.9982663,6.332253
0.35621023,0.93431956,-0.012781374,65.941086,-0.932677,0.3563492,0.055961736,-87.14878,0.056840662,-0.008013213,0.99835426,6.3874516
0.36450407,0.9310193,-0.018493779,66.2135,-0.9295697,0.36496854,0.0519705,-87.85059,0.055135068,-0.0017521582,0.99848056,6.4224644
0.37202597,0.92787975,-0.025258362,66.48729,-0.9269424,0.37280393,0.04240127,-88.5923,0.04875958,0.007638728,0.99878454,6.4656706
0.3786715,0.92504835,-0.029925995,66.76558,-0.9243952,0.3796107,0.037310656,-89.297066,0.045874275,0.013535023,0.9988587,6.5167146
0.3859164,0.9219136,-0.033850662,67.06956,-0.9213223,0.3870303,0.037091747,-90.01505,0.047296505,0.016873116,0.99874157,6.5465126
0.3927358,0.9188273,-0.03895043,67.37823,-0.91801876,0.3942097,0.04293413,-90.73093,0.05480358,0.018895514,0.99832153,6.5995793
0.39946127,0.91566396,-0.0446349,67.692406,-0.91463786,0.40137178,0.048387688,-91.447075,0.062221948,0.021495828,0.99783397,6.646442
0.40517348,0.91316295,-0.0443849,68.00817,-0.9119977,0.40710157,0.050315715,-92.162346,0.06401551,0.020092394,0.9977498,6.701008
0.40969262,0.9114243,-0.0382105,68.3379,-0.91003406,0.41125116,0.052092295,-92.86522,0.06319219,0.013431088,0.99791425,6.7468977
0.41388258,0.9097091,-0.033656947,68.67227,-0.9080567,0.41517806,0.055347975,-93.556946,0.06432408,0.007654908,0.997903,6.7949953
0.41812286,0.90777254,-0.033534694,68.9922,-0.9058965,0.4194243,0.058635015,-94.24651,0.06729242,0.0058623767,0.9977194,6.86543
0.4218881,0.9060518,-0.032906003,69.31358,-0.90387475,0.42315695,0.0628647,-94.91209,0.070882976,0.003221092,0.9974827,6.918113
0.4256658,0.90435565,-0.03084983,69.64295,-0.9019491,0.42678195,0.06594153,-95.58773,0.072800644,-0.00024402072,0.99734974,6.98205
0.42968807,0.9024866,-0.0298056,69.96621,-0.90014106,0.43071893,0.06504291,-96.25088,0.07153809,-0.0011188642,0.9974406,7.035404
0.4337821,0.9005375,-0.02945426,70.27803,-0.89843744,0.4347807,0.06147545,-96.89764,0.06816698,-0.00020408304,0.99767727,7.10077
0.43732178,0.89885104,-0.028612554,70.60267,-0.89692175,0.4382566,0.05887103,-97.541,0.065455824,-8.230302e-05,0.9978588,7.15433
0.44071725,0.897231,-0.027331943,70.92248,-0.89536715,0.4415626,0.05782191,-98.16568,0.06394827,-0.0010109303,0.99795604,7.212652
0.44439846,0.89546305,-0.02565294,71.233246,-0.8934742,0.44512317,0.059769467,-98.77938,0.06493997,-0.0036411602,0.9978859,7.2646866
0.44697246,0.8941437,-0.0269206,71.546135,-0.89211446,0.44777265,0.06028872,-99.39311,0.065960996,-0.0029310838,0.9978212,7.3219643
0.44903302,0.8930558,-0.028683696,71.84608,-0.8911266,0.44994736,0.058687203,-100.00269,0.065317005,-0.00079163,0.9978676,7.3692966
0.4505193,0.8922462,-0.030516371,72.149765,-0.8903934,0.45154968,0.057497855,-100.59674,0.065081805,0.001267739,0.99788254,7.4224167
0.45234364,0.8913711,-0.029068742,72.44981,-0.8894943,0.4532764,0.057825837,-101.17334,0.064720355,-0.00030061253,0.99790686,7.4702044
0.4542164,0.890367,-0.03059927,72.7443,-0.88854754,0.45524377,0.056919888,-101.7488,0.06460961,0.0013350183,0.99791324,7.519607
0.45711106,0.8888677,-0.031079784,73.04135,-0.8869235,0.4581657,0.058774523,-102.311325,0.06648236,0.000698967,0.99779093,7.5677605
0.45970738,0.88742423,-0.033906184,73.33076,-0.8854718,0.4609465,0.058919515,-102.86834,0.06791544,0.002937298,0.9976903,7.6198864
0.46249112,0.88587433,-0.0364796,73.61547,-0.88398534,0.46389613,0.05808406,-103.41281,0.06837782,0.005384136,0.9976485,7.6698055
0.46532443,0.88429046,-0.038804326,73.89917,-0.8825042,0.46687353,0.05673555,-103.95471,0.06828731,0.00784461,0.99763834,7.716894
0.46877444,0.88238984,-0.040508162,74.1782,-0.88067335,0.47042534,0.05583885,-104.48178,0.06832759,0.009498701,0.99762124,7.7628026
0.47194263,0.8806631,-0.041290384,74.455246,-0.87897104,0.47363764,0.055506,-105.001274,0.06843866,0.010097474,0.99760777,7.811811
0.47512802,0.87891114,-0.04208134,74.73731,-0.8772723,0.4768632,0.054757237,-105.51678,0.06819368,0.010900168,0.9976161,7.85837
0.47838053,0.8770436,-0.044146355,75.015114,-0.8754591,0.48024485,0.054221004,-106.02073,0.068755135,0.012710125,0.99755615,7.903467
0.482266,0.87490535,-0.044298816,75.294556,-0.8732219,0.48415008,0.055550616,-106.52469,0.0700487,0.011892593,0.9974762,7.9464626
0.4867118,0.87226963,-0.04753538,75.579895,-0.8706192,0.4888167,0.055533964,-107.0315,0.07167657,0.014356252,0.99732816,7.9971747
0.49127996,0.86970717,-0.04749455,75.85965,-0.8678114,0.4934153,0.05872248,-107.519356,0.0745058,0.012367204,0.9971474,8.041079
0.49643755,0.8667689,-0.047578797,76.153656,-0.8644046,0.49863014,0.06462385,-108.00267,0.07973806,0.009045696,0.9967783,8.091712
0.5022181,0.86349773,-0.04637913,76.45105,-0.86051345,0.5043404,0.07184075,-108.48663,0.085425094,0.0038301996,0.99634075,8.137758
0.5085777,0.8598472,-0.044877082,76.754944,-0.8562577,0.51055145,0.07850956,-108.971016,0.09041819,-0.0015018096,0.9959063,8.183019
0.5148838,0.8561174,-0.04427105,77.0556,-0.852099,0.51675904,0.083012834,-109.45233,0.09394611,-0.0050185956,0.9955682,8.235732
0.5209308,0.8526275,-0.040738735,77.371956,-0.84856325,0.5224436,0.08364752,-109.9442,0.09260379,-0.0090051275,0.9956659,8.289732
0.5270224,0.84919035,-0.033547092,77.69033,-0.8452761,0.52786654,0.08288007,-110.4391,0.088089265,-0.015323052,0.9959984,8.341946
0.5334315,0.8454529,-0.025742477,78.02671,-0.8418743,0.53362656,0.08058763,-110.935196,0.081869826,-0.021316003,0.9964188,8.396143
0.540224,0.841337,-0.017677672,78.36855,-0.83809227,0.5397975,0.07889296,-111.45352,0.07591783,-0.027804313,0.9967301,8.454075
0.5465947,0.8372903,-0.01347758,78.715546,-0.83431166,0.5458894,0.0770258,-111.956345,0.07185012,-0.030857356,0.9969418,8.505483
0.5528556,0.83320785,-0.0108503215,79.071915,-0.83008265,0.55182743,0.08033348,-112.46556,0.072921894,-0.03540612,0.9967128,8.551469
0.55947626,0.8287949,-0.009368004,79.44117,-0.82542574,0.55815625,0.08448755,-112.989334,0.075251564,-0.039536156,0.9963843,8.597356
0.56564605,0.82459956,-0.009084974,79.81889,-0.82097745,0.5641311,0.088069946,-113.51858,0.07774745,-0.04235783,0.9960767,8.650348
0.5720517,0.8201756,-0.008445861,80.200676,-0.8163966,0.5703481,0.09057536,-114.050095,0.07910467,-0.044918586,0.99585766,8.694473
0.5788312,0.8154236,-0.0064216945,80.61087,-0.81166476,0.5768845,0.09169986,-114.594635,0.078478694,-0.047866445,0.9957699,8.749465
0.58564913,0.81056297,-0.0022779047,81.026726,-0.8068927,0.58325934,0.09347108,-115.143845,0.07709269,-0.052903198,0.99562335,8.799066
0.5922016,0.80579114,-0.00058173016,81.45467,-0.80233043,0.58972406,0.09217164,-115.70367,0.07461403,-0.05411741,0.9957469,8.852172
0.60018104,0.7998656,0.00024204425,81.89687,-0.79661626,0.59771484,0.090242594,-116.278725,0.07203715,-0.054354668,0.99592376,8.908323
0.6076468,0.7942087,0.00036823202,82.34431,-0.79098266,0.605136,0.09033885,-116.85554,0.07152495,-0.055185337,0.995915,8.969596
0.6152447,0.788334,0.002401722,82.808044,-0.78510565,0.6124431,0.09234126,-117.42343,0.07132471,-0.05869803,0.99572843,9.01686
0.62322545,0.7820384,0.0028847712,83.2952,-0.77876824,0.6202729,0.09373354,-118.01327,0.071513765,-0.060663648,0.99559706,9.07113
0.63017845,0.7764449,0.0032686065,83.78982,-0.77318037,0.62713075,0.09435862,-118.60321,0.07121432,-0.061989937,0.99553686,9.12065
0.6352138,0.7723301,0.0034670248,84.282074,-0.7691631,0.63218874,0.09343441,-119.18665,0.06997027,-0.062017474,0.9956234,9.176299
0.63920414,0.7690344,0.0025420007,84.79248,-0.76590693,0.63629884,0.09227477,-119.80204,0.069344886,-0.0609293,0.9957343,9.2312
0.64230204,0.7664529,0.0003789279,85.309975,-0.7633439,0.63965106,0.090315714,-120.41274,0.068980254,-0.05829917,0.995917,9.28533
0.6457622,0.7635301,-0.0038901777,85.83649,-0.7604454,0.6435941,0.08668156,-121.03528,0.068687566,-0.053017348,0.9962324,9.34378
0.64890116,0.76081914,-0.009143906,86.37005,-0.7579181,0.64739114,0.08030655,-121.67149,0.067018345,-0.04518062,0.9967322,9.401575
0.6523031,0.75785255,-0.012736669,86.912636,-0.7551951,0.6512655,0.07441737,-122.306984,0.064692244,-0.038923938,0.9971497,9.458905
0.65535146,0.7551807,-0.014786345,87.45685,-0.75277287,0.6546191,0.069362335,-122.94204,0.062060416,-0.03432587,0.9974858,9.521498
0.65866065,0.75228053,-0.015565205,88.026,-0.749974,0.6580336,0.06734321,-123.57999,0.060903307,-0.032682743,0.9976123,9.569015
0.6615845,0.749718,-0.01519798,88.58992,-0.74731356,0.66086406,0.06917673,-124.21462,0.06190674,-0.034408513,0.9974925,9.635263
0.6654685,0.7463128,-0.013081275,89.19313,-0.7437256,0.664447,0.07339481,-124.86472,0.063467205,-0.039112974,0.99722105,9.688419
0.6684997,0.743662,-0.008787748,89.79331,-0.7410376,0.6670483,0.07690415,-125.49787,0.063052446,-0.04489827,0.9970037,9.7424965
0.6715695,0.7409236,-0.005374516,90.390335,-0.73858726,0.6699938,0.074843206,-126.14811,0.05905389,-0.046292797,0.99718475,9.802244
0.6752675,0.7375744,0.0003298683,91.001915,-0.7356851,0.67350477,0.07185435,-126.798065,0.052775655,-0.04876352,0.997419,9.847564
0.6787729,0.7343394,0.0039180014,91.61083,-0.7329328,0.67712104,0.06573454,-127.44921,0.045618396,-0.04749039,0.9978333,9.90315
0.6830055,0.7304056,0.0036673408,92.23171,-0.729194,0.6815639,0.061247192,-128.10431,0.04223566,-0.0445063,0.9981197,9.943313
0.6875682,0.72612095,-0.0007294726,92.84646,-0.7248404,0.6864136,0.05871143,-128.75685,0.04313222,-0.039839286,0.9982785,9.9962635
0.6921452,0.72165734,-0.012160304,93.47218,-0.7201138,0.6916054,0.0558777,-129.41835,0.048734587,-0.029918604,0.9983673,10.04318
0.6966636,0.71708,-0.021408357,94.09141,-0.7151439,0.69652814,0.05849855,-130.0678,0.05685957,-0.025443677,0.99806166,10.091072
0.7021774,0.7115104,-0.026495028,94.72473,-0.70941263,0.7023091,0.059160452,-130.7166,0.06070089,-0.022745142,0.99790055,10.153658
0.7078948,0.70576787,-0.027907189,95.376854,-0.70390743,0.7081889,0.05465567,-131.36967,0.05833769,-0.019046303,0.998119,10.193303
0.7139342,0.6996068,-0.029163377,96.03992,-0.69806594,0.7143861,0.048588123,-132.01532,0.0548264,-0.01433067,0.9983969,10.265756
0.7188641,0.6943172,-0.034059353,96.699745,-0.69291496,0.7196178,0.044983394,-132.65984,0.05574237,-0.008736618,0.9984108,10.311217
0.7232677,0.68952763,-0.037914503,97.37035,-0.68789274,0.72420716,0.048290927,-133.29718,0.060755786,-0.008846064,0.9981173,10.383629
0.7267404,0.68576217,-0.03975641,98.05196,-0.6839983,0.7277699,0.050017253,-133.92697,0.06323336,-0.00915615,0.9979606,10.432129
0.73007387,0.68216914,-0.040490624,98.73265,-0.6805635,0.7311629,0.04731359,-134.56184,0.061881006,-0.0069858786,0.998063,10.498206
