'03':
  ARE: 0.0011376278556965453
  ATE: 0.015392708690221244
  STD_ARE: 0.0008285118459979754
  STD_ATE: 0.00937692045719428
  nsecs_per_frame: 0.4382358633177111
  rot_err: 3.9622340017872806e-05
  tr_err: 0.00694002153675486
AVG:
  ARE: 0.0011376278556965453
  ATE: 0.015392708690221244
  STD_ARE: 0.0008285118459979754
  STD_ATE: 0.00937692045719428
  nsecs_per_frame: 0.4382358633177111
  rot_err: 3.9622340017872806e-05
  tr_err: 0.00694002153675486
