0,1,2,3,4,5,6,7,8,9,10,11
1.0,0.0,0.0,0.0,0.0,1.0,0.0,0.0,0.0,0.0,1.0,0.0
0.9999938,-0.003231869,-0.0014000732,0.6815289,0.0032275144,0.99999005,-0.003101407,0.00035496196,0.0014100824,0.003096869,0.9999942,0.0070777093
0.9999714,-0.007059877,-0.0027089359,1.3781092,0.007054447,0.9999732,-0.0020088553,0.01388876,0.0027230454,0.0019896878,0.99999434,0.008193039
0.999932,-0.010932416,-0.0040617543,2.09438,0.010925663,0.99993896,-0.0016813015,0.027888138,0.0040798867,0.0016368098,0.99999034,0.009711924
0.9998633,-0.015784346,-0.0049254517,2.825942,0.01578369,0.9998755,-0.0001720438,0.04698034,0.0049275532,9.42786e-05,0.9999879,0.010531585
0.99978364,-0.020191351,-0.0050030425,3.5736856,0.020186119,0.9997957,-0.0010945757,0.061767664,0.0050241197,0.000993347,0.99998695,0.01889206
0.9996752,-0.024785312,-0.005923971,4.332838,0.024785582,0.9996928,-2.7961214e-05,0.087132834,0.005922843,-0.00011887681,0.9999825,0.027179532
0.99953955,-0.029607994,-0.006625705,5.1102076,0.029626211,0.99955744,0.0026683896,0.11936825,0.006543766,-0.0028634556,0.99997455,0.03453266
0.99940526,-0.03396489,-0.005953616,5.901361,0.03399078,0.99941283,0.0043026097,0.1525108,0.005803982,-0.004502419,0.99997306,0.03853734
0.9992547,-0.038460914,-0.003259605,6.7051454,0.038476616,0.99924743,0.0049006725,0.18739502,0.003068667,-0.005022439,0.9999827,0.047205523
0.9991147,-0.042057198,-0.0008828434,7.5107093,0.042060055,0.9991088,0.0035214275,0.21894687,0.00073395367,-0.0035554422,0.9999935,0.05497352
0.9990081,-0.04451817,-0.0008657784,8.328774,0.04452128,0.9990004,0.0039917673,0.2629656,0.00068720523,-0.0040263534,0.9999917,0.06120816
0.99890816,-0.046692785,-0.0014360736,9.155913,0.046697766,0.99890226,0.0036611538,0.3051939,0.0012635462,-0.0037242174,0.9999923,0.06127781
0.99880475,-0.048851904,-0.001582158,9.989665,0.048855007,0.9988038,0.0019904273,0.34408987,0.0014830279,-0.0020653435,0.99999684,0.071701586
0.9987133,-0.050700672,-0.0010472742,10.834049,0.05070236,0.9987123,0.0016632922,0.39104888,0.000961594,-0.0017142502,0.99999815,0.07508234
0.9986396,-0.052134834,-0.0009984132,11.693667,0.052134097,0.9986397,-0.00073748606,0.43646806,0.0010355022,0.0006844329,0.99999934,0.08497186
0.9985338,-0.05404046,-0.003142039,12.557958,0.054044526,0.99853766,0.0012280177,0.49137187,0.0030710804,-0.001396026,0.99999446,0.09094749
0.9984522,-0.05529662,-0.0059562335,13.433962,0.055312954,0.99846554,0.0026159454,0.5452435,0.00580244,-0.0029413523,0.99997896,0.09931581
0.9983599,-0.056718808,-0.007763,14.306301,0.056766357,0.998369,0.006049874,0.60040396,0.007407197,-0.0064806286,0.99995166,0.105923645
0.99826527,-0.05836958,-0.0076976037,15.199667,0.05841893,0.99827176,0.006351388,0.6582093,0.007313572,-0.006790056,0.9999503,0.11502309
0.9981982,-0.059674606,-0.0062568947,16.102814,0.05971362,0.9981958,0.006248317,0.7141126,0.0058727385,-0.0066106813,0.999961,0.12873389
0.9981446,-0.060687147,-0.004916918,17.007349,0.060716443,0.9981365,0.006048389,0.77561927,0.0045406935,-0.006335705,0.9999697,0.13915078
0.9980623,-0.062065702,-0.0043922826,17.917698,0.062091317,0.9980525,0.0059597897,0.8358505,0.0040138275,-0.0062209642,0.9999727,0.15278377
0.99799275,-0.06310452,-0.0053017596,18.821642,0.06313443,0.9979887,0.0056798905,0.8980667,0.004932667,-0.006003213,0.99996996,0.15783285
0.99789995,-0.06452028,-0.0057076504,19.74476,0.064549446,0.9979013,0.005086223,0.9580727,0.005367506,-0.0054439674,0.99997085,0.17304696
0.9978761,-0.06500157,-0.004226065,20.664589,0.06502284,0.99787045,0.0051113265,1.01961,0.0038848182,-0.005375261,0.99997807,0.18387063
0.9979148,-0.06453466,-0.0010619232,21.590612,0.06453961,0.9978991,0.005609049,1.0883049,0.00069770974,-0.0056658885,0.9999838,0.18913989
0.99792635,-0.06430557,0.0027703568,22.535004,0.06428802,0.99791306,0.0060134367,1.1511207,-0.003151279,-0.0058228653,0.9999782,0.19894968
0.99801093,-0.06278731,0.0056444975,23.474308,0.06275436,0.99801177,0.005832907,1.2100146,-0.005999515,-0.0054670866,0.9999672,0.20405392
0.9981343,-0.06069642,0.0066179736,24.416521,0.06066377,0.9981454,0.005025603,1.2715838,-0.006910744,-0.0046147536,0.99996567,0.20696156
0.9981948,-0.05991694,0.0041286396,25.366001,0.059892885,0.9981882,0.0057202633,1.3318933,-0.0044639073,-0.0054626595,0.9999753,0.21021067
0.9982951,-0.05836273,-0.0007851856,26.328789,0.058366917,0.998268,0.007341229,1.3977484,0.00035536572,-0.007374541,0.999973,0.2147787
0.9983333,-0.057586253,-0.0038176295,27.289732,0.05761139,0.99831545,0.0068418016,1.4568349,0.0034172002,-0.0070503354,0.9999696,0.22058347
0.9983913,-0.056640588,-0.0026043677,28.26569,0.056653917,0.99837923,0.005372143,1.5134599,0.0022958603,-0.0055110464,0.9999825,0.22981232
0.9984004,-0.056493483,0.0022678773,29.247684,0.056488246,0.99840045,0.0023027868,1.5695795,-0.0023943498,-0.0021709919,0.9999951,0.23626928
0.99833345,-0.05740521,0.0059255273,30.22476,0.05741573,0.9983489,-0.0016230573,1.6247292,-0.005822581,0.0019605756,0.99998146,0.2388161
0.9982786,-0.058331434,0.006115994,31.201733,0.05839057,0.99824375,-0.009985095,1.6750478,-0.0055228164,0.010325031,0.99993175,0.24996048
0.99822044,-0.05958181,0.0024741269,32.19659,0.059606064,0.998158,-0.011293527,1.7332268,-0.0017966881,0.011420912,0.9999335,0.25388744
0.9981101,-0.061430145,-0.001629388,33.176064,0.06141024,0.9980595,-0.010283313,1.7962787,0.0022579257,0.010163826,0.9999462,0.25975642
0.998004,-0.06309975,-0.0025635979,34.16605,0.06307231,0.9979622,-0.009653423,1.8649108,0.003167497,0.009472471,0.99995047,0.26307198
0.99796337,-0.06378586,-0.00081319636,35.176052,0.06377329,0.9979051,-0.010869008,1.9318942,0.0015047761,0.01079502,0.999941,0.27686736
0.9978769,-0.065111354,0.0015274578,36.172558,0.06512218,0.9978396,-0.008650702,2.0076952,-0.000960906,0.008731816,0.9999618,0.2785977
0.99780875,-0.06610934,0.0027243677,37.18826,0.06612695,0.99778664,-0.0069807656,2.0797563,-0.0022568514,0.00714563,0.99997234,0.29152128
0.99772036,-0.067292936,0.0050930786,38.18331,0.067326635,0.9977079,-0.0067622857,2.1489267,-0.0046263593,0.0070897765,0.9999646,0.29452693
0.9976909,-0.06739041,0.008458624,39.18919,0.06744829,0.9976998,-0.006754594,2.217555,-0.007983983,0.0073095234,0.9999418,0.30713803
0.9976545,-0.06766612,0.0103494,40.201527,0.06768909,0.99770457,-0.0018852265,2.2993455,-0.010198089,0.002581351,0.99994504,0.30034587
0.99765235,-0.06773706,0.010088889,41.196285,0.067749314,0.9977019,-0.00087717513,2.3688762,-0.010006297,0.0015586354,0.9999491,0.3055161
0.9976611,-0.06782966,0.008471462,42.19201,0.067841545,0.9976954,-0.001122156,2.4394205,-0.008375834,0.0016942528,0.9999639,0.30996948
0.99769187,-0.06765265,0.0058671758,43.195774,0.06763989,0.99770695,0.00234745,2.5157728,-0.0060125436,-0.0019451733,0.9999804,0.31273082
0.9976232,-0.06865459,0.0059051225,44.181744,0.06864515,0.9976395,0.0017885752,2.58599,-0.006013988,-0.0013789628,0.9999813,0.31673256
0.9975624,-0.069402546,0.0072769835,45.178234,0.06940787,0.99758816,-0.00047929923,2.6603744,-0.00722618,0.0009832148,0.9999738,0.3223458
0.99749804,-0.07021864,0.008210977,46.17418,0.07022534,0.9975309,-0.00052794046,2.7338848,-0.008153643,0.0011032422,0.9999665,0.32288274
0.9974719,-0.07084653,0.005561215,47.154728,0.07084079,0.99748677,0.0012273146,2.8130813,-0.0056342003,-0.00083024765,0.9999842,0.33645386
0.99746054,-0.07122387,0.00033827437,48.142277,0.07122205,0.9974527,0.0039063576,2.8940809,-0.00061564764,-0.0038723426,0.9999928,0.33733365
0.99740654,-0.07197294,-0.00075824955,49.11585,0.07197556,0.9973972,0.0042529693,2.9683268,0.0004501688,-0.0042965123,0.9999912,0.34865987
0.99737424,-0.07238249,0.0024343648,50.08924,0.0723742,0.9973718,0.0033475654,3.0426786,-0.0026702818,-0.0031625878,0.99999195,0.3532741
0.9973399,-0.07263051,0.0061922125,51.08394,0.072630234,0.99735874,0.00027398602,3.1158154,-0.0061957682,0.00017648889,0.99998134,0.3697591
0.9972816,-0.07338249,0.0066937273,52.049213,0.07338961,0.99730283,-0.0008190032,3.1911197,-0.0066155843,0.0013080316,0.9999778,0.36960796
0.99730116,-0.07317121,0.0060729724,53.0129,0.0731964,0.99730927,-0.0040293946,3.2595632,-0.005761807,0.004463046,0.9999741,0.37882757
0.997313,-0.07308519,0.0050856215,53.97488,0.07312,0.9972983,-0.007026721,3.3242204,-0.0045583425,0.0073797083,0.99996305,0.39089197
0.99720496,-0.07447748,0.006004775,54.92389,0.07452356,0.99718827,-0.007852008,3.3956735,-0.005403104,0.008277566,0.99995184,0.39243788
0.9971198,-0.0751554,0.010222996,55.894726,0.075262904,0.9971076,-0.010569757,3.4666011,-0.009399065,0.011308735,0.9998926,0.39659685
0.9969637,-0.07627276,0.015705021,56.850155,0.0764813,0.9969844,-0.0131341005,3.5386174,-0.014655902,0.014295371,0.9997911,0.40606835
0.9968891,-0.07683239,0.01759812,57.802357,0.07704635,0.9969574,-0.011818914,3.6167464,-0.016636515,0.013138026,0.999776,0.39456478
0.9968892,-0.07752134,0.0142567195,58.735474,0.077676125,0.9969218,-0.010642303,3.6948576,-0.013387841,0.011716611,0.99984246,0.3964224
0.99683374,-0.07927145,0.006277173,59.656273,0.07932034,0.99681735,-0.007963803,3.7737086,-0.0056259027,0.008436501,0.99994934,0.39854223
0.9967893,-0.08006696,0.0011865632,60.572998,0.08007304,0.9967675,-0.0065399697,3.8570879,-0.0006591007,0.006613988,0.99997866,0.4099854
0.9967136,-0.08100453,0.0011436365,61.48303,0.081005946,0.99671286,-0.0012364327,3.9416342,-0.0010397293,0.0013250136,0.99999934,0.40809602
0.99661785,-0.08211053,0.0034186842,62.38534,0.082108706,0.99662316,0.0006773978,4.0240965,-0.0034627707,-0.00039440056,0.9999947,0.4210277
0.9965396,-0.08298141,0.00488544,63.269096,0.0829688,0.9965484,0.0027338206,4.103463,-0.005095444,-0.0023190193,0.9999851,0.4324303
0.9964653,-0.083888695,0.0045395773,64.13457,0.083870135,0.9964681,0.0041402522,4.181381,-0.004870874,-0.0037448811,0.9999819,0.44220513
0.9963149,-0.085617475,0.0052321553,64.98763,0.08558897,0.99631566,0.0054535363,4.2590175,-0.0056798058,-0.004985623,0.9999722,0.44786933
0.9962073,-0.08683338,0.005658663,65.82666,0.08679908,0.9962075,0.006052544,4.336385,-0.006162775,-0.0055384203,0.99996644,0.45604876
0.9960663,-0.08840245,0.006169715,66.65031,0.088363834,0.99606854,0.0062768473,4.414692,-0.0067003574,-0.005706975,0.99996203,0.46532992
0.99594176,-0.08972371,0.00712622,67.461655,0.089677446,0.99594927,0.0065696556,4.4900475,-0.007686817,-0.0059039313,0.9999538,0.4723254
0.99581414,-0.090907186,0.009555937,68.26952,0.0908232,0.9958275,0.0088859275,4.5726185,-0.010323868,-0.007980829,0.99991566,0.47642624
0.9956437,-0.092275225,0.013430653,69.0616,0.092143156,0.9956942,0.010143733,4.6521664,-0.014308848,-0.008861998,0.99985915,0.47615767
0.9954776,-0.09378385,0.01518252,69.84048,0.09360275,0.9955346,0.0122323055,4.730897,-0.016261928,-0.0107558565,0.99981076,0.47816518
0.995403,-0.095113106,0.011314206,70.59872,0.09493506,0.9953652,0.015354039,4.8123713,-0.012722148,-0.014209337,0.999819,0.48657152
0.9953293,-0.09648083,0.0035524226,71.32145,0.09641143,0.9952095,0.016218496,4.888702,-0.0051001897,-0.015800245,0.999863,0.48686224
0.9952322,-0.09751487,-0.0022815415,72.03473,0.097538695,0.9951095,0.0156039065,4.9619136,0.00074875983,-0.015752044,0.9998765,0.49655834
0.9951672,-0.09813163,-0.0037481033,72.726585,0.09818189,0.9950206,0.017159138,5.033854,0.0020455753,-0.017444199,0.99984664,0.49744692
0.9950989,-0.098890044,-0.0007116918,73.41209,0.09888554,0.99491507,0.01912768,5.1112075,-0.0011834748,-0.0191043,0.99981767,0.50828177
0.99499416,-0.09992329,0.0018682758,74.0611,0.09987068,0.99482197,0.018851697,5.180857,-0.003742336,-0.018570734,0.9998215,0.5206474
0.9948796,-0.10106926,-0.0010036951,74.6846,0.10107186,0.9947378,0.016778197,5.246151,-0.0006973571,-0.016793724,0.99985963,0.53074497
0.994879,-0.10094515,-0.005212336,75.300705,0.10098942,0.99484634,0.009070093,5.3024035,0.0042698807,-0.00955003,0.9999462,0.5458067
0.99494857,-0.0999211,-0.009718823,75.901115,0.09997079,0.9949792,0.004765002,5.3605423,0.009193893,-0.0057125255,0.9999423,0.5560951
0.9952301,-0.09701713,-0.010301212,76.489365,0.097090974,0.9952517,0.0069239195,5.4185457,0.009580549,-0.007891042,0.9999239,0.5675672
0.99564654,-0.09288258,-0.007893981,77.05188,0.09297229,0.9955982,0.011873272,5.48456,0.0067564016,-0.012555498,0.99989927,0.56947297
0.996111,-0.088002026,-0.0044739926,77.607315,0.08804562,0.9960592,0.010708781,5.533001,0.003513956,-0.011061044,0.99993354,0.58332145
0.99658275,-0.08260827,0.00019248959,78.14508,0.08260489,0.99655765,0.0070658424,5.5688763,-0.0007755344,-0.007025792,0.9999759,0.5964804
0.9972215,-0.07437322,0.0043748235,78.6812,0.074363306,0.9972287,0.00239883,5.6040797,-0.0045411186,-0.0020668348,0.99998844,0.612478
0.997954,-0.063811325,0.004152301,79.18943,0.0637873,0.99794763,0.0056945933,5.638733,-0.004507168,-0.005418074,0.99997604,0.6199735
0.99879676,-0.048925646,0.0035562436,79.69451,0.048884243,0.99874496,0.010934442,5.6701865,-0.0040867645,-0.0107474355,0.9999348,0.6232035
0.9995205,-0.030701332,0.0042075994,80.19157,0.030629706,0.99940056,0.016156605,5.6919265,-0.004701116,-0.016019972,0.99986154,0.6221836
0.9999474,-0.008957077,0.005122782,80.66646,0.008879758,0.9998493,0.014934557,5.688776,-0.00525579,-0.014888276,0.99987626,0.6274917
0.9998273,0.017423885,0.006567848,81.14177,-0.017498601,0.999781,0.011507686,5.6698303,-0.00636591,-0.011620622,0.9999131,0.63519055
0.9988807,0.046554834,0.008453354,81.58782,-0.04663842,0.9988623,0.009987233,5.633242,-0.00797879,-0.0103703,0.9999153,0.63910174
0.9967755,0.07956054,0.01049308,82.03161,-0.079661116,0.9967766,0.00955301,5.586158,-0.009699222,-0.010358092,0.9999002,0.64117706
0.9930407,0.11721086,0.011544996,82.48565,-0.11732229,0.9930488,0.009508726,5.5231237,-0.0103502255,-0.010797032,0.9998891,0.6446165
0.98728275,0.15847822,0.012607335,82.90486,-0.15860465,0.9872944,0.00976096,5.4399815,-0.010900258,-0.011636404,0.9998739,0.6466004
0.97897035,0.20358731,0.013064996,83.325905,-0.20371836,0.9789825,0.009636754,5.34054,-0.010828489,-0.012095671,0.9998692,0.64787245
0.96749455,0.25257927,0.012630181,83.747375,-0.25272018,0.9674752,0.01118575,5.2153425,-0.0093941055,-0.014014049,0.99985874,0.649879
0.95226544,0.3050549,0.01155082,84.12222,-0.3051858,0.95221645,0.012091104,5.075358,-0.007310438,-0.015039083,0.9998613,0.657737
0.932616,0.36071798,0.010549903,84.518524,-0.3608317,0.93254995,0.012318355,4.9021153,-0.005394867,-0.015295031,0.9998695,0.6590465
0.9086879,0.41735673,0.010046339,84.8572,-0.4174603,0.9086053,0.012810425,4.7190833,-0.0037816467,-0.015834622,0.9998686,0.6604485
0.88000417,0.47488147,0.009027249,85.191185,-0.47496408,0.8799068,0.013187339,4.5110855,-0.0016807233,-0.015892528,0.9998734,0.6536514
0.8467991,0.5318659,0.0071603847,85.529564,-0.5319139,0.84672314,0.011332477,4.2647448,-3.5513192e-05,-0.013405035,0.99991125,0.6658357
0.81051105,0.58568454,0.006832028,85.80364,-0.5857235,0.81043804,0.010908645,4.025094,0.00085208035,-0.012843254,0.9999183,0.6682972
0.7706578,0.63720065,0.007944088,86.107315,-0.6372499,0.77060515,0.009007851,3.7466574,-0.00038195687,-0.012004337,0.999929,0.67891794
0.7282885,0.68518996,0.010573315,86.345726,-0.68526864,0.7282419,0.008447381,3.4800549,-0.0019118811,-0.01339769,0.99990964,0.676796
0.6833396,0.73001397,0.0112978555,86.585144,-0.7300969,0.68330705,0.007129173,3.187449,-0.0025155186,-0.013120174,0.99991196,0.67744696
0.636394,0.77131236,0.00899476,86.82111,-0.77136314,0.6363724,0.0054652505,2.8633902,-0.0015086111,-0.010416279,0.9999458,0.6824659
0.5900919,0.80731916,0.005320005,86.99491,-0.80733496,0.59009093,0.0019373349,2.558066,-0.0015752487,-0.0054382314,0.99998516,0.6977988
0.5429414,0.83974737,0.0063323425,87.19125,-0.8397709,0.5429299,0.0035876902,2.2217321,-0.00042527358,-0.0072656227,0.9999747,0.69894546
0.49619555,0.8681615,0.009306575,87.3472,-0.86821073,0.49615696,0.006259014,1.9026637,0.0008163039,-0.011185765,0.9999383,0.6968666
0.4505349,0.892703,0.010030033,87.49925,-0.8927556,0.4504735,0.007860675,1.564086,0.0024989764,-0.01249588,0.99992,0.701557
0.4075067,0.9131942,0.0039420547,87.63127,-0.9131953,0.40748262,0.0057524857,1.2027172,0.0036468108,-0.005944043,0.99997693,0.69728863
0.36823064,0.92970526,-0.007425817,87.71841,-0.9297348,0.36822104,-0.0026960128,0.8553175,0.00022783622,0.0078968,0.9999701,0.7187582
0.33287525,0.9428983,-0.011736929,87.81543,-0.9429677,0.3328138,-0.006922301,0.49578372,-0.0026208232,0.013371813,0.9999085,0.71695024
0.2990198,0.95420057,-0.009445906,87.924644,-0.9542471,0.29899877,-0.003621266,0.12608588,-0.0006311084,0.010096563,0.9999502,0.7237512
0.26806197,0.9634019,-0.0005636569,88.032585,-0.96339226,0.26806208,0.0043527605,-0.23110604,0.0043445462,-0.0006237887,0.9999918,0.7202484
0.23971353,0.9708348,0.0042327177,88.125656,-0.97081345,0.2396693,0.008990471,-0.6115357,0.007713806,-0.0062643224,0.9999521,0.7254798
0.21343946,0.9769522,0.0029456902,88.20172,-0.9769107,0.2133994,0.0103543075,-1.005912,0.009487052,-0.0050876997,0.9999435,0.7389094
0.19027066,0.98172146,-0.0045528365,88.259865,-0.9816575,0.19031158,0.011453705,-1.4061219,0.012110804,0.0022900198,0.99992543,0.743904
0.16932951,0.98548645,-0.012023626,88.31117,-0.9853848,0.16951704,0.016784325,-1.8097802,0.01857894,0.0090058185,0.9997882,0.75082093
0.1493473,0.98869836,-0.013095685,88.3648,-0.98845756,0.1496259,0.02376275,-2.240656,0.025453655,0.009395628,0.99963325,0.74175686
0.13175234,0.99122655,-0.010571773,88.426796,-0.99093974,0.13198012,0.02491374,-2.6753378,0.026090436,0.007193546,0.99963516,0.74906266
0.116220966,0.99318457,-0.008806006,88.48012,-0.99299103,0.1163813,0.020617865,-3.1279507,0.021502208,0.0063480553,0.99975014,0.7619549
0.10138564,0.9948098,-0.008662291,88.524,-0.9946895,0.10152111,0.016944574,-3.6035247,0.017736036,0.006898352,0.9998204,0.7806759
0.08847614,0.9960278,-0.010055708,88.56044,-0.9959602,0.08861706,0.014535435,-4.0853233,0.015368806,0.008729044,0.9998453,0.79285145
0.076336,0.99699104,-0.013500196,88.593025,-0.99697715,0.07651804,0.013508834,-4.5839458,0.014501195,0.012428179,0.99981916,0.8038829
0.06644217,0.99766386,-0.01590286,88.61744,-0.9976797,0.06666427,0.013856263,-5.0935383,0.014884045,0.014945326,0.9997791,0.8129305
0.05837053,0.99814165,-0.017510243,88.643196,-0.9981784,0.05862345,0.014284999,-5.624493,0.015284964,0.01664453,0.9997462,0.8233986
0.052189387,0.99844986,-0.019353447,88.67289,-0.9985152,0.052476924,0.014649167,-6.173835,0.01564207,0.018560186,0.9997069,0.83088964
0.046709344,0.9987028,-0.020280384,88.697975,-0.9987736,0.04702786,0.0155139305,-6.7291884,0.016447552,0.019530872,0.9996756,0.8422853
0.04078728,0.99895185,-0.020783436,88.72201,-0.99902046,0.0411304,0.016349206,-7.3165326,0.017186904,0.020096246,0.9996519,0.84976923
0.036182847,0.99908787,-0.022683704,88.74335,-0.9991983,0.036558025,0.016340679,-7.92672,0.01715505,0.022074278,0.9996108,0.8619743
0.033209983,0.9991562,-0.024173636,88.75881,-0.9993028,0.033608966,0.016282292,-8.541359,0.017081007,0.023616062,0.9995768,0.8740389
0.030121256,0.99922734,-0.025253594,88.78032,-0.99940807,0.030528314,0.01588391,-9.182768,0.01664259,0.024760216,0.99955654,0.88707477
0.027416833,0.99927837,-0.026295597,88.79359,-0.99949354,0.027829677,0.015457717,-9.842705,0.01617836,0.025858494,0.9995364,0.89593035
0.026718818,0.9991573,-0.031163057,88.80775,-0.9995182,0.027195932,0.014982294,-10.5252075,0.015817177,0.030747756,0.9994037,0.9122848
0.027534619,0.9990417,-0.034029406,88.82611,-0.99950194,0.028041536,0.014504538,-11.222798,0.015444874,0.033613104,0.99931735,0.92513716
0.029887605,0.9988897,-0.036422946,88.844635,-0.9994329,0.030430837,0.0144472495,-11.925268,0.015539589,0.035970524,0.9992338,0.93873143
0.033704076,0.99870026,-0.03824025,88.87061,-0.9993094,0.03427539,0.014379048,-12.663512,0.01567106,0.03772924,0.99916685,0.9503579
0.037681896,0.99849427,-0.039871357,88.90373,-0.9991687,0.03827001,0.0140863145,-13.410101,0.015590984,0.03930744,0.99910724,0.9635795
0.041905645,0.9982706,-0.04123346,88.93674,-0.9990186,0.042459838,0.012652608,-14.164312,0.014381493,0.040662806,0.9990711,0.9765157
0.046155266,0.9980694,-0.041564256,88.97455,-0.9988507,0.046651743,0.011049895,-14.942079,0.012967607,0.0410065,0.9990764,0.99012697
0.05005832,0.99797547,-0.039236475,89.02218,-0.99868494,0.05045415,0.009158192,-15.735985,0.011119293,0.038726464,0.9991897,1.0010401
0.054575972,0.99779713,-0.03771779,89.06623,-0.99846005,0.054912884,0.007948863,-16.53136,0.010002543,0.03722592,0.9992585,1.015162
0.05806014,0.9976775,-0.035622045,89.12064,-0.9982563,0.058402367,0.008636344,-17.336403,0.010696696,0.03505854,0.9993297,1.0288405
0.061536785,0.99754375,-0.033468027,89.17906,-0.9980018,0.061979003,0.0123327775,-18.145874,0.0143768005,0.032642264,0.9993654,1.0500972
0.063047566,0.9976075,-0.02836691,89.24231,-0.9978162,0.06357169,0.017961968,-18.95875,0.019722333,0.027172532,0.99943787,1.0611422
0.0624649,0.99772525,-0.025357626,89.30293,-0.9977942,0.06300175,0.020945732,-19.78242,0.022495668,0.023993343,0.9994607,1.0861629
0.06307353,0.99774027,-0.023163782,89.362144,-0.99776286,0.063557096,0.020759424,-20.599709,0.022184743,0.021802614,0.9995178,1.1052023
0.063011944,0.99778277,-0.021436943,89.419975,-0.997805,0.063423365,0.019075591,-21.420902,0.020392904,0.020187922,0.99958986,1.1315315
0.06273821,0.9978079,-0.021063771,89.47407,-0.9978489,0.063115746,0.017753622,-22.238707,0.019044165,0.019904654,0.99962217,1.1588354
0.0634032,0.99779594,-0.019589331,89.53186,-0.9978212,0.06374012,0.017070195,-23.056717,0.0182812,0.018464366,0.99966407,1.182963
0.06351849,0.9978285,-0.017439673,89.58894,-0.9978126,0.06381958,0.017274352,-23.877472,0.018349838,0.016304305,0.9997004,1.2080665
0.06362292,0.9978572,-0.015282877,89.64842,-0.9977976,0.0638929,0.017863048,-24.697346,0.018801244,0.014112735,0.99972534,1.2322395
0.0627758,0.9979533,-0.0121981455,89.70678,-0.9978343,0.06300013,0.01894826,-25.519056,0.019677969,0.010982251,0.99974775,1.2578627
0.059798498,0.9981684,-0.009184483,89.766594,-0.99802566,0.05996246,0.018726984,-26.334564,0.01924341,0.008046517,0.99978423,1.2819768
0.05581402,0.99842197,-0.0062273024,89.824524,-0.9982824,0.05591572,0.017525231,-27.149088,0.017845783,0.005238463,0.9998288,1.3049095
0.051419407,0.9986709,-0.0035708756,89.87493,-0.99855924,0.051468287,0.015224159,-27.975983,0.015387713,0.0027829218,0.9998795,1.3304236
0.04558053,0.99895936,-0.0016762686,89.91674,-0.998871,0.045599118,0.01336649,-28.805182,0.013429017,0.0010651312,0.999911,1.3511744
0.038173195,0.99927086,-0.0008740489,89.95262,-0.9991827,0.038181666,0.013319759,-29.63747,0.013343419,0.00036488264,0.9999127,1.3766694
0.029011108,0.9995792,-0.0003575093,89.97958,-0.99948174,0.029013477,0.013994085,-30.450092,0.013998567,-4.865459e-05,0.9999038,1.3950797
0.018726524,0.9998241,-0.0011412938,89.99705,-0.9997251,0.018740997,0.014136848,-31.252447,0.014155748,0.0008762521,0.99990124,1.41747
0.008690997,0.9999616,-0.0012084648,90.00744,-0.99987006,0.00870685,0.013618207,-32.055874,0.013628204,0.0010899581,0.9999084,1.4352676
-0.0024370672,0.9999971,-0.00019132579,90.01534,-0.9999192,-0.00243429,0.012533172,-32.85715,0.012532668,0.00022185972,0.9999232,1.4549837
-0.013241986,0.9999118,-0.0011046801,90.00147,-0.9998461,-0.013228128,0.011584495,-33.6438,0.011568858,0.0012579181,0.9999341,1.4749324
-0.024546303,0.999698,-0.0012727092,89.983795,-0.999632,-0.024529666,0.011647362,-34.4327,0.011612623,0.0015581469,0.9999331,1.494671
-0.035686027,0.99936235,-0.0012411491,89.959435,-0.9992929,-0.035668515,0.011952809,-35.217842,0.011900916,0.0016668263,0.99992955,1.5131332
-0.046212766,0.9989316,-0.00048417487,89.92694,-0.99885035,-0.0462026,0.012838084,-35.982113,0.012801996,0.0010769074,0.99991924,1.5334625
-0.056533337,0.9984006,-0.00058591284,89.8846,-0.9983083,-0.056519892,0.013694368,-36.751736,0.0136393495,0.0013591158,0.9999078,1.553295
-0.066485316,0.99778694,-0.0010555031,89.83649,-0.9976865,-0.06646327,0.014344622,-37.52413,0.014242724,0.002006774,0.99989825,1.5713563
-0.07597211,0.99710846,-0.0017747575,89.78448,-0.9970024,-0.07593739,0.014869526,-38.269512,0.014691759,0.0028991138,0.99988955,1.5925775
-0.085508086,0.996335,-0.0022241147,89.719215,-0.9962277,-0.085465014,0.015083167,-39.023266,0.014837804,0.0035054649,0.99988544,1.612458
-0.094005495,0.9955678,-0.0027970318,89.6491,-0.99546957,-0.09395492,0.014631917,-39.761486,0.014304269,0.0041598487,0.99989074,1.6333561
-0.10152663,0.9948206,-0.004930486,89.57608,-0.9947497,-0.10145243,0.013473626,-40.49677,0.01290363,0.0062725414,0.99989873,1.6519547
-0.106985785,0.99422336,-0.008598469,89.49821,-0.9942014,-0.1068804,0.01188933,-41.224293,0.010901637,0.009820612,0.9998941,1.673821
-0.11089078,0.9937665,-0.011465859,89.41705,-0.993793,-0.110774904,0.010283485,-41.93746,0.008949247,0.01253505,0.9998831,1.6941389
-0.11356701,0.99344665,-0.012895589,89.33742,-0.9935025,-0.113455616,0.009058463,-42.63647,0.007536016,0.013840559,0.9998776,1.7102427
-0.11545811,0.99322057,-0.013502712,89.258934,-0.99329036,-0.115352824,0.008327366,-43.325367,0.0067133275,0.014373594,0.99987596,1.725223
-0.1161544,0.9931359,-0.013752806,89.18306,-0.9932081,-0.116044566,0.0085270535,-44.000336,0.006872578,0.014649871,0.9998709,1.7380618
-0.1155945,0.9931877,-0.014694657,89.10857,-0.99326795,-0.11546478,0.009384876,-44.652725,0.007624223,0.01568059,0.9998498,1.7535015
-0.11305119,0.9934717,-0.015275844,89.03763,-0.99354935,-0.11289426,0.010768215,-45.299427,0.008973357,0.016394684,0.9998272,1.7705935
-0.10810801,0.9940102,-0.016009139,88.97106,-0.9940924,-0.10793137,0.011511301,-45.92488,0.009714457,0.017159048,0.9998074,1.7839167
-0.10028397,0.99484015,-0.015364338,88.917145,-0.99490225,-0.100100406,0.012279382,-46.528294,0.010678042,0.01651746,0.9998084,1.7979665
-0.08899336,0.99592495,-0.014618536,88.872086,-0.9959694,-0.08881219,0.012601373,-47.110897,0.011251713,0.015681073,0.9998156,1.8115013
-0.07571629,0.9970263,-0.014339744,88.8391,-0.99706084,-0.075533494,0.012879287,-47.67717,0.0117578525,0.015272788,0.9998161,1.8297908
-0.058663864,0.9981935,-0.012974537,88.81251,-0.9981879,-0.05847834,0.014234614,-48.228024,0.013450167,0.013786102,0.9998164,1.8449599
-0.037173994,0.9992294,-0.012605047,88.80242,-0.99917006,-0.036954936,0.017176546,-48.76864,0.01669749,0.013233124,0.99977493,1.8614976
-0.012618771,0.999861,-0.010902937,88.811516,-0.9997176,-0.012395283,0.020313097,-49.29923,0.020175133,0.0111562,0.99973613,1.8797
0.015491678,0.99983376,-0.009620967,88.83012,-0.9996282,0.015703501,0.022326045,-49.822353,0.022473423,0.009271536,0.9997064,1.8955883
0.048621614,0.9987767,-0.009018117,88.87407,-0.9985605,0.04881232,0.022267109,-50.351337,0.022680072,0.0079224855,0.99971336,1.9133408
0.08645347,0.9962177,-0.008740285,88.93349,-0.9960348,0.08661623,0.020339815,-50.864033,0.021019941,0.0069471947,0.9997569,1.9284099
0.1281386,0.9917252,-0.007879067,89.01756,-0.991595,0.1282575,0.017057963,-51.36022,0.017927362,0.0056270724,0.9998255,1.9446812
0.17328511,0.98485786,-0.0052734753,89.127396,-0.9847776,0.17334053,0.012949096,-51.87164,0.0136671215,0.0029493256,0.9999042,1.9632466
0.22091025,0.9752939,-0.0010536513,89.26222,-0.97524244,0.22090977,0.0101277195,-52.36226,0.010110257,-0.0012097443,0.9999501,1.9781435
0.2721114,0.9622642,0.0018716562,89.41984,-0.9622339,0.272086,0.008753149,-52.831238,0.007913581,-0.004182797,0.99996185,1.9927155
0.3262025,0.9452978,0.0021138645,89.61185,-0.94526815,0.3261723,0.0090178205,-53.299797,0.007835034,-0.0049397983,0.99995905,1.9980233
0.38342834,0.9235697,-0.0014415528,89.82046,-0.9235203,0.38342348,0.009902035,-53.742565,0.009697942,-0.0024654083,0.9999519,2.0157928
0.44296637,0.8965219,-0.0054345117,90.03959,-0.89642465,0.44299895,0.013272674,-54.144547,0.014306729,-0.0010077058,0.99989915,2.0252802
0.5019598,0.86482376,-0.010791978,90.312325,-0.86465627,0.5020756,0.017058456,-54.550823,0.02017096,0.0007687063,0.99979824,2.041294
0.5598477,0.8285142,-0.011615414,90.58274,-0.8282345,0.5599629,0.021690655,-54.91164,0.024475237,-0.0025231661,0.99969923,2.049433
0.61562395,0.787948,-0.012047196,90.90817,-0.78757644,0.6157146,0.024900781,-55.273922,0.02703818,-0.0058414224,0.9996193,2.0570984
0.66849905,0.74358016,-0.014057897,91.24198,-0.7431525,0.66861004,0.026194913,-55.598804,0.028877297,-0.007064107,0.99955994,2.071657
0.717665,0.6962127,-0.015646493,91.57358,-0.69580704,0.71780324,0.02474317,-55.889874,0.02845764,-0.006870359,0.9995733,2.0828292
0.76344025,0.6457545,-0.012651642,91.9675,-0.64545333,0.7635025,0.02133142,-56.188183,0.023434443,-0.008119213,0.9996943,2.1057882
0.80535454,0.5927283,-0.008788994,92.35417,-0.5925534,0.80536234,0.01652739,-56.44404,0.01687459,-0.008102453,0.99982667,2.1150541
0.8424152,0.53881633,-0.003679158,92.73855,-0.53872675,0.8423694,0.013725309,-56.656822,0.010494637,-0.009580343,0.99990094,2.1303322
0.874335,0.48532078,0.0013838616,93.1775,-0.4853042,0.87427354,0.011253115,-56.87397,0.0042514964,-0.010510582,0.9999376,2.1347728
0.90057546,0.43464628,0.0068127997,93.61732,-0.43469697,0.9005152,0.010576078,-57.05377,-0.0015381847,-0.012486057,0.99992275,2.1483612
0.92126894,0.3887779,0.010734199,94.04085,-0.3888953,0.9211929,0.012844949,-57.20441,-0.004894447,-0.016008135,0.9998618,2.1625767
0.93722904,0.3484415,0.013786216,94.51301,-0.348649,0.9370861,0.017727029,-57.35088,-0.006742053,-0.021420848,0.9997497,2.1588106
0.94955647,0.31328225,0.01402213,94.96821,-0.31353638,0.94929826,0.022988485,-57.472076,-0.0061093117,-0.026225332,0.9996393,2.1640608
0.95932233,0.28204,0.012410186,95.4447,-0.28227118,0.9590094,0.024992872,-57.59639,-0.004852506,-0.02747928,0.9996125,2.1476119
0.9656529,0.2595862,0.0113766175,95.91661,-0.2597722,0.9654579,0.020248879,-57.721455,-0.0057273274,-0.022508726,0.9997322,2.1629384
0.9696436,0.244289,0.010677363,96.402565,-0.24444395,0.9695137,0.017055329,-57.839436,-0.006185433,-0.01914761,0.99979943,2.1657798
0.9728691,0.23110814,0.010705687,96.90202,-0.23128663,0.97266877,0.02055425,-57.945942,-0.0056628445,-0.022472685,0.9997333,2.1649036
0.97508883,0.22150677,0.011683422,97.40335,-0.22174102,0.9747693,0.025617369,-58.04473,-0.0057142326,-0.02756992,0.9996055,2.1567142
0.97653335,0.21504873,0.01168932,97.92305,-0.21532083,0.9760026,0.03250395,-58.142876,-0.0044188816,-0.034258172,0.9994052,2.1571434
0.97714895,0.21234997,0.009353351,98.43942,-0.21255454,0.9763504,0.039510474,-58.238018,-0.00074210204,-0.040595748,0.99917734,2.1554806
0.9773786,0.21138188,0.0069836057,98.977036,-0.2114894,0.9765267,0.040848807,-58.346436,0.0018150221,-0.041401744,0.9991429,2.1631296
0.97685033,0.21390149,0.0030990995,99.51837,-0.21385902,0.9760951,0.038775925,-58.46943,0.005269219,-0.03854108,0.9992451,2.1662936
0.97590244,0.2181837,-0.0032123527,100.07002,-0.21790643,0.9752245,0.038143452,-58.596767,0.011455061,-0.036524326,0.9992691,2.1729805
0.97493476,0.22237349,-0.007223552,100.63389,-0.2219197,0.974245,0.039992135,-58.723354,0.015930723,-0.03738671,0.99917585,2.1791577
0.97396123,0.22663,-0.0061974316,101.20826,-0.226156,0.97311634,0.043578885,-58.848534,0.01590713,-0.0410426,0.99903274,2.1842775
0.97265464,0.2322493,-0.0018096851,101.80978,-0.23192887,0.97166777,0.045516007,-58.98261,0.012329494,-0.04385168,0.9989639,2.190065
0.97164047,0.23644666,0.0028154196,102.414314,-0.23634255,0.9706947,0.04353132,-59.132713,0.007559936,-0.04296224,0.99904996,2.202785
0.9706039,0.24056487,0.0075336406,103.02785,-0.2406735,0.96981585,0.039174158,-59.28103,0.0021176885,-0.03983578,0.9992059,2.2116187
0.96979475,0.24364085,0.01172355,103.65146,-0.24390939,0.96912473,0.036146443,-59.44037,-0.0025548323,-0.037914153,0.9992797,2.218064
0.9689916,0.24682169,0.011601281,104.28426,-0.24707071,0.9684787,0.031723857,-59.604473,-0.00340546,-0.03360652,0.9994313,2.2226374
0.9687906,0.24775666,0.007851011,104.925835,-0.24788043,0.9683729,0.02847022,-59.769314,-0.00054901926,-0.029527823,0.9995658,2.225913
0.9689174,0.24738438,0.000438847,105.576324,-0.24730791,0.9685712,0.02664468,-59.9355,0.006166431,-0.025925051,0.99964684,2.2361248
0.96911323,0.24655925,-0.005327804,106.232895,-0.24628417,0.9687023,0.031002272,-60.1019,0.012804969,-0.028732585,0.9995071,2.2370605
0.9695441,0.2447673,-0.008578471,106.912796,-0.24436034,0.96910644,0.033495523,-60.260487,0.016512081,-0.030379176,0.9994041,2.245268
0.970275,0.24195558,-0.004943389,107.60996,-0.24167392,0.9698113,0.032571983,-60.433792,0.012675146,-0.030409118,0.9994592,2.2498436
0.97065914,0.24045707,0.0013288213,108.31207,-0.24040021,0.9702763,0.027801648,-60.607025,0.0053957887,-0.027305394,0.9996146,2.2645922
0.97139186,0.23738246,0.0069267484,109.04255,-0.23748326,0.9710204,0.026880348,-60.780518,-0.00034508732,-0.02775636,0.99961674,2.2728279
0.97178614,0.2357573,0.00712276,109.77126,-0.23586488,0.9713366,0.029570373,-60.947742,5.2838008e-05,-0.030416112,0.99953943,2.2832255
0.97224414,0.23393716,0.0038965524,110.49912,-0.23392797,0.9716226,0.035053086,-61.1084,0.00441425,-0.0349917,0.99937993,2.2856638
0.97316015,0.23012573,-0.0014016773,111.25659,-0.22991993,0.9725144,0.036796603,-61.283173,0.009831011,-0.035486747,0.99932384,2.2942843
0.974062,0.22623377,-0.0046814336,112.00882,-0.2259234,0.97347444,0.036159556,-61.456093,0.012737787,-0.034164038,0.99933714,2.2989178
0.97489744,0.22261596,-0.004195122,112.773125,-0.22234665,0.97436494,0.034298707,-61.63029,0.011723036,-0.03250498,0.9994049,2.3096244
0.97574174,0.21890843,-0.0027634902,113.563675,-0.21872327,0.9753044,0.030703545,-61.809086,0.009416522,-0.029354312,0.9995268,2.326062
0.9761792,0.21696576,-0.0007966336,114.35512,-0.21685389,0.9757816,0.028737748,-61.980267,0.0070124585,-0.027880456,0.9995887,2.3365347
0.9764007,0.21596628,0.00086549076,115.14222,-0.21591824,0.9760822,0.025380412,-62.158115,0.0046365308,-0.024968343,0.9996796,2.3438978
0.9765582,0.2152485,0.001625726,115.94658,-0.21523231,0.9763207,0.0217772,-62.33918,0.0031002853,-0.021616623,0.99976367,2.3574255
0.97662264,0.21494432,0.002770434,116.74884,-0.21495403,0.9763927,0.021294152,-62.509037,0.0018720297,-0.021391876,0.99977165,2.362696
0.9766281,0.21492738,0.0020733452,117.57282,-0.21490999,0.97630453,0.025387714,-62.67602,0.0034323048,-0.025239952,0.99967784,2.3729987
0.9764398,0.21579139,0.00011098338,118.40038,-0.21568654,0.9759496,0.03167507,-62.84703,0.0067269043,-0.03095276,0.9995005,2.380397
0.97621965,0.21678486,0.00033387635,119.23048,-0.21662416,0.9754347,0.040032603,-63.01499,0.008352801,-0.039152972,0.99920064,2.3906808
0.9756697,0.21923243,0.0025394284,120.07278,-0.21911407,0.97460896,0.046130087,-63.18808,0.0076382738,-0.045564193,0.99893457,2.4039037
0.974916,0.22252287,0.004798839,120.92132,-0.22248967,0.97372204,0.048633352,-63.36468,0.0061493083,-0.04848117,0.9988075,2.4137201
0.97430426,0.22519122,0.0045603523,121.758606,-0.22513469,0.9730492,0.049911115,-63.547405,0.0068021095,-0.04965535,0.9987456,2.426534
0.9738225,0.22730033,0.0022412308,122.600975,-0.22713466,0.9726296,0.049020182,-63.739243,0.008962431,-0.04824606,0.99879766,2.4386287
0.97341704,0.22903714,0.0014228639,123.444885,-0.22888143,0.97248566,0.04343307,-63.93803,0.008564086,-0.042604197,0.9990577,2.4549813
0.9734009,0.22910985,-0.00045785913,124.268364,-0.22893563,0.972735,0.037102655,-64.140015,0.008945974,-0.036010966,0.9993138,2.4706595
0.9730978,0.23039228,-0.0010171132,125.1201,-0.23020883,0.97248137,0.035852958,-64.34265,0.009249383,-0.034654308,0.999359,2.4948642
0.9727092,0.23201895,0.0022222651,125.95223,-0.23192848,0.97195816,0.038833506,-64.53464,0.0068501723,-0.038289145,0.9992457,2.5026033
0.9725887,0.23237704,0.008546144,126.79282,-0.23253134,0.97173876,0.040676333,-64.72569,0.0011476314,-0.04154862,0.9991383,2.5147266
0.9722455,0.23362067,0.012692081,127.6336,-0.23395354,0.97130775,0.04276317,-64.91358,-0.002337555,-0.04454569,0.9990071,2.5208983
0.97192377,0.23519391,0.0069976733,128.45161,-0.23527433,0.9709745,0.04308293,-65.10756,0.0033382867,-0.043519728,0.9990495,2.5349827
0.9718886,0.23531076,-0.007896296,129.26323,-0.23482722,0.9712252,0.039741103,-65.305336,0.017020613,-0.03676968,0.9991813,2.5517118
0.97184616,0.23499537,-0.01712399,130.07506,-0.23424938,0.9714677,0.037140805,-65.50616,0.02536335,-0.03208388,0.9991658,2.5851915
0.9721252,0.2342902,-0.009050989,130.91016,-0.23383337,0.9716157,0.035871025,-65.70564,0.017198334,-0.032754716,0.9993179,2.5950577
0.9726056,0.23227932,0.009261695,131.75026,-0.23245306,0.97217315,0.029097797,-65.90501,-0.0022451535,-0.030453604,0.9995361,2.6076932
0.9725209,0.23169771,0.02281071,132.57904,-0.23219402,0.9724165,0.02222369,-66.105606,-0.017032348,-0.026909525,0.9994952,2.6216285
0.9729055,0.23036379,0.019708911,133.38744,-0.23084232,0.9726177,0.02699049,-66.28326,-0.012951613,-0.030808862,0.9994438,2.63193
0.9733534,0.22921485,0.0066923965,134.19739,-0.22930427,0.97265655,0.036885105,-66.458084,0.0019452171,-0.037436858,0.9992995,2.6410177
0.97353375,0.22853853,-0.0018212451,135.00421,-0.22829004,0.9727907,0.039543275,-66.64166,0.0108088665,-0.038080957,0.99921864,2.6324375
0.97395766,0.22670059,-0.003796544,135.81003,-0.2264332,0.9733965,0.035059355,-66.8273,0.0116435345,-0.03328668,0.9993804,2.652579
0.97458535,0.22399852,-0.00303793,136.6194,-0.22378254,0.97409004,0.032738637,-67.00672,0.01029264,-0.031226773,0.9994617,2.674941
0.975349,0.2206361,-0.0039090957,137.43286,-0.2203971,0.974869,0.032517552,-67.18494,0.010985419,-0.030854417,0.99946594,2.6927404
0.97661686,0.21492623,-0.005255468,138.23189,-0.2146285,0.97609943,0.034152422,-67.36531,0.012470128,-0.03222586,0.99940526,2.707923
0.9772022,0.21225627,-0.0049509904,139.0317,-0.21191871,0.9765402,0.03822977,-67.52543,0.012949369,-0.036309015,0.9992591,2.7285593
0.97771883,0.20988104,-0.004145901,139.83946,-0.2095007,0.97681725,0.04403785,-67.68002,0.013292517,-0.042188074,0.99902374,2.7408645
0.9780319,0.20845094,-0.0017608078,140.64584,-0.20816272,0.97705996,0.044989135,-67.84058,0.011098459,-0.043634284,0.99898845,2.7627752
0.97828346,0.2072616,0.0023061181,141.44102,-0.20715968,0.97731155,0.04414647,-68.00764,0.0068960856,-0.04366551,0.9990249,2.7762315
0.97865665,0.20549338,0.002220328,142.24187,-0.20539707,0.97773343,0.04302773,-68.17136,0.0066710375,-0.042565435,0.999074,2.7930539
0.97916543,0.20306586,-0.0007949281,143.03665,-0.20286666,0.97836435,0.04062557,-68.335075,0.00902741,-0.0396179,0.9991767,2.8097339
0.9799888,0.1989736,-0.005738078,143.8166,-0.19864473,0.97940934,0.036055516,-68.49499,0.01279404,-0.03419417,0.9993359,2.828675
0.98126775,0.19250457,-0.007561973,144.61478,-0.19214065,0.9807651,0.03441283,-68.65195,0.014041163,-0.032315247,0.9993817,2.8458707
0.98256916,0.1858759,-0.0031176333,145.40378,-0.18567961,0.9820762,0.032434803,-68.79938,0.0090906145,-0.03129056,0.99947166,2.8575232
0.98362166,0.18019472,0.004485317,146.1868,-0.18024915,0.9832137,0.02834954,-68.941376,0.0006984212,-0.0286937,0.9995907,2.872899
0.98438,0.17551488,0.013870316,147.00313,-0.1758466,0.98401624,0.028153041,-69.08239,-0.008707335,-0.030152343,0.9995101,2.8902276
0.98500973,0.17166305,0.017016644,147.78653,-0.17212112,0.9846,0.030653512,-69.209724,-0.01149251,-0.033122934,0.9993879,2.885015
0.98589885,0.16685094,0.012890579,148.59314,-0.16720077,0.9853361,0.03404647,-69.33421,-0.0070208632,-0.035721697,0.9993398,2.8907042
0.98705417,0.16035882,0.0033180155,149.38005,-0.16037628,0.98644,0.03489996,-69.45548,0.0023235022,-0.03498029,0.999388,2.9019442
0.9880215,0.15428838,-0.0032526178,150.16284,-0.15409745,0.98749906,0.03319689,-69.579315,0.008333863,-0.03229802,0.9994462,2.9038155
0.9890244,0.14772971,-0.002933293,150.98764,-0.14755714,0.9885171,0.032609884,-69.698654,0.0077170697,-0.031819142,0.9994666,2.9134111
0.9901655,0.1399054,0.0008464037,151.80132,-0.13983183,0.98940957,0.038966063,-69.799286,0.004614132,-0.03870121,0.99924296,2.9193892
0.9911869,0.1324779,7.814419e-05,152.61029,-0.13235289,0.99022615,0.04401642,-69.88917,0.005753833,-0.04363885,0.99903363,2.9331965
0.99245256,0.122518755,-0.0053809807,153.4157,-0.122125395,0.99136525,0.04777921,-69.968124,0.01118838,-0.046761457,0.9988463,2.9416842
