0,1,2,3,4,5,6,7,8,9,10,11
1.0,0.0,0.0,0.0,0.0,1.0,0.0,0.0,0.0,0.0,1.0,0.0
0.99999404,-0.0031915884,-0.001327752,0.6810315,0.0031873707,0.9999899,-0.0031668437,-6.0764687e-05,0.0013378459,0.0031625926,0.9999941,0.0068345456
0.9999719,-0.0070044193,-0.0026780341,1.3768148,0.006998973,0.9999735,-0.0020380267,0.013596058,0.0026922382,0.002019226,0.99999434,0.007522122
0.99993306,-0.010856754,-0.004026784,2.0941768,0.010849695,0.9999396,-0.0017711112,0.02658213,0.004045769,0.001727303,0.9999903,0.009449382
0.9998657,-0.015658082,-0.0048663034,2.8253577,0.01565712,0.99987745,-0.00023630343,0.045608617,0.004869406,0.00016007933,0.99998814,0.009908256
0.9997867,-0.020071298,-0.004907547,3.573164,0.020065874,0.99979806,-0.0011521982,0.06004783,0.0049296813,0.001053478,0.9999873,0.018042006
0.99968,-0.024615498,-0.005860655,4.3326926,0.024615336,0.999697,-0.00010008889,0.086248025,0.005861342,-4.4205226e-05,0.99998283,0.026376005
0.99954325,-0.029506575,-0.006565177,5.1093564,0.029524218,0.9995607,0.0026066084,0.117332675,0.0064853793,-0.002799249,0.9999751,0.03345989
0.99940896,-0.03387666,-0.005888125,5.902272,0.033901736,0.99941635,0.0042116954,0.15010002,0.0057420083,-0.004408823,0.9999739,0.037536062
0.99925995,-0.038340345,-0.003184737,6.705594,0.03835556,0.99925244,0.004861248,0.18554723,0.002995973,-0.0049798023,0.99998325,0.046169184
0.99912286,-0.041873753,-0.0008234929,7.5106792,0.041876383,0.9991168,0.0034880075,0.2166326,0.00067670894,-0.0035194326,0.99999374,0.05372631
0.99901867,-0.044290572,-0.00080290553,8.331136,0.044293426,0.99901074,0.003976875,0.25968814,0.0006259725,-0.0040085353,0.9999919,0.06011924
0.9989211,-0.046425477,-0.0013985422,9.156817,0.04643021,0.99891526,0.0035697217,0.3027237,0.0012312983,-0.0036308041,0.99999285,0.059932295
0.99880415,-0.048873655,-0.001519872,9.993617,0.048876736,0.9988028,0.0020605745,0.34303492,0.0014173436,-0.0021323962,0.9999969,0.07023943
0.9987123,-0.05073082,-0.00093506323,10.840219,0.05073205,0.99871147,0.0013357503,0.38891187,0.000866094,-0.0013814676,0.99999887,0.07250636
0.9986351,-0.05222722,-0.000969319,11.707165,0.052226808,0.9986352,-0.0004525762,0.43284133,0.0009916323,0.00040133414,0.9999996,0.08469803
0.99853,-0.05411788,-0.0031340367,12.568566,0.054121975,0.9985336,0.0012355132,0.48998204,0.0030625765,-0.0014033169,0.9999945,0.090339474
0.99846864,-0.055001482,-0.0059818453,13.454577,0.055021517,0.99847996,0.0032371343,0.54785997,0.0057947035,-0.0035613067,0.999977,0.09923092
0.9983685,-0.056577384,-0.0077446587,14.313226,0.056628164,0.9983742,0.006501698,0.5962701,0.0073642167,-0.0069296546,0.9999489,0.10603727
0.99824804,-0.05868304,-0.007609873,15.216275,0.058726355,0.9982585,0.0055984757,0.6527287,0.007268083,-0.006035566,0.9999554,0.112322636
0.99817795,-0.06001921,-0.0062573547,16.123383,0.060057525,0.99817616,0.0061251493,0.71105427,0.0058783144,-0.0064897886,0.9999617,0.1268115
0.99811864,-0.06112202,-0.004892296,17.028297,0.061150238,0.99811155,0.0058412286,0.77258337,0.0045260284,-0.0061294027,0.99997103,0.13730487
0.9980543,-0.062204964,-0.0043338486,17.938522,0.062229034,0.9980459,0.005658213,0.83446443,0.0039734095,-0.0059168935,0.99997467,0.15037169
0.99797857,-0.06334,-0.0052477694,18.839035,0.06336833,0.9979756,0.005418177,0.895855,0.0048939562,-0.0057397657,0.9999716,0.15632038
0.9978964,-0.064589,-0.0056431014,19.763859,0.06461613,0.99789894,0.004764387,0.9563025,0.0053235153,-0.0051189982,0.99997276,0.17108832
0.99787325,-0.0650541,-0.004204911,20.684181,0.06507501,0.99786776,0.00504275,1.0185426,0.0038678914,-0.0053056586,0.9999785,0.18156163
0.99790287,-0.06472626,-0.0010408579,21.606777,0.064731024,0.9978878,0.0054879226,1.085999,0.0006834458,-0.005543788,0.9999845,0.18725304
0.99792546,-0.06432973,0.0026842626,22.551826,0.06431304,0.9979125,0.0058986465,1.1487828,-0.0030581167,-0.005713775,0.99997914,0.19699213
0.9980087,-0.06283507,0.0055756257,23.49244,0.06280284,0.9980094,0.0057792766,1.2068418,-0.0059276666,-0.005417601,0.9999679,0.20195484
0.99812895,-0.060791086,0.00661648,24.433325,0.06075926,0.9981406,0.004908598,1.2681496,-0.006902574,-0.0044974,0.9999662,0.20465168
0.99818844,-0.06002333,0.004205997,25.383192,0.059999056,0.9981825,0.0056766053,1.3290654,-0.00453908,-0.0054139644,0.99997514,0.20796938
0.9982904,-0.05844892,-0.00075984164,26.346056,0.05845288,0.99826443,0.0071978727,1.3951772,0.00033781497,-0.00722998,0.99997395,0.21257156
0.9983326,-0.057605535,-0.0037671248,27.304415,0.05762959,0.9983163,0.0066245045,1.456159,0.0033791729,-0.0068305545,0.99997115,0.21857761
0.9983945,-0.056592114,-0.002531128,28.282488,0.05660483,0.9983829,0.005271583,1.5118742,0.0022287045,-0.0054063913,0.99998313,0.2276475
0.9984012,-0.056480184,0.002360315,29.266108,0.056475196,0.9984019,0.002129608,1.5662858,-0.0024768233,-0.0019929034,0.9999952,0.2339887
0.99833524,-0.057378758,0.005918952,30.24327,0.057388693,0.9983509,-0.0015227287,1.621789,-0.0058218176,0.0018598745,0.9999816,0.23691015
0.9982865,-0.05820369,0.0060845306,31.218092,0.058262195,0.99825215,-0.009926108,1.6731976,-0.0054961587,0.010263594,0.99993247,0.24762528
0.9982261,-0.05948743,0.0025416042,32.21562,0.059512794,0.9981619,-0.0114614,1.7307342,-0.0018551233,0.011592324,0.99993134,0.25098792
0.9981035,-0.061541732,-0.0015682984,33.197105,0.061522108,0.9980512,-0.010442985,1.7932967,0.0022079214,0.010326693,0.9999445,0.2576415
0.9980048,-0.06309118,-0.0025174054,34.1855,0.06306427,0.9979632,-0.009626003,1.8630974,0.0031195935,0.0094480375,0.99995077,0.26098317
0.99796927,-0.06369557,-0.0007779659,35.196426,0.063683346,0.9979108,-0.01089572,1.9282552,0.0014703494,0.010824049,0.99994063,0.27456513
0.9978815,-0.06504451,0.0014741367,36.192562,0.06505485,0.9978445,-0.008634364,2.0033534,-0.0009093412,0.008711971,0.999962,0.27631107
0.9978115,-0.06606885,0.0027282217,37.208187,0.066086315,0.99779016,-0.006906142,2.075359,-0.0022659118,0.0070713256,0.9999727,0.28949493
0.9977231,-0.06725169,0.0051129474,38.203007,0.067286834,0.9977089,-0.007043964,2.1450942,-0.004627515,0.0073719593,0.9999624,0.29192373
0.9976978,-0.06728774,0.008472994,39.206432,0.06734812,0.99770474,-0.007055559,2.2144463,-0.007978793,0.0076099555,0.99993956,0.30415273
0.9976599,-0.067578234,0.010402231,40.219215,0.067602225,0.9977105,-0.001972787,2.2960217,-0.010245098,0.0026713833,0.9999443,0.29764724
0.9976587,-0.06762252,0.010228656,41.214725,0.067639306,0.9977091,-0.0013049045,2.363046,-0.010116983,0.001993707,0.9999472,0.30209765
0.99767995,-0.067546554,0.00852156,42.215782,0.06755814,0.9977149,-0.0010800158,2.4334154,-0.008429135,0.0016532091,0.99996346,0.30765882
0.9977077,-0.06741418,0.0059248023,43.216766,0.067398295,0.9977222,0.0028408158,2.5090759,-0.006102818,-0.0024349838,0.9999788,0.3119335
0.9976404,-0.06840029,0.0059729116,44.2005,0.06839113,0.99765724,0.0017249124,2.5766706,-0.006076902,-0.0013123495,0.9999811,0.3143716
0.99761957,-0.068571754,0.007330896,45.20613,0.06857794,0.99764574,-0.0005959731,2.6555161,-0.0072727697,0.0010972909,0.99997336,0.31954443
0.9975298,-0.06977078,0.008183856,46.19888,0.06977795,0.9975625,-0.00059345225,2.7265916,-0.008122501,0.0011630377,0.99996674,0.31968284
0.9974994,-0.07045461,0.0056202896,47.1818,0.070450984,0.997515,0.00084055355,2.8052607,-0.005665543,-0.00044249778,0.9999842,0.33221948
0.9975127,-0.07048975,0.0003043307,48.169582,0.07048769,0.99750286,0.0044437177,2.8860986,-0.00061680656,-0.004411214,0.99999046,0.33607036
0.9974802,-0.07094494,-0.00070128666,49.148045,0.07094735,0.9974703,0.004425155,2.9584703,0.000385571,-0.0044637597,0.99999034,0.34646767
0.9974063,-0.07194093,0.0023988688,50.123734,0.071932495,0.99740374,0.003428907,3.037093,-0.0026393186,-0.0032474573,0.9999917,0.35081115
0.9973526,-0.07245909,0.0061719916,51.122868,0.07245778,0.99737155,0.00043203658,3.1132598,-0.0061870725,1.6315607e-05,0.9999814,0.3673646
0.997282,-0.073377766,0.0067045772,52.09643,0.0733859,0.99730337,-0.0009777786,3.1885262,-0.0066147484,0.0014671421,0.99997765,0.3657083
0.99730814,-0.07307453,0.0061038346,53.062485,0.07310102,0.99731576,-0.004239381,3.257656,-0.005777657,0.0046741655,0.999973,0.37482896
0.99732393,-0.07293389,0.0051259194,54.021194,0.07296935,0.9973091,-0.007113014,3.3201582,-0.004593343,0.007468014,0.9999622,0.38803345
0.99721867,-0.07429243,0.0060174814,54.972157,0.074339025,0.99720174,-0.007933539,3.3899567,-0.005411238,0.008358807,0.99995106,0.38885328
0.997122,-0.07513544,0.010148722,55.947113,0.07523868,0.9971136,-0.010206993,3.4605355,-0.009352518,0.010941194,0.999897,0.39494893
0.9969517,-0.076431654,0.015687834,56.901703,0.076634966,0.9969773,-0.012795854,3.5361516,-0.0146624055,0.0139590865,0.9997957,0.40467492
0.9968826,-0.07693464,0.017511101,57.860252,0.07715018,0.99694765,-0.011984566,3.6131413,-0.016535623,0.013298191,0.9997754,0.39100504
0.99689156,-0.077498116,0.014207514,58.793175,0.07765779,0.996919,-0.011053979,3.6909463,-0.013307078,0.012122943,0.99983853,0.3917781
0.9968512,-0.079057604,0.0061885025,59.705475,0.07910499,0.99683577,-0.007828385,3.7686327,-0.0055500255,0.008293275,0.9999508,0.39591467
0.99680036,-0.07992937,0.0011172998,60.625534,0.07993497,0.9967791,-0.0065046796,3.8506303,-0.00059378427,0.0065731765,0.99997884,0.40722513
0.9967288,-0.08081813,0.0011239373,61.533463,0.08081949,0.9967283,-0.0012138993,3.9365337,-0.0010221532,0.0013007629,0.99999934,0.4049816
0.996621,-0.082073696,0.0033888242,62.436687,0.082071476,0.9966264,0.00079447625,4.0186796,-0.0034425952,-0.00051366736,0.9999947,0.4183314
0.99655557,-0.08278493,0.00495978,63.321644,0.08277173,0.9965648,0.0028127118,4.096586,-0.005175591,-0.0023924955,0.9999845,0.42974114
0.9964849,-0.083658464,0.004485979,64.18631,0.0836402,0.9964878,0.004119343,4.1748385,-0.00481484,-0.0037296563,0.99998224,0.43952936
0.996338,-0.0853469,0.005236195,65.04041,0.08531909,0.99633974,0.005326535,4.252022,-0.0056716315,-0.0048602833,0.9999729,0.4446911
0.99622536,-0.086630106,0.005584549,65.877205,0.08659797,0.99622697,0.0057629887,4.328795,-0.0060627256,-0.0052576265,0.9999686,0.45286244
0.99608594,-0.08818225,0.006128876,66.7037,0.08814497,0.9960892,0.0061103352,4.407919,-0.0066437293,-0.0055461912,0.99996334,0.46200043
0.99595654,-0.08955661,0.007141595,67.51385,0.08951173,0.99596566,0.006376562,4.4829917,-0.0076838452,-0.0057115247,0.999955,0.4693961
0.9958242,-0.09079351,0.009564928,68.32214,0.090711035,0.9958393,0.008732236,4.5657997,-0.010317961,-0.007828129,0.999917,0.47367096
0.995655,-0.09215813,0.013373578,69.11437,0.092027426,0.9957058,0.010082111,4.6447077,-0.014245297,-0.00880757,0.9998606,0.47336447
0.99549764,-0.09357148,0.0151560735,69.89405,0.09339192,0.99555564,0.012153254,4.722904,-0.016225912,-0.010683082,0.9998121,0.47500673
0.9954179,-0.09494746,0.01136432,70.65422,0.094768114,0.9953807,0.015399361,4.804726,-0.012773954,-0.0142518245,0.99981767,0.48375222
0.9953578,-0.09618197,0.0035730659,71.37783,0.096113786,0.9952435,0.015919011,4.8785086,-0.0050871912,-0.015501691,0.9998678,0.4835472
0.9952577,-0.097249456,-0.0023711445,72.08876,0.09727483,0.9951335,0.015739296,4.951847,0.00082896923,-0.015895307,0.99987423,0.49375215
0.9951914,-0.09788156,-0.0037673125,72.78439,0.09793253,0.9950427,0.01732486,5.024331,0.0020528543,-0.017610494,0.9998437,0.49481928
0.99511856,-0.09868863,-0.0007808488,73.470764,0.098685585,0.994937,0.01903649,5.1019797,-0.0011017879,-0.019020624,0.99981934,0.50526726
0.9950147,-0.099716306,0.0018056493,74.11585,0.09966503,0.9948436,0.018814702,5.170123,-0.003672469,-0.018540947,0.9998222,0.51845485
0.99490017,-0.10086365,-0.0010297592,74.74051,0.100866556,0.994755,0.017007787,5.237274,-0.0006911073,-0.01702492,0.99985564,0.5282063
0.99490845,-0.10064826,-0.005293703,75.355995,0.10069626,0.99486995,0.009749092,5.292757,0.004285318,-0.010232511,0.9999393,0.54335415
0.99498874,-0.099511474,-0.009786519,75.959496,0.09956554,0.9950179,0.005197856,5.3515697,0.009220516,-0.0061462084,0.9999395,0.5539177
0.9952684,-0.0966071,-0.010427626,76.54986,0.0966909,0.99528396,0.007852734,5.408903,0.00961982,-0.008823834,0.9999157,0.5657611
0.995677,-0.09254757,-0.00795427,77.10919,0.09263927,0.9956273,0.012055179,5.4757686,0.0068038115,-0.0127399415,0.99989665,0.5669274
0.99613327,-0.08774464,-0.004511675,77.66649,0.08778904,0.9960808,0.010820835,5.5216227,0.0035445238,-0.011175069,0.9999322,0.58056206
0.99662024,-0.08215274,0.00018679709,78.204636,0.08214923,0.99659413,0.0072592846,5.5573583,-0.00078252924,-0.007219405,0.9999746,0.59493047
0.9972437,-0.07407834,0.004286083,78.74022,0.0740675,0.9972504,0.0026319162,5.5952597,-0.0044692634,-0.0023072036,0.99998826,0.61003155
0.9979679,-0.06359518,0.004091686,79.25401,0.06357032,0.9979603,0.0059412112,5.629582,-0.0044611706,-0.0056690285,0.9999749,0.617716
0.9988102,-0.048653834,0.0034721424,79.75852,0.048612606,0.99875665,0.011103591,5.6606474,-0.0040080557,-0.010921588,0.99993324,0.6205426
0.9995281,-0.030453335,0.004136223,80.25611,0.030381242,0.9994029,0.016495261,5.681914,-0.004636087,-0.01636181,0.9998563,0.6201074
0.9999496,-0.008713614,0.0050892695,80.73117,0.008635925,0.99984944,0.015089556,5.680265,-0.005219986,-0.015044841,0.9998741,0.62535554
0.99982446,0.017612867,0.0064645503,81.20913,-0.017688397,0.9997743,0.011815264,5.660749,-0.006254989,-0.011927534,0.99991024,0.6321991
0.9988773,0.046646662,0.0083274655,81.654816,-0.04673037,0.99885654,0.01015454,5.6247497,-0.007844266,-0.01053228,0.9999147,0.63627344
0.996765,0.07970797,0.010351308,82.097336,-0.0798071,0.99676526,0.009541219,5.576473,-0.0095573105,-0.010336458,0.99990183,0.637782
0.9930127,0.11745902,0.011406895,82.5513,-0.11757004,0.9930188,0.0095995,5.51375,-0.01019971,-0.010873532,0.9998898,0.6415677
0.987241,0.15874913,0.012443627,82.96974,-0.15887526,0.9872497,0.009893391,5.430749,-0.010714397,-0.0117441425,0.9998746,0.6436973
0.9789268,0.20380111,0.012982427,83.38944,-0.20393202,0.97893757,0.0096997265,5.3301625,-0.010732168,-0.01214285,0.99986964,0.6451015
0.9674288,0.25283515,0.012530479,83.81171,-0.25297672,0.9674059,0.011389692,5.2051244,-0.009242342,-0.0141886305,0.99985766,0.6475529
0.95220697,0.30524406,0.011357706,84.184845,-0.30537423,0.9521526,0.012372313,5.0659757,-0.0070376922,-0.015249348,0.9998599,0.65505624
0.9325358,0.36092824,0.010431026,84.58141,-0.3610415,0.93246603,0.012540046,4.892208,-0.005200519,-0.01546007,0.999868,0.6567832
0.908581,0.4175918,0.009938682,84.920746,-0.41769454,0.9084951,0.013000906,4.709545,-0.0036001706,-0.015963703,0.9998672,0.65815604
0.87988245,0.47510713,0.009017334,85.25525,-0.47519,0.8797826,0.013347727,4.501236,-0.0015916928,-0.016029371,0.9998714,0.6518721
0.84668547,0.53204787,0.00706502,85.59294,-0.5320948,0.8466068,0.011545193,4.2542415,0.0001613021,-0.013534401,0.9999095,0.66383284
0.81039286,0.585849,0.006743489,85.86657,-0.5858869,0.8103175,0.011108083,4.0135756,0.0010432923,-0.012952825,0.99991673,0.66658026
0.77047646,0.63742113,0.007833618,86.17089,-0.6374693,0.7704226,0.009126156,3.7363827,-0.00021799054,-0.012025171,0.99992883,0.6770641
0.7281283,0.68536186,0.0104569355,86.40837,-0.6854394,0.72808003,0.008574419,3.4697511,-0.0017369057,-0.013410864,0.9999097,0.67451483
0.6831957,0.73015,0.011209761,86.648964,-0.7302324,0.6831602,0.007346222,3.1759734,-0.0022942182,-0.01320463,0.99991125,0.67564255
0.6361974,0.7714758,0.008886311,86.883804,-0.7715259,0.63617367,0.005660594,2.8526428,-0.0012862256,-0.010457267,0.9999456,0.6807406
0.58991915,0.8074462,0.005199624,87.05775,-0.8074618,0.58991694,0.0021554176,2.5464556,-0.0013269626,-0.0054700132,0.9999852,0.6963537
0.5427168,0.83989316,0.0062368116,87.25367,-0.8399162,0.54270375,0.0038077622,2.2096043,-0.00018662802,-0.0073049297,0.99997437,0.697604
0.49595526,0.86829966,0.009220947,87.40924,-0.86834794,0.49591455,0.006455863,1.8892493,0.0010328208,-0.011208802,0.9999377,0.695311
0.45030797,0.89281845,0.009946581,87.56161,-0.89286965,0.4502446,0.008035427,1.5516195,0.0026957816,-0.012499411,0.9999193,0.700027
0.40723637,0.9133153,0.0038327705,87.69403,-0.913315,0.40721163,0.005945107,1.1904122,0.0038690066,-0.005921582,0.99997604,0.69599116
0.36798033,0.92980385,-0.00749274,87.78234,-0.9298338,0.36797246,-0.00248723,0.8425219,0.0004444833,0.007882265,0.99996996,0.71764296
0.33270735,0.9429567,-0.011800133,87.87809,-0.94302744,0.33264878,-0.0067005884,0.48440918,-0.0023930687,0.013357196,0.99990904,0.7156732
0.2988607,0.95425004,-0.009471765,87.98718,-0.954297,0.29884157,-0.0034399112,0.11297792,-0.00045198237,0.010066941,0.9999503,0.72293264
0.2678046,0.9634733,-0.00065831095,88.09534,-0.9634629,0.26780507,0.004550144,-0.24376875,0.004560238,-0.0005842848,0.9999905,0.71899027
0.23939767,0.97091323,0.0041182158,88.18877,-0.97088987,0.23935339,0.009155199,-0.62329704,0.007903192,-0.006190063,0.9999507,0.72446793
0.21324512,0.97699493,0.0028614218,88.262726,-0.9769509,0.21320489,0.010566743,-1.0175328,0.009713583,-0.0050487714,0.9999412,0.73818356
0.19009794,0.9817546,-0.0046307263,88.32222,-0.98168784,0.19014047,0.0116853975,-1.4182488,0.01235268,0.0023245635,0.99992216,0.7430835
0.1690667,0.98553085,-0.012089422,88.37235,-0.9854264,0.16925716,0.016960017,-1.8207182,0.018760843,0.00904587,0.9997843,0.749968
0.14907762,0.9887378,-0.013191481,88.42663,-0.9884929,0.14936067,0.023959955,-2.2529151,0.025660409,0.009467799,0.9996271,0.7406202
0.13144286,0.99126554,-0.010770223,88.48833,-0.9909748,0.13167754,0.025118971,-2.6872642,0.026317777,0.007371315,0.99962765,0.7482335
0.11591931,0.99321866,-0.008939787,88.54182,-0.9930213,0.11608411,0.020835456,-3.1390567,0.02173194,0.0064621707,0.9997442,0.7613986
0.1011156,0.99483603,-0.008804892,88.58579,-0.99471384,0.10125492,0.017108437,-3.615508,0.017911635,0.0070284223,0.9998162,0.7803538
0.088178515,0.9960528,-0.010197681,88.622765,-0.9959834,0.0883235,0.014730646,-4.097315,0.015573202,0.0088578,0.99984086,0.7928182
0.075944245,0.9970198,-0.013579812,88.654366,-0.9970037,0.076130465,0.013740311,-4.5951643,0.0147332065,0.012495631,0.99981475,0.80384016
0.06606322,0.99768955,-0.015866548,88.679146,-0.9977018,0.066288054,0.014067165,-5.107908,0.015086433,0.01490077,0.9997765,0.81275594
0.05803693,0.9981592,-0.01761905,88.70356,-0.9981947,0.058295082,0.014490663,-5.6382484,0.015491101,0.016746257,0.99974114,0.8235965
0.051887807,0.9984661,-0.01933382,88.732285,-0.99852794,0.052178714,0.014841354,-6.186064,0.015827412,0.018535284,0.9997043,0.831371
0.046435975,0.99871886,-0.02012377,88.75712,-0.99878347,0.0467556,0.015697878,-6.741304,0.016618676,0.019370353,0.9996756,0.84286034
0.04046683,0.9989647,-0.020796731,88.78175,-0.9990304,0.040814016,0.016534034,-7.329604,0.017365726,0.020107495,0.99964833,0.8500969
0.035878383,0.99910194,-0.022552473,88.80351,-0.9992064,0.036255386,0.016521545,-7.9393497,0.01732437,0.021941818,0.9996105,0.86279297
0.032886244,0.999163,-0.024339495,88.817276,-0.9993102,0.033292897,0.016481685,-8.553557,0.017278234,0.023780694,0.99956924,0.8750199
0.029770939,0.9992289,-0.025610138,88.83852,-0.99941516,0.03018919,0.01608993,-9.198543,0.016850684,0.025116157,0.99954385,0.8881172
0.02706937,0.99929047,-0.026197817,88.85271,-0.9994998,0.02748625,0.015673192,-9.859129,0.016382163,0.025760457,0.99953526,0.8967834
0.026320538,0.9991479,-0.0317999,88.86524,-0.99952555,0.026814204,0.015188398,-10.540893,0.016028157,0.031385057,0.99938023,0.913825
0.02713045,0.9990573,-0.033897284,88.88535,-0.9995104,0.027641594,0.014693005,-11.240911,0.0156161385,0.033482075,0.9993187,0.92655087
0.029494202,0.99891526,-0.036041524,88.90224,-0.99944115,0.030040292,0.01469606,-11.94053,0.015762825,0.035587948,0.9992437,0.9397648
0.033488408,0.99871135,-0.038141195,88.9286,-0.99931353,0.034066126,0.014590214,-12.689967,0.015870744,0.037626427,0.99916726,0.951875
0.03738922,0.99848306,-0.04042544,88.9599,-0.99917686,0.037992593,0.014253471,-13.4355955,0.015767727,0.039859254,0.9990824,0.96551067
0.04159294,0.9982766,-0.041405182,88.995865,-0.9990286,0.042158235,0.012866232,-14.190014,0.014589637,0.040829837,0.9990611,0.9782796
0.04590448,0.9980616,-0.042026702,89.03187,-0.99885863,0.04641752,0.01130586,-14.969131,0.013234729,0.041459765,0.999054,0.9918867
0.049730882,0.99797964,-0.0395458,89.080215,-0.9986986,0.050139036,0.009388283,-15.761454,0.01135211,0.039027467,0.99917513,1.0028476
0.05427152,0.99780786,-0.037873052,89.12182,-0.9984743,0.054618318,0.008173722,-16.555298,0.010224372,0.037371684,0.9992506,1.017343
0.057739705,0.9976903,-0.035783816,89.177574,-0.9982728,0.05809046,0.008831187,-17.358086,0.010889496,0.035212107,0.999322,1.0317808
0.061204143,0.99755704,-0.03368045,89.23508,-0.9980191,0.061656408,0.01254662,-18.167904,0.0145925945,0.032845832,0.99935544,1.0528344
0.06263928,0.99762726,-0.02857706,89.29879,-0.9978367,0.06317461,0.01821869,-18.979877,0.01998082,0.027374033,0.9994271,1.0636691
0.062059414,0.9977499,-0.025381228,89.35818,-0.99781483,0.062601954,0.021156762,-19.804964,0.022698088,0.024012785,0.9994555,1.0889642
0.062661834,0.99774987,-0.023856929,89.41677,-0.99778533,0.0631636,0.020879267,-20.6214,0.022339191,0.022495752,0.9994989,1.1086075
0.06224921,0.997819,-0.021969626,89.47452,-0.99784833,0.06267579,0.01927746,-21.44822,0.020612398,0.020722337,0.9995743,1.1351609
0.062023867,0.9978423,-0.021546762,89.52707,-0.99788886,0.06241537,0.01798249,-22.266857,0.019288555,0.02038592,0.9996076,1.1625345
0.06284983,0.9978212,-0.020081272,89.5848,-0.99785256,0.06319919,0.017246382,-23.081947,0.018477941,0.018954204,0.9996511,1.1870184
0.062895216,0.9978619,-0.017786887,89.64262,-0.9978482,0.063206114,0.017472744,-23.901783,0.018559638,0.016649645,0.99969065,1.2122254
0.06287115,0.99789983,-0.015613398,89.702225,-0.9978409,0.06315069,0.018083507,-24.721462,0.019031538,0.014442736,0.9997161,1.2366326
0.06219917,0.99798495,-0.012564201,89.759,-0.99786705,0.062432643,0.019103905,-25.542881,0.019849837,0.011349134,0.99974006,1.2622638
0.05910751,0.99820393,-0.00978082,89.81805,-0.9980625,0.05928482,0.018919518,-26.35827,0.019465402,0.008643563,0.9997747,1.2861584
0.05346261,0.99855334,-0.0057903277,89.87803,-0.9984085,0.05355783,0.01770645,-27.18607,0.017990962,0.0048344564,0.999828,1.3094167
0.050512012,0.99872154,-0.002074948,89.92818,-0.99860317,0.050538447,0.0154594565,-28.014183,0.015544565,0.0012911367,0.99987984,1.3365412
0.04571764,0.9989543,0.00070820283,89.9677,-0.9988637,0.04570419,0.013552802,-28.86089,0.01350627,-0.0013270268,0.99990934,1.3562429
0.038037885,0.99927634,0.0004697272,90.003426,-0.99918365,0.03802823,0.013681092,-29.71197,0.013653336,-0.0009897698,0.99990773,1.383681
0.028402926,0.9995966,0.00041989266,90.02714,-0.9994971,0.028394451,0.014161524,-30.539547,0.014143897,-0.00082193647,0.9999011,1.401524
0.017959654,0.9998387,-0.0005853503,90.04255,-0.99973506,0.01796654,0.014429952,-31.35403,0.0144381495,0.00032601284,0.99989724,1.424832
0.007517066,0.99997145,-0.0009411789,90.05405,-0.99987465,0.007529786,0.013969292,-32.15745,0.013975988,0.0008360277,0.9999035,1.4430373
-0.003600072,0.99999356,0.0003775959,90.06173,-0.9999088,-0.003604399,0.013060738,-32.967525,0.013062024,-0.00033056794,0.9999161,1.4632199
-0.014544265,0.99989396,-0.0008236519,90.04647,-0.9998218,-0.014532952,0.012096833,-33.754814,0.012083589,0.0009994195,0.99992794,1.48435
-0.025699453,0.9996694,-0.00095753156,90.024635,-0.9995972,-0.025685692,0.012117838,-34.541294,0.012089245,0.0012685427,0.9999276,1.5041918
-0.036874726,0.9993193,-0.0011329198,90.00112,-0.99924546,-0.036857765,0.012293753,-35.32405,0.012243637,0.001585369,0.99992526,1.5212156
-0.047533207,0.9988698,-1.0857126e-05,89.96743,-0.9987837,-0.04752867,0.013169656,-36.09229,0.013154264,0.00063681445,0.99991477,1.5435545
-0.057834703,0.9983263,-0.00020872912,89.9239,-0.9982294,-0.05782587,0.0139822485,-36.861507,0.013946785,0.0010169935,0.99990374,1.5629109
-0.0676177,0.997711,-0.00094638474,89.87465,-0.9976063,-0.06759644,0.014615004,-37.63226,0.014517587,0.0019323278,0.99989426,1.5809726
-0.07702579,0.9970278,-0.0017083045,89.820564,-0.99691665,-0.07699087,0.01519387,-38.376373,0.015017197,0.0028733332,0.99988467,1.6022935
-0.08661635,0.99623984,-0.0020101313,89.75602,-0.9961274,-0.08657527,0.01536579,-39.131847,0.015133995,0.003333252,0.9998815,1.6231365
-0.095259234,0.9954504,-0.0021090028,89.683235,-0.99534523,-0.09521724,0.014924628,-39.86925,0.0146559235,0.003520871,0.999888,1.6443355
-0.10274466,0.9946973,-0.0045882785,89.61018,-0.9946191,-0.10267227,0.0138740195,-40.602047,0.01332937,0.0059890496,0.9998948,1.6624691
-0.108122714,0.99410176,-0.008452068,89.533325,-0.99407506,-0.10801585,0.012190954,-41.333298,0.011206099,0.009720091,0.9998915,1.6852633
-0.11203646,0.9936403,-0.011273541,89.453094,-0.9936608,-0.111917295,0.010680685,-42.044186,0.00935106,0.012398685,0.99988097,1.7064512
-0.114859864,0.9933007,-0.012704222,89.371254,-0.9933507,-0.114744306,0.009464457,-42.748444,0.007943319,0.013706819,0.9998761,1.7215832
-0.116696164,0.9930796,-0.013238146,89.29102,-0.9931427,-0.11658678,0.008739645,-43.432976,0.0071357754,0.014167237,0.9998757,1.7370977
-0.11743301,0.9929853,-0.013785598,89.2137,-0.9930548,-0.117316365,0.008972301,-44.11032,0.007292093,0.014743484,0.99986625,1.7504617
-0.11682108,0.9930461,-0.014585643,89.136696,-0.99312174,-0.11668663,0.009740366,-44.759125,0.007970687,0.015623187,0.9998477,1.7659336
-0.11427181,0.9933366,-0.014990969,89.067245,-0.99340636,-0.11411169,0.011122512,-45.40862,0.00933776,0.016163101,0.99982727,1.7833301
-0.10981663,0.9938221,-0.016075244,88.99554,-0.9939025,-0.10963411,0.011815876,-46.036057,0.009980489,0.017274793,0.9998024,1.7969332
-0.10159249,0.9947062,-0.015460447,88.941956,-0.99476606,-0.101401895,0.012636995,-46.634377,0.011002384,0.016663339,0.9998021,1.8106877
-0.090287924,0.99580646,-0.014768996,88.89666,-0.99584913,-0.09009907,0.012974464,-47.220757,0.011589388,0.015879115,0.99980825,1.8246737
-0.077306874,0.9969051,-0.014296185,88.86346,-0.99693406,-0.077118084,0.013299957,-47.790157,0.012156307,0.015280519,0.9998109,1.8433415
-0.06034461,0.99810636,-0.011950601,88.83489,-0.99808365,-0.060169324,0.014499527,-48.343105,0.0137530165,0.012802655,0.999825,1.8594042
-0.03883025,0.9991613,-0.013016769,88.82165,-0.9991011,-0.038598664,0.017573262,-48.883984,0.0170561,0.013687429,0.9997624,1.8732778
-0.014375497,0.99983746,-0.010907538,88.83164,-0.99968576,-0.014146781,0.02073677,-49.41877,0.0205791,0.0112021975,0.9997271,1.8934926
0.01373223,0.9998603,-0.0095577985,88.846344,-0.9996456,0.013946731,0.022715159,-49.94291,0.022845294,0.009242466,0.99969786,1.9095875
0.047287975,0.9988437,-0.008689969,88.89321,-0.9986166,0.04747456,0.022646133,-50.474148,0.023032509,0.007607041,0.99970734,1.9280245
0.0852091,0.9963285,-0.008341497,88.95069,-0.99613476,0.08536645,0.020734232,-50.989353,0.021370195,0.006542492,0.99975187,1.9424175
0.12683772,0.99189615,-0.0074102697,89.03441,-0.99175817,0.12695006,0.017355435,-51.48283,0.018155526,0.0051478534,0.9998236,1.9592731
0.17198135,0.9850876,-0.0050654365,89.14513,-0.985001,0.1720353,0.013361853,-51.990932,0.01403403,0.0026914515,0.9998995,1.9773412
0.21957457,0.9755959,-0.00067587756,89.275856,-0.975541,0.21956986,0.010514719,-52.48194,0.010406517,-0.0016494391,0.9999461,1.9927636
0.27085942,0.9626169,0.0021466147,89.4344,-0.962585,0.27083048,0.009094408,-52.952347,0.00817306,-0.004529626,0.9999579,2.0080295
0.32479808,0.94578046,0.0025055013,89.62638,-0.9457503,0.32476342,0.00931303,-53.4196,0.007994384,-0.005394454,0.99995506,2.0136838
0.38210654,0.92411804,-0.001039316,89.833664,-0.924066,0.38209695,0.010273459,-53.861557,0.009891006,-0.002965179,0.99994826,2.0309217
0.4415933,0.8972014,-0.005056759,90.05513,-0.8970983,0.44162017,0.01370326,-54.265537,0.014527749,-0.0015148761,0.99989486,2.0404842
0.50075716,0.86552525,-0.010432271,90.32559,-0.86535025,0.50086623,0.017423011,-54.672657,0.020305227,0.00030285458,0.9997954,2.0567772
0.55864906,0.82932806,-0.011255395,90.59373,-0.8290416,0.5587551,0.022009531,-55.033024,0.02454213,-0.0029644312,0.999696,2.0652285
0.6144146,0.7888968,-0.011708497,90.92041,-0.78851676,0.6144943,0.025293315,-55.39403,0.02714862,-0.0063082525,0.9996131,2.0724742
0.6674798,0.7445011,-0.013756438,91.25337,-0.7440645,0.66757995,0.026584715,-55.721355,0.028975872,-0.0075091003,0.9995535,2.0874064
0.7165967,0.69731945,-0.0153387,91.58604,-0.6969052,0.7167241,0.025128376,-56.013046,0.02851612,-0.0073173065,0.99956816,2.0988133
0.76242775,0.6469571,-0.012286413,91.979576,-0.6466508,0.762479,0.02168341,-56.311893,0.02339636,-0.008587029,0.99969107,2.1214314
0.80446774,0.5939361,-0.008497684,92.36627,-0.59375745,0.80446786,0.01688802,-56.570557,0.016866505,-0.0085403165,0.9998229,2.1312172
0.8416479,0.54001665,-0.0033920705,92.74874,-0.539926,0.8415956,0.01408628,-56.782207,0.01046156,-0.010024232,0.9998967,2.1456199
0.8736136,0.48661804,0.0016791134,93.18636,-0.48660284,0.87354666,0.011641992,-56.99967,0.0041984003,-0.010987674,0.99993247,2.1501856
0.89993685,0.43596256,0.0071294275,93.62715,-0.43601754,0.89987373,0.010840794,-57.178577,-0.001689427,-0.012864595,0.99991745,2.1637173
0.92069507,0.39012712,0.011044338,94.05034,-0.39025086,0.9206155,0.013148152,-57.330933,-0.005038163,-0.016415512,0.9998542,2.1779132
0.93672395,0.34978634,0.014083644,94.52184,-0.35000244,0.9365748,0.018090071,-57.47916,-0.006862753,-0.021874726,0.9997388,2.1739395
0.9490923,0.3146722,0.014343818,94.976776,-0.3149365,0.9488268,0.023324184,-57.598515,-0.006270352,-0.02665421,0.99962676,2.1792083
0.95891196,0.2834214,0.0126784025,95.45354,-0.28366098,0.9585918,0.025289016,-57.72466,-0.0049859895,-0.027846323,0.9996014,2.1629002
0.9652743,0.2609798,0.011651541,95.924545,-0.26117337,0.9650744,0.020521805,-57.849987,-0.005888853,-0.02285225,0.99972314,2.1783695
0.9692197,0.24595487,0.010957402,96.41549,-0.24611723,0.96908456,0.017399425,-57.9693,-0.0063392017,-0.019560674,0.9997902,2.1809063
0.97250557,0.23262204,0.010982043,96.91349,-0.23280866,0.97229815,0.020925231,-58.075325,-0.005810175,-0.022906624,0.99972236,2.179806
0.9747616,0.22293042,0.0119407475,97.41216,-0.2231721,0.97443986,0.025738973,-58.175785,-0.0058975657,-0.02775421,0.999599,2.1720479
0.97619385,0.2165695,0.012000949,97.931335,-0.2168529,0.9756537,0.032801777,-58.274555,-0.00460493,-0.034623343,0.9993914,2.1717882
0.97683823,0.21376042,0.009717346,98.44425,-0.21397911,0.97602236,0.03993375,-58.36942,-0.00094811426,-0.04108813,0.9991567,2.1690433
0.97706896,0.21279867,0.007345837,98.98178,-0.21291927,0.9761959,0.041333273,-58.477966,0.001624669,-0.041949537,0.9991201,2.176682
0.9765634,0.21520494,0.0034311437,99.52539,-0.21517242,0.9757915,0.039155956,-58.603428,0.005078455,-0.038976565,0.99922895,2.1804
0.9755909,0.2195793,-0.0028844445,100.07732,-0.21930744,0.97489077,0.038647868,-58.731743,0.011298274,-0.037071932,0.9992505,2.1866343
0.9746227,0.2237505,-0.006869303,100.641716,-0.22330207,0.97391087,0.040438034,-58.859035,0.015738105,-0.037877906,0.99916023,2.1929886
0.97364616,0.22799079,-0.005852563,101.21395,-0.22752318,0.97277874,0.044001598,-58.984074,0.015725194,-0.041510403,0.9990161,2.1980371
0.97234035,0.23356552,-0.0014717651,101.81514,-0.23325276,0.97132814,0.04600082,-59.120373,0.012173757,-0.044385176,0.9989421,2.2034345
0.9713261,0.23773178,0.0031619149,102.42061,-0.23763528,0.97034186,0.04435566,-59.270603,0.007476593,-0.04383521,0.99901253,2.214676
0.9702699,0.24189824,0.007893434,103.03593,-0.2420187,0.96944994,0.039937302,-59.419815,0.0020084498,-0.040660337,0.99917275,2.2238154
0.96947503,0.244893,0.012096085,103.65832,-0.24517661,0.9687812,0.036777508,-59.580647,-0.002711933,-0.03862056,0.99925196,2.230566
0.968651,0.24814181,0.011902024,104.292336,-0.24840128,0.96812934,0.0319939,-59.745045,-0.0035837025,-0.03394741,0.9994189,2.2357914
0.9684491,0.24908005,0.00813604,104.93869,-0.24921192,0.9680232,0.028736232,-59.912113,-0.0007182782,-0.029857181,0.99955565,2.2389016
0.9685855,0.24868146,0.0007107762,105.58524,-0.24860911,0.9682262,0.027069123,-60.078594,0.006043377,-0.026395468,0.99963504,2.2489371
0.9687913,0.24782877,-0.0050185113,106.24097,-0.2475583,0.96836776,0.031304806,-60.24645,0.012617981,-0.029085454,0.9994991,2.2501328
0.9692177,0.24606805,-0.008278103,106.9202,-0.24566282,0.9687624,0.03391758,-60.405758,0.016365534,-0.0308399,0.99939215,2.2581904
0.96994555,0.24328105,-0.0045859097,107.61676,-0.24300344,0.969462,0.033076495,-60.581303,0.012492734,-0.03096801,0.9994441,2.262077
0.9703212,0.24181728,0.0015555602,108.319565,-0.24176472,0.9699295,0.028070092,-60.75376,0.0052790297,-0.027613085,0.9996066,2.2768128
0.97118235,0.23822948,0.007272217,109.04702,-0.23833987,0.970799,0.027291188,-60.927864,-0.0005583187,-0.02823798,0.999603,2.2848723
0.9714986,0.23693474,0.0073292097,109.7788,-0.23704815,0.9710411,0.029814094,-61.097637,-5.2992254e-05,-0.030701727,0.9995305,2.2951016
0.9719492,0.23515551,0.0042470507,110.50678,-0.23515582,0.97130823,0.035547987,-61.258755,0.0042340886,-0.03554956,0.9993609,2.2973778
0.97288626,0.2312842,-0.0011490033,111.267136,-0.23108456,0.97223014,0.037014693,-61.43652,0.009677991,-0.035745572,0.99931604,2.306294
0.9737954,0.22738305,-0.004565878,112.01875,-0.22708032,0.9732179,0.035819724,-61.61061,0.012588377,-0.033844266,0.9993498,2.3113105
0.97465366,0.22368665,-0.004000235,112.78313,-0.22342099,0.97411263,0.034487735,-61.78595,0.011611109,-0.032719865,0.99939907,2.3214653
0.9754912,0.22002722,-0.0025392054,113.573875,-0.21984756,0.97504956,0.03077488,-61.96433,0.009247145,-0.029462388,0.99952507,2.33758
0.9759158,0.2181507,-0.00054529373,114.36516,-0.21804354,0.97550845,0.02901552,-62.136456,0.006861677,-0.028197804,0.9995808,2.3478606
0.97614354,0.21712738,0.0010864667,115.15362,-0.21708351,0.97581756,0.025622569,-62.316006,0.0045031495,-0.025247155,0.9996732,2.3553863
0.97629225,0.21645321,0.001795886,115.95629,-0.21644,0.97605014,0.021942288,-62.49853,0.0029965846,-0.021810781,0.99975973,2.36883
0.97635865,0.21614084,0.0029388526,116.758766,-0.21615374,0.9761253,0.021415727,-62.669243,0.0017601049,-0.021544669,0.9997685,2.373788
0.976356,0.21616055,0.0022732643,117.58222,-0.2161474,0.97602767,0.025534123,-62.836628,0.003300682,-0.025421752,0.99967355,2.3839536
0.97615445,0.21708068,0.00039030344,118.41236,-0.21698092,0.97564775,0.032133993,-63.00764,0.006594853,-0.03145243,0.9994856,2.3915067
0.9759846,0.21784326,0.00051244383,119.245964,-0.21768762,0.9751923,0.04017311,-63.17812,0.008251694,-0.039319888,0.9991947,2.4011953
0.97543335,0.22028142,0.002764403,120.09202,-0.22017063,0.9743607,0.04634566,-63.353874,0.007515546,-0.045815744,0.99892366,2.4137115
0.97461736,0.22382058,0.0052140933,120.945915,-0.22379766,0.9733515,0.050033793,-63.53171,0.006123431,-0.049930703,0.99873596,2.4245808
0.9741007,0.22606409,0.004972715,121.79084,-0.22602296,0.9728115,0.05053064,-63.719032,0.0065856315,-0.050345875,0.9987122,2.4375782
0.97337836,0.22919431,0.0025447928,122.64925,-0.2290351,0.9721499,0.049693912,-63.915867,0.0089156255,-0.048953816,0.9987633,2.449304
0.9729586,0.23097454,0.002084051,123.49767,-0.23082472,0.97191274,0.045908097,-64.115776,0.0085780695,-0.045147713,0.9989456,2.4628994
0.97295415,0.23100267,-0.00017323857,124.32401,-0.23082961,0.97225326,0.037990734,-64.31515,0.008944375,-0.036923237,0.9992802,2.4806244
0.9726303,0.23236203,-0.00046531245,125.18975,-0.2321797,0.9719421,0.037724275,-64.529915,0.009217929,-0.03658372,0.9992903,2.5030184
0.97227275,0.23384087,0.0024823786,126.01847,-0.23374432,0.971436,0.040959146,-64.7222,0.0071664327,-0.040403686,0.99916,2.506336
0.97218955,0.23402563,0.009029375,126.85868,-0.2341968,0.9712558,0.04261506,-64.91074,0.0012031649,-0.04354455,0.999053,2.5218337
0.97189546,0.23504752,0.013186945,127.69575,-0.23540561,0.9708793,0.04449112,-65.09928,-0.0023454241,-0.04634498,0.998925,2.5295045
0.9715712,0.2366299,0.0076051243,128.5117,-0.23672992,0.97053725,0.04492574,-65.292404,0.0032496995,-0.045448896,0.9989636,2.543898
0.9715097,0.23688956,-0.0073670405,129.32182,-0.23639545,0.9707723,0.041473784,-65.49186,0.016976412,-0.038550626,0.99911463,2.5607545
0.97146237,0.236625,-0.016473943,130.13371,-0.23585355,0.97100776,0.038972504,-65.69574,0.025218183,-0.033974864,0.9991067,2.5948694
0.97176415,0.23580724,-0.008441221,130.97145,-0.2353424,0.97119,0.037494157,-65.89631,0.017039409,-0.034448884,0.9992634,2.6039245
0.972216,0.23389357,0.009579486,131.80995,-0.23408042,0.97172946,0.030823646,-66.09636,-0.002099236,-0.032209594,0.9994812,2.6158195
0.9721196,0.23335397,0.023051012,132.63809,-0.23388892,0.9719652,0.024115395,-66.29832,-0.016777383,-0.028834404,0.9994456,2.6281362
0.97249377,0.23206922,0.020044146,133.44525,-0.23257977,0.97215545,0.02867792,-66.47841,-0.012830786,-0.03255094,0.99938995,2.6402526
0.97293854,0.23095207,0.007329232,134.25238,-0.23106149,0.9721721,0.03865417,-66.65296,0.0018019659,-0.039301615,0.999228,2.6510296
0.9731244,0.23028092,-0.0012048243,135.06064,-0.23003325,0.9722947,0.041591093,-66.83742,0.010749062,-0.040196143,0.9991362,2.6413863
0.9735715,0.22836456,-0.003159572,135.86694,-0.22809358,0.97293,0.037182383,-67.025185,0.011565165,-0.035479017,0.99930567,2.6625102
0.97414255,0.22592404,-0.002566896,136.67136,-0.22570321,0.9735826,0.034597114,-67.20485,0.010315389,-0.033123147,0.99940026,2.6831431
0.97499996,0.22218204,-0.0034988585,137.48369,-0.22194098,0.9744741,0.033830475,-67.38356,0.010926055,-0.032208152,0.9994237,2.7015097
0.97630733,0.21633634,-0.0049681664,138.28816,-0.21604352,0.97577643,0.034462146,-67.56701,0.012303219,-0.032572284,0.99939585,2.7182567
0.9769091,0.21360675,-0.0047882684,139.08687,-0.21326849,0.9762284,0.038687155,-67.72751,0.012938267,-0.036772624,0.9992421,2.7374992
0.9774388,0.21118878,-0.0038458756,139.89717,-0.21081027,0.9765016,0.044785656,-67.88253,0.013213717,-0.04296447,0.99899143,2.7504447
0.9777422,0.20980811,-0.0016742388,140.70407,-0.20951845,0.97675323,0.04535608,-68.044624,0.011151377,-0.043995753,0.99897164,2.772157
0.9779954,0.20861702,0.0024558345,141.4977,-0.2085178,0.97700506,0.04453644,-68.21304,0.0068916823,-0.044068508,0.99900687,2.7856123
0.97833765,0.2070066,0.0024178342,142.29715,-0.20691347,0.9773868,0.043633852,-68.37607,0.0066693225,-0.04318891,0.9990468,2.8017232
0.9788653,0.20451038,-0.00060401583,143.09146,-0.20431243,0.97803855,0.041220643,-68.54286,0.009020787,-0.040226042,0.999152,2.819168
0.97968507,0.2004711,-0.0055430345,143.87161,-0.20014068,0.9790827,0.03664753,-68.70553,0.012773845,-0.03479364,0.999315,2.8377216
0.9809702,0.19402696,-0.0073027937,144.66743,-0.19366008,0.9804387,0.03518557,-68.862076,0.013986876,-0.03310173,0.99935627,2.8548458
0.9822874,0.18736528,-0.0028228979,145.45798,-0.1871703,0.98176545,0.033261087,-69.01166,0.009003382,-0.032143574,0.9994449,2.866278
0.9833409,0.1817147,0.0047558555,146.24002,-0.18177605,0.98291016,0.029111475,-69.15565,0.0006153907,-0.029490992,0.99956703,2.880851
0.9841141,0.17698675,0.014046563,147.05534,-0.17733039,0.9837269,0.028945465,-69.29721,-0.00869503,-0.030976512,0.9994845,2.8980196
0.9847368,0.17321101,0.01713696,147.8417,-0.17368418,0.98429364,0.031660236,-69.426865,-0.011383911,-0.034153406,0.999354,2.8927512
0.9856194,0.16848065,0.013076035,148.64827,-0.16884223,0.9850273,0.03487068,-69.552574,-0.0070052305,-0.036576994,0.99930847,2.8993018
0.98677707,0.16205128,0.0035510464,149.44258,-0.16207415,0.98613167,0.035757825,-69.67568,0.002292785,-0.03586052,0.9993564,2.9110177
0.9877441,0.15605982,-0.0030156295,150.22897,-0.15587069,0.9871994,0.033822455,-69.802795,0.008255336,-0.03293787,0.99942553,2.9129663
0.98869586,0.14992009,-0.002566844,151.06458,-0.1497498,0.9881492,0.03373999,-69.92527,0.0075947107,-0.032974195,0.9994295,2.9201133
0.98985785,0.14206587,0.00094583293,151.88629,-0.1419903,0.9890643,0.03991164,-70.02951,0.0047345757,-0.039641142,0.99920493,2.9276295
0.99085087,0.13496955,0.00032230862,152.6995,-0.13484721,0.98984367,0.045033894,-70.12138,0.005759153,-0.04466533,0.9989876,2.9414644
0.992158,0.12489642,-0.005080819,153.49583,-0.12450791,0.99103886,0.048395373,-70.191475,0.011079681,-0.04738325,0.99881756,2.9481707
