'00':
  ARE: 0.0015765121487914921
  ATE: 0.017675203710980487
  STD_ARE: 0.0024858181419651505
  STD_ATE: 0.02000768412501822
  nsecs_per_frame: 0.39508352492827464
  rot_err: 3.83424650565298e-05
  tr_err: 0.005406974368986367
AVG:
  ARE: 0.0015765121487914921
  ATE: 0.017675203710980487
  STD_ARE: 0.0024858181419651505
  STD_ATE: 0.02000768412501822
  nsecs_per_frame: 0.39508352492827464
  rot_err: 3.83424650565298e-05
  tr_err: 0.005406974368986367
