'00':
  ARE: 0.0017566791996838002
  ATE: 0.018690560164793032
  STD_ARE: 0.0025399886319808205
  STD_ATE: 0.020137164623752864
  nsecs_per_frame: 0.3328817853106457
  rot_err: 4.472698748875794e-05
  tr_err: 0.006003253647003082
AVG:
  ARE: 0.0017566791996838002
  ATE: 0.018690560164793032
  STD_ARE: 0.0025399886319808205
  STD_ATE: 0.020137164623752864
  nsecs_per_frame: 0.3328817853106457
  rot_err: 4.472698748875794e-05
  tr_err: 0.006003253647003082
