0,1,2,3,4,5,6,7,8,9,10,11
1.0,0.0,0.0,0.0,0.0,1.0,0.0,0.0,0.0,0.0,1.0,0.0
0.9999988,0.00036605718,0.0015234078,0.78125036,-0.00037004755,0.9999965,0.0026199012,0.012063142,-0.0015224434,-0.0026204619,0.9999954,0.012855945
0.9999979,0.00062199286,0.0019686415,1.5492128,-0.0006322484,0.99998623,0.0052131265,0.017501853,-0.001965372,-0.0052143605,0.9999845,0.023823753
0.9999978,0.0011438117,0.0018237503,2.2991788,-0.0011557341,0.99997795,0.0065496513,0.019977355,-0.0018162184,-0.0065517444,0.99997693,0.040968888
0.99999845,0.0012114147,0.0013743781,3.0343459,-0.0012231923,0.99996233,0.008601181,0.026318822,-0.0013639067,-0.008602848,0.99996215,0.049743127
0.99999833,0.0014540526,0.0012482253,3.750768,-0.001465016,0.99996006,0.008827749,0.029485146,-0.0012353394,-0.008829562,0.99996036,0.06467755
0.9999956,0.0022124061,0.0020807472,4.449118,-0.002230566,0.9999592,0.0087661715,0.02904398,-0.0020612676,-0.008770773,0.9999595,0.077695645
0.99998677,0.0024626143,0.004579994,5.128228,-0.0025065236,0.9999508,0.009606336,0.030179905,-0.004556111,-0.009617688,0.99994355,0.08888354
0.9999547,0.0038634327,0.008734283,5.7836895,-0.003943355,0.99995047,0.009151815,0.029718919,-0.008698491,-0.009185842,0.9999201,0.09660371
0.9999113,0.004891017,0.012412174,6.4159203,-0.0049972385,0.9999511,0.008541347,0.029111989,-0.012369789,-0.008602615,0.99988663,0.10845418
0.9998758,0.0059577804,0.014613651,7.021792,-0.0060713384,0.9999517,0.0077387183,0.027669935,-0.014566836,-0.007826481,0.9998634,0.11629755
0.9998638,0.0074663283,0.014737738,7.6030416,-0.0075802812,0.99994177,0.007691474,0.024780756,-0.014679449,-0.0078021423,0.99986196,0.123633645
0.9998876,0.008308298,0.012509446,8.156124,-0.008420786,0.9999244,0.008966709,0.026685774,-0.012433999,-0.009071038,0.9998817,0.13091956
0.99990964,0.009496668,0.009552416,8.677759,-0.0095808655,0.9999154,0.008807674,0.023551557,-0.009467961,-0.008898396,0.9999158,0.13318807
0.9999088,0.010894739,0.008023422,9.174607,-0.010952698,0.99991405,0.007215861,0.016313385,-0.007944115,-0.007303079,0.99994195,0.13496044
0.99990064,0.012827967,0.005889629,9.649817,-0.012850257,0.99991035,0.0037629253,0.009468442,-0.005840828,-0.0038382336,0.9999757,0.14625482
0.9998783,0.0148442555,0.0048623374,10.087094,-0.0148533955,0.99988794,0.0018500544,-1.8249266e-06,-0.004834328,-0.0019220505,0.9999866,0.1645388
0.9998523,0.016950408,0.0029233156,10.493003,-0.016966736,0.99984,0.005655825,0.000940782,-0.0028269773,-0.005704588,0.99997985,0.164448
0.9998016,0.019826869,0.0020565356,10.878577,-0.019846054,0.99975526,0.009773849,-0.00071414886,-0.0018622451,-0.009812722,0.99995023,0.16875373
0.99972904,0.023122912,0.0027954401,11.229741,-0.02315132,0.9996758,0.01059871,-0.0072160354,-0.002549458,-0.010660553,0.99994004,0.16739647
0.99964863,0.026284307,0.0035188464,11.547994,-0.026307374,0.99963164,0.0066798152,-0.021382155,-0.0033419726,-0.006770039,0.9999716,0.17816807
0.9995744,0.02898091,0.003426642,11.836415,-0.02898702,0.99957836,0.0017491453,-0.036881816,-0.0033745018,-0.0018477296,0.9999927,0.18669786
0.99950004,0.031281892,0.0046597472,12.093786,-0.031274598,0.99950963,-0.0016286824,-0.05101657,-0.0047084065,0.0014821352,0.999988,0.19399054
0.9994217,0.03353305,0.0056890827,12.326421,-0.03351741,0.9994343,-0.0028218003,-0.0604624,-0.0057804836,0.0026294836,0.9999801,0.19690494
0.9993487,0.03577195,0.004817045,12.532059,-0.035764,0.99935895,-0.0017241385,-0.067383915,-0.0048756287,0.0015507374,0.9999872,0.1990338
0.9992736,0.037949845,0.0035771294,12.715486,-0.037948113,0.99927974,-0.00054691685,-0.07051332,-0.0035953044,0.00041077333,0.9999937,0.20533986
0.9991753,0.040516566,0.0027967095,12.891331,-0.040520065,0.9991782,0.0012107736,-0.077048,-0.0027453513,-0.0013230984,0.9999956,0.2087027
0.9991044,0.04225834,0.002308145,13.057833,-0.04226773,0.9990977,0.004189166,-0.0806123,-0.0021290318,-0.0042829737,0.9999888,0.21351305
0.999055,0.043458696,0.0010511187,13.210401,-0.04346354,0.99904186,0.0051583196,-0.08334032,-0.0008259349,-0.0051991297,0.99998635,0.21715696
0.99896616,0.045464918,-0.0005513654,13.367788,-0.04546177,0.9989549,0.0047582956,-0.09400707,0.00076712715,-0.0047283093,0.99998873,0.222167
0.99889314,0.04700196,-0.0019919055,13.51588,-0.046994872,0.99888927,0.003459768,-0.102498285,0.002152311,-0.0033623287,0.9999922,0.22644803
0.9988232,0.04841012,-0.003040246,13.648174,-0.04840218,0.9988246,0.0026282684,-0.11365451,0.0031639088,-0.0024780207,0.9999922,0.23092121
0.9987548,0.04970914,-0.0042983387,13.7789,-0.049695514,0.9987594,0.00321716,-0.11724004,0.0044529294,-0.0029995453,0.9999859,0.23054516
0.998675,0.05105213,-0.0065146713,13.908612,-0.051026497,0.9986893,0.004039495,-0.122258365,0.006712358,-0.0037017213,0.9999709,0.23124607
0.998616,0.051884,-0.008647437,14.027421,-0.051848322,0.9986459,0.004298188,-0.1271585,0.008858736,-0.003843883,0.99995375,0.23345265
0.9985509,0.052696344,-0.010943417,14.156245,-0.05265996,0.9986062,0.0035849996,-0.13611078,0.011117081,-0.003003524,0.9999341,0.23724407
0.99854904,0.052310523,-0.012808325,14.283119,-0.052282244,0.9986293,0.002531479,-0.14332917,0.012923191,-0.0018581571,0.9999152,0.24085468
0.99862915,0.050419874,-0.014077981,14.407206,-0.05039416,0.9987272,0.0021739542,-0.1497357,0.014169671,-0.001461525,0.99989897,0.2435305
0.9987634,0.047390416,-0.015045371,14.530461,-0.04736569,0.9988758,0.0019938215,-0.15051594,0.015122942,-0.0012787203,0.99988526,0.24411868
0.99892163,0.043518282,-0.016192771,14.658291,-0.04348092,0.9990509,0.0026505946,-0.15289949,0.016292747,-0.0019436583,0.99986583,0.24689707
0.9991338,0.03783187,-0.017345304,14.787569,-0.037785336,0.9992815,0.0030011223,-0.15208858,0.017446373,-0.0023431233,0.9998455,0.24886963
0.9993482,0.031219177,-0.018137412,14.908423,-0.03117495,0.99951035,0.0027146034,-0.1492763,0.018213272,-0.0021473998,0.9998322,0.25142673
0.9995301,0.024082199,-0.01897534,15.040738,-0.024032157,0.99970716,0.0028594637,-0.1496008,0.01903864,-0.0024021005,0.9998163,0.25345218
0.9996702,0.015946195,-0.02013858,15.169907,-0.015897656,0.99987036,0.002566731,-0.14424878,0.020176895,-0.002245727,0.99979436,0.25283265
0.9997494,0.006105095,-0.021543585,15.3154545,-0.0060698697,0.99998015,0.0016989519,-0.14391649,0.021553528,-0.0015677579,0.999767,0.2556305
0.99970585,-0.006791088,-0.023285585,15.461568,0.006795003,0.99997693,8.8060275e-05,-0.13734506,0.023284448,-0.00024625787,0.9997294,0.25857106
0.99942356,-0.022760004,-0.025192732,15.612485,0.022746257,0.999741,-0.0008329284,-0.12022473,0.025205163,0.00025941047,0.99968284,0.26432002
0.9987623,-0.04213073,-0.026438529,15.791695,0.042132445,0.99911207,-0.0004932481,-0.102727026,0.02643583,-0.0006212798,0.9996509,0.26661623
0.9976215,-0.06367391,-0.026403436,15.982415,0.0637007,0.99796915,0.00017304003,-0.07218629,0.026338795,-0.0018545435,0.9996519,0.27070096
0.9958609,-0.08724738,-0.025479363,16.182634,0.0872854,0.9961834,0.00038051605,-0.03817319,0.025348919,-0.002602915,0.9996758,0.27525726
0.9932029,-0.11383469,-0.02428494,16.417002,0.11390138,0.99349123,0.001374841,0.003307106,0.023970367,-0.0041315816,0.99970466,0.28467998
0.9893428,-0.14381957,-0.022732701,16.637455,0.14390479,0.9895894,0.0021479696,0.053394087,0.022187114,-0.00539642,0.9997398,0.28788695
0.9840578,-0.17674838,-0.019757811,16.905602,0.17682956,0.9842387,0.0024237074,0.118189305,0.01901801,-0.00587883,0.9998025,0.2970851
0.976852,-0.21327448,-0.016561383,17.167507,0.21335274,0.9769705,0.0030869166,0.19598249,0.015521616,-0.006548873,0.9998587,0.30052575
0.9673733,-0.25308123,-0.0117839165,17.416391,0.2531446,0.96741945,0.0042042173,0.28148398,0.0103359725,-0.007050078,0.99992234,0.3139362
0.9556682,-0.2943081,-0.009002116,17.710356,0.29438028,0.95565397,0.008119846,0.4043083,0.006213161,-0.010409921,0.9999271,0.30918992
0.9417094,-0.33636674,-0.0063839955,18.000443,0.33642066,0.94164145,0.011524987,0.5341373,0.0021348,-0.013000896,0.9999138,0.31499138
0.92527837,-0.3792798,-0.002569903,18.272114,0.3792782,0.9251817,0.0136786,0.6752692,-0.002810404,-0.01363122,0.9999038,0.31547332
0.90621483,-0.42280668,0.0029827831,18.586876,0.42270508,0.90611446,0.016648717,0.85059047,-0.00974195,-0.0138264755,0.9998576,0.32278675
0.8844922,-0.46649995,0.0071421564,18.885113,0.46628413,0.88439715,0.020520605,1.0422571,-0.015889386,-0.014820041,0.9997646,0.32414064
0.85997397,-0.5102669,0.008492499,19.162336,0.50994384,0.85984516,0.024977216,1.2416333,-0.020047305,-0.01714906,0.9996526,0.32315034
0.8324973,-0.5539591,0.008789817,19.468504,0.55355597,0.83233756,0.028113177,1.4810504,-0.022889668,-0.01853849,0.9995668,0.32341427
0.8021351,-0.5971059,0.0065880152,19.734692,0.5966623,0.80188394,0.031250134,1.7165987,-0.023942485,-0.02113601,0.99949056,0.3101352
0.7688886,-0.6393527,0.00617353,20.035097,0.6388412,0.7685993,0.033724114,2.0097694,-0.026306594,-0.021986183,0.99941283,0.30818972
0.7323965,-0.68085504,0.005612922,20.318134,0.6802469,0.73204756,0.03702461,2.3094368,-0.029317342,-0.023298522,0.9992993,0.29026368
0.693912,-0.72002906,0.0066210846,20.576656,0.71936095,0.6936144,0.03767111,2.6138759,-0.0317168,-0.021377487,0.99926895,0.27590233
0.653567,-0.7568371,0.00687716,20.857409,0.75615317,0.65331733,0.037537076,2.9791932,-0.03290245,-0.019332804,0.9992722,0.26852512
0.6111816,-0.79143584,0.0092664305,21.119015,0.7907491,0.61107403,0.036119614,3.350635,-0.034248862,-0.014748215,0.9993051,0.25454202
0.56674445,-0.8237996,0.012430573,21.353342,0.82308906,0.5667933,0.03563689,3.726524,-0.03640325,-0.00996553,0.9992882,0.25102857
0.52059436,-0.8537159,0.012261549,21.599049,0.8529839,0.52067,0.036353134,4.178584,-0.037419494,-0.00846632,0.99926454,0.22718751
0.47143516,-0.88183624,0.010644213,21.807838,0.881148,0.47149703,0.03562314,4.607399,-0.03643252,-0.00741486,0.99930936,0.20379083
0.4195526,-0.90764666,0.0123532275,22.013458,0.9069959,0.41972157,0.034531314,5.1096087,-0.036527175,-0.0032833586,0.999328,0.18910995
0.3661232,-0.9304491,0.01475076,22.187767,0.92987096,0.36641634,0.032852843,5.607908,-0.03597285,0.0016881367,0.9993521,0.17371999
0.3125346,-0.94979566,0.014481808,22.340527,0.94926405,0.31284755,0.032005873,6.1117854,-0.034929663,0.0037441405,0.99938345,0.16961429
0.2591036,-0.96575,0.013841483,22.467894,0.965079,0.25944263,0.036224406,6.686174,-0.038574822,0.0039722733,0.9992485,0.12542321
0.20770496,-0.97806877,0.015475786,22.574522,0.9772335,0.20817558,0.04095969,7.267045,-0.043283105,0.0066159517,0.9990416,0.09835416
0.15935938,-0.98704135,0.018797353,22.664701,0.9862036,0.1600304,0.042342015,7.8355565,-0.0448015,0.011790451,0.99892706,0.09472264
0.11465338,-0.99322116,0.019123675,22.725183,0.9923865,0.11538625,0.043071855,8.484684,-0.044986516,0.0140397735,0.9988897,0.073485464
0.074689455,-0.99705917,0.017143415,22.759478,0.99629354,0.07534558,0.04150076,9.102132,-0.042670418,0.013980234,0.99899215,0.052342914
0.038865466,-0.9991716,0.012039812,22.7688,0.998537,0.039288376,0.037153192,9.77461,-0.037595466,0.01057825,0.99923784,0.024069758
0.010346599,-0.9999092,0.008592833,22.75768,0.9992813,0.01065265,0.03638119,10.440741,-0.036469452,0.0082102595,0.99930185,-0.013618847
-0.011096943,-0.99991834,0.006281671,22.736013,0.999131,-0.010835455,0.04024844,11.158704,-0.04017712,0.0067228684,0.9991708,-0.038958896
-0.024348853,-0.99968046,0.006737951,22.70795,0.9986614,-0.024015347,0.04581278,11.897075,-0.045636363,0.0078444425,0.9989282,-0.070806876
-0.0322352,-0.9994547,0.0071006217,22.682436,0.99831325,-0.03185362,0.048541117,12.643648,-0.04828851,0.0086534,0.9987968,-0.09236321
-0.036642503,-0.99930185,0.0072361347,22.65041,0.99827963,-0.036271513,0.046069983,13.412677,-0.045775395,0.008911828,0.99891293,-0.12183199
-0.036109876,-0.99924797,0.014100982,22.62743,0.9985042,-0.035496213,0.04158851,14.191955,-0.041056737,0.015581677,0.9990363,-0.17236942
-0.03281713,-0.999121,0.026069291,22.620344,0.9986581,-0.031734053,0.040930413,14.999259,-0.040067177,0.027377572,0.99882287,-0.1692822
-0.026937665,-0.99924254,0.02807347,22.60172,0.998842,-0.02578568,0.040622573,15.831583,-0.039867938,0.029135285,0.99878114,-0.20838344
-0.021811344,-0.9994161,0.026289895,22.570816,0.99903363,-0.0207842,0.03873342,16.682709,-0.038164414,0.027109364,0.9989047,-0.26213527
-0.01807104,-0.99936694,0.030635426,22.563858,0.9992892,-0.017038764,0.03363141,17.54336,-0.03308815,0.031221457,0.9989657,-0.26409963
-0.015948618,-0.9994747,0.028200753,22.553093,0.99962264,-0.01530728,0.022816913,18.423203,-0.02237326,0.028554058,0.99934286,-0.28356898
-0.014957813,-0.99966097,0.021292089,22.523241,0.9997911,-0.014656234,0.01425494,19.32892,-0.013938046,0.021500904,0.99967265,-0.3192003
-0.01575738,-0.9997585,0.015290625,22.496672,0.99981654,-0.015587989,0.011141278,20.245142,-0.010900234,0.01546341,0.9998221,-0.32568473
-0.019423796,-0.9997925,0.0060597584,22.461645,0.9996724,-0.019319756,0.016795466,21.197405,-0.016674913,0.0063840244,0.99984163,-0.33978844
-0.023744548,-0.99971735,0.0007057758,22.414545,0.99940926,-0.023719762,0.024874976,22.175198,-0.024851222,0.0012960164,0.9996914,-0.36872426
-0.028168801,-0.9996018,-0.0013468175,22.37804,0.999012,-0.028198557,0.034352757,23.16377,-0.03437709,-0.00037780066,0.99941,-0.37619224
-0.030420765,-0.9995324,-0.0029596589,22.339716,0.9985588,-0.030521952,0.04414752,24.174906,-0.04421726,-0.0016123838,0.9990218,-0.41934335
-0.03109111,-0.9995157,-0.000941796,22.305033,0.9981713,-0.03109823,0.051838726,25.191519,-0.05184297,0.00067166146,0.9986562,-0.45008576
-0.033006124,-0.9994546,0.0004535606,22.268194,0.99800533,-0.03293391,0.053861044,26.21852,-0.053816795,0.002230414,0.9985495,-0.47880736
-0.034354307,-0.9994089,-0.0009057765,22.23014,0.9981382,-0.034356397,0.05039999,27.226625,-0.050401375,0.00082737824,0.9987299,-0.53375435
-0.037287254,-0.99929255,-0.004824702,22.182667,0.9982625,-0.037468493,0.045479592,28.26529,-0.045628242,-0.0031205039,0.99895483,-0.56814325
-0.041361954,-0.9991288,-0.005469486,22.126804,0.99833125,-0.04154859,0.040108018,29.29494,-0.040300373,-0.0038014078,0.9991816,-0.59126997
-0.047083415,-0.9988804,-0.0045042816,22.083597,0.9982359,-0.047215465,0.035999507,30.321949,-0.03617191,-0.0028013494,0.9993429,-0.62305427
-0.05393161,-0.9985229,-0.0065274034,22.015194,0.9979763,-0.05412041,0.033382554,31.373257,-0.033686545,-0.004713816,0.99942255,-0.65594983
-0.060015336,-0.9981796,-0.00589639,21.946693,0.99754155,-0.060189094,0.03589303,32.41665,-0.036182627,-0.003727757,0.9993395,-0.6841181
-0.06680868,-0.99773383,-0.00793957,21.870567,0.99692273,-0.067077294,0.04056824,33.48728,-0.041008916,-0.0052048247,0.99914646,-0.70522785
-0.07285147,-0.99728775,-0.010447619,21.788794,0.9963564,-0.07324135,0.043700963,34.55268,-0.04434768,-0.007225873,0.9989913,-0.7436707
-0.07674975,-0.99694777,-0.014281336,21.697206,0.99595946,-0.07732794,0.045666277,35.60356,-0.04663129,-0.010718761,0.99885595,-0.77812123
-0.07995902,-0.9966221,-0.018720388,21.601557,0.9956117,-0.080765985,0.047270223,36.695297,-0.04862257,-0.014858567,0.998708,-0.8144078
-0.08081664,-0.99646664,-0.02285734,21.50675,0.99548495,-0.08184016,0.048086405,37.758533,-0.0497872,-0.01886797,0.99858296,-0.8621976
-0.08289594,-0.9962691,-0.023993755,21.402788,0.99530995,-0.08397302,0.048032094,38.84788,-0.049867775,-0.019899573,0.9985589,-0.8958371
-0.084358655,-0.99613446,-0.024480399,21.304827,0.9952106,-0.08544753,0.04748696,39.923447,-0.049395245,-0.02035723,0.9985732,-0.9324703
-0.08488477,-0.99606115,-0.02561799,21.208412,0.99519277,-0.086015284,0.046829488,40.998943,-0.048848633,-0.021519748,0.9985757,-0.97271645
-0.086106084,-0.99591017,-0.027353855,21.104197,0.99511737,-0.087302305,0.046044942,42.094296,-0.048244737,-0.023255568,0.99856615,-1.0120897
-0.08681739,-0.9957244,-0.0315471,20.998734,0.99513817,-0.08815771,0.043915223,43.181507,-0.046508633,-0.027581148,0.9985384,-1.0457829
-0.08667977,-0.995547,-0.037043266,20.88791,0.9953533,-0.08810841,0.038846165,44.264397,-0.041937057,-0.033504,0.99855965,-1.0844109
-0.08616983,-0.9955115,-0.039129935,20.78655,0.9954439,-0.087640524,0.037562814,45.37161,-0.04082363,-0.03571492,0.9985292,-1.1252437
-0.08388841,-0.9956901,-0.039540723,20.68441,0.99547124,-0.08551891,0.041520543,46.475697,-0.04472313,-0.035878606,0.9983563,-1.1588547
-0.08244491,-0.995805,-0.039682936,20.5843,0.99541754,-0.08421797,0.04529631,47.596676,-0.048448373,-0.035766684,0.9981864,-1.1986986
-0.080395564,-0.9960566,-0.037514195,20.487055,0.995596,-0.08206553,0.045325328,48.694336,-0.048225276,-0.033705063,0.99826896,-1.2305287
-0.078516886,-0.99621785,-0.037211046,20.394701,0.99579144,-0.08014413,0.04446249,49.812828,-0.04727663,-0.033563416,0.9983192,-1.271167
-0.0741918,-0.99642265,-0.040461425,20.300303,0.9960968,-0.07599137,0.04491276,50.92411,-0.047826864,-0.03697137,0.99817264,-1.3128202
-0.06792808,-0.99662554,-0.046075094,20.208574,0.9965019,-0.07002844,0.045612253,52.04766,-0.048684962,-0.04281561,0.99789757,-1.3549641
-0.062373523,-0.99684566,-0.049069945,20.119287,0.99686193,-0.06462522,0.045720454,53.177708,-0.048747454,-0.04606426,0.9977498,-1.3933736
-0.05580959,-0.9971745,-0.050279,20.04204,0.9972991,-0.058083575,0.044959586,54.30153,-0.047753,-0.047634073,0.99772424,-1.4344329
-0.050792623,-0.99748117,-0.04951029,19.977583,0.9976117,-0.05299826,0.044301134,55.441517,-0.046813563,-0.04714192,0.9977922,-1.4723872
-0.04538317,-0.99783975,-0.047497373,19.916794,0.99789536,-0.047487967,0.044163276,56.577225,-0.046323482,-0.045393176,0.99789613,-1.5092608
-0.03960956,-0.9981296,-0.04656406,19.867554,0.9981235,-0.04170155,0.04484653,57.715626,-0.0467045,-0.04470036,0.99790967,-1.5486516
-0.034519583,-0.9984317,-0.044073477,19.819613,0.9982478,-0.036567185,0.0465279,58.862854,-0.048066627,-0.042390157,0.99794585,-1.582376
-0.028999116,-0.99853474,-0.045686055,19.776438,0.99839234,-0.031161614,0.04735287,60.011135,-0.04870719,-0.044239447,0.99783456,-1.6330514
-0.023106804,-0.99873203,-0.044722438,19.742405,0.99856055,-0.02522285,0.04734165,61.158844,-0.048409704,-0.043564178,0.99787873,-1.6708384
-0.018740809,-0.9988326,-0.044519067,19.709908,0.99884933,-0.020670332,0.04328184,62.3069,-0.044151586,-0.043656737,0.99807215,-1.7086298
-0.014231458,-0.99894047,-0.043760188,19.68744,0.9991556,-0.0158947,0.037895884,63.463623,-0.038551334,-0.04318395,0.9983247,-1.7381971
-0.010924034,-0.9989613,-0.044232275,19.665245,0.99923646,-0.01256552,0.03700214,64.62209,-0.03751955,-0.043794323,0.9983374,-1.7737548
-0.007577245,-0.9990338,-0.043284886,19.654036,0.9991894,-0.009276061,0.0391802,65.78885,-0.039543904,-0.04295295,0.99829584,-1.8082227
-0.0049120085,-0.9990734,-0.042753294,19.641403,0.9992023,-0.006598493,0.03939352,66.95401,-0.03963917,-0.042525716,0.99831045,-1.8364521
-0.0043411483,-0.9989974,-0.0445534,19.625801,0.99922705,-0.006074782,0.038848057,68.13169,-0.039079804,-0.044350345,0.99825317,-1.8742751
-0.003169492,-0.9989569,-0.045549057,19.613253,0.9991978,-0.0049825846,0.03974511,69.30259,-0.03993065,-0.04538658,0.9981729,-1.9072945
-0.0026852167,-0.9989455,-0.04583051,19.598936,0.9992046,-0.0045042215,0.039630916,70.48988,-0.0397956,-0.045687675,0.99816453,-1.9363451
-0.0014966916,-0.99891055,-0.046639726,19.586254,0.99927706,-0.003266348,0.037888177,71.66735,-0.037999284,-0.046549335,0.99819475,-1.9679861
-0.0002566859,-0.99897563,-0.045248438,19.579218,0.99933064,-0.0019121241,0.036544144,72.844406,-0.03659327,-0.045208804,0.9983089,-1.9989145
-0.00061633927,-0.9991318,-0.041655324,19.575964,0.99934226,-0.0021263545,0.036213584,74.033394,-0.036270753,-0.041605633,0.99847734,-2.0268152
-0.00072178553,-0.999228,-0.03927849,19.574835,0.99932694,-0.0021619536,0.036633268,75.217255,-0.036689937,-0.03922563,0.99855846,-2.0536506
-7.896172e-05,-0.9992505,-0.038709015,19.565708,0.99922,-0.0016080535,0.039470464,76.39401,-0.03950316,-0.03867572,0.9984726,-2.0795467
-8.335383e-05,-0.9991632,-0.040899817,19.559933,0.9990776,-0.0018401089,0.042914785,77.58637,-0.042954177,-0.040858533,0.9982431,-2.115287
0.0010684065,-0.9990846,-0.04276374,19.553156,0.99906147,-0.0007860074,0.0433219,78.75945,-0.0433159,-0.04276991,0.9981474,-2.1480305
0.00089978287,-0.99902517,-0.04413338,19.542126,0.99914217,-0.00092985155,0.04141697,79.94738,-0.041417673,-0.044132803,0.9981687,-2.1793678
0.0012232438,-0.99901795,-0.044289403,19.537533,0.99924093,-0.00050423946,0.038970366,81.12859,-0.038954467,-0.044303466,0.9982603,-2.210991
0.0015829194,-0.99910074,-0.042369492,19.53554,0.9992637,-4.4738583e-05,0.038385328,82.300354,-0.038352747,-0.042399067,0.9983663,-2.2363791
0.0011738741,-0.9991702,-0.040712126,19.533806,0.9992193,-0.00043651808,0.03952209,83.4914,-0.039507106,-0.040726744,0.9983909,-2.2655325
0.0013648558,-0.99918395,-0.040366553,19.533237,0.9991115,-0.0003386692,0.042162392,84.67176,-0.042141702,-0.040388234,0.998297,-2.2969398
0.002369475,-0.99918425,-0.04031246,19.530098,0.99899775,0.0005625078,0.044774387,85.838684,-0.044715233,-0.04037815,0.99818546,-2.3283823
0.0022112567,-0.9991321,-0.041593775,19.523848,0.9989907,0.00034021662,0.04493504,87.01707,-0.044881936,-0.041651156,0.9981257,-2.3657687
0.003014845,-0.9991482,-0.041154683,19.521986,0.99906766,0.0012361724,0.04317441,88.18,-0.0430868,-0.041246478,0.9982216,-2.3962743
0.0026170071,-0.9991984,-0.0399457,19.520082,0.99913186,0.0009508721,0.041670058,89.34897,-0.04159871,-0.04002007,0.9983346,-2.428193
0.002639471,-0.9992629,-0.038294625,19.518364,0.99909824,0.0010114607,0.042467836,90.51997,-0.04239784,-0.03837218,0.9983657,-2.459239
0.0032602136,-0.9993474,-0.03597192,19.522924,0.99897414,0.0016291732,0.045276236,91.68172,-0.045188125,-0.036082618,0.9983287,-2.494678
0.002927766,-0.9994119,-0.034165252,19.520557,0.998863,0.0012962497,0.047676038,92.84703,-0.047603756,-0.034265976,0.9982805,-2.5275114
0.0034802498,-0.99938864,-0.034787744,19.518463,0.9987783,0.001758313,0.049404588,94.01167,-0.04931326,-0.03491717,0.998175,-2.5655363
0.0045650695,-0.9993014,-0.037092507,19.516426,0.9986985,0.0026709146,0.050953515,95.16813,-0.05081889,-0.03727682,0.99801415,-2.6090386
0.0045275027,-0.9992228,-0.039154775,19.508057,0.99873024,0.0025528586,0.0503334,96.32798,-0.050194375,-0.03933293,0.9979668,-2.651971
0.0052908575,-0.9991046,-0.041973565,19.505737,0.99888515,0.0033104173,0.047111064,97.47595,-0.04692998,-0.04217602,0.99800956,-2.6840615
0.00538531,-0.99904,-0.043471806,19.501259,0.9989768,0.0034216202,0.04511837,98.64521,-0.044926364,-0.04367029,0.9980375,-2.7260075
0.0052484167,-0.9990301,-0.043715395,19.496584,0.99903727,0.0033332447,0.04376638,99.79699,-0.043578267,-0.043903,0.99808717,-2.7588124
0.0056674974,-0.99910784,-0.041847207,19.500603,0.99903417,0.0038325437,0.043797694,100.95158,-0.043598287,-0.042054996,0.9981659,-2.7911074
0.005165383,-0.99910367,-0.04201181,19.501587,0.99893683,0.0032297426,0.04600983,102.112724,-0.04583295,-0.042204786,0.9980595,-2.8313947
0.0060617607,-0.99919456,-0.039665107,19.5032,0.9988379,0.0041524777,0.048039585,103.266716,-0.047836237,-0.0399102,0.9980599,-2.8649642
0.0051397556,-0.9990263,-0.043816447,19.49919,0.99887615,0.0030634438,0.047320835,104.43638,-0.04714058,-0.044010412,0.9979207,-2.9069564
0.005152344,-0.99882287,-0.04823031,19.491657,0.998843,0.0028331713,0.048029117,105.607086,-0.047835987,-0.04842197,0.9976833,-2.9542472
0.005512959,-0.9986644,-0.051370643,19.484516,0.99887097,0.0030743196,0.04742853,106.77037,-0.047207303,-0.051574126,0.99755526,-2.9988174
0.0048553413,-0.99862254,-0.05224263,19.48017,0.999035,0.0025621473,0.04387127,107.96398,-0.043677025,-0.052405227,0.9976728,-3.0348425
0.0038559423,-0.99857014,-0.05331718,19.479832,0.9992127,0.0017405325,0.039664056,109.14697,-0.03951457,-0.053428143,0.9977921,-3.0746787
0.0034235478,-0.99875385,-0.049788784,19.47643,0.9992589,0.0015062103,0.03849441,110.33407,-0.03837148,-0.049883656,0.99802023,-3.1111307
0.0025291787,-0.9989847,-0.044978086,19.480978,0.99927706,0.0008171069,0.038040422,111.536224,-0.03796508,-0.045041762,0.998266,-3.138665
0.002376798,-0.9990144,-0.04432366,19.477226,0.99921757,0.0006212968,0.0395763,112.73779,-0.03950979,-0.044383027,0.9982356,-3.174462
0.0013885846,-0.99905485,-0.043445434,19.474377,0.9990653,-0.0004924044,0.043252837,113.954254,-0.043233387,-0.04346486,0.99812174,-3.2154212
0.0007348354,-0.99913347,-0.04161505,19.471336,0.999044,-0.0010867123,0.043729763,115.16905,-0.043737132,-0.041607372,0.9981789,-3.2543216
0.0006337363,-0.9991352,-0.041574787,19.458944,0.9992218,-0.0010082923,0.039460845,116.38698,-0.039468672,-0.04156741,0.9983584,-3.290357
-0.00083375827,-0.9991033,-0.042331666,19.453072,0.9993621,-0.002345411,0.035670564,117.63073,-0.035737887,-0.04227489,0.99846923,-3.3287847
-0.0013503312,-0.999146,-0.04129737,19.446636,0.99941236,-0.0027644774,0.03420295,118.867226,-0.03428793,-0.04122688,0.9985639,-3.35843
-0.0021909617,-0.99908525,-0.04270761,19.436695,0.9993747,-0.003696484,0.03520272,120.11369,-0.03532841,-0.04260374,0.9984698,-3.38804
-0.0021378594,-0.99886,-0.047688123,19.419064,0.9992105,-0.0040273187,0.03955847,121.37335,-0.039705463,-0.04756587,0.9980812,-3.4245248
-0.0017255049,-0.99857426,-0.053353235,19.40122,0.9990588,-0.004035688,0.043220747,122.631096,-0.043374483,-0.05322841,0.99764246,-3.4611642
-0.001962272,-0.99817103,-0.06042268,19.379791,0.9990513,-0.0045875665,0.043339327,123.904854,-0.043537296,-0.060280293,0.9972341,-3.502001
-0.0017117353,-0.9979358,-0.06419832,19.361542,0.9991461,-0.0043591824,0.041119814,125.17146,-0.04131483,-0.0640731,0.9970922,-3.5404527
-0.0017731222,-0.99780303,-0.06622768,19.3462,0.99919325,-0.004427365,0.03995096,126.42532,-0.04015645,-0.0661034,0.997007,-3.5758226
-0.0027788128,-0.99778306,-0.066492625,19.33382,0.9992156,-0.005399628,0.039266575,127.69285,-0.039538607,-0.066331334,0.99701655,-3.6099865
-0.002586203,-0.9979132,-0.064518124,19.321371,0.9992375,-0.0050949804,0.038749278,128.94443,-0.03899718,-0.06436869,0.9971665,-3.6354334
-0.0035930239,-0.9979085,-0.06454259,19.312181,0.9992148,-0.0061319955,0.0391816,130.20833,-0.039495476,-0.0643511,0.9971481,-3.66691
-0.004048149,-0.9979023,-0.06461171,19.303696,0.9990133,-0.0068957154,0.043908607,131.4697,-0.044262093,-0.06437016,0.99694663,-3.7038248
-0.0039314856,-0.99799573,-0.063159555,19.291437,0.99881953,-0.006979157,0.048104193,132.71733,-0.048448633,-0.06289583,0.9968461,-3.7440622
-0.004350543,-0.99796784,-0.063571595,19.274813,0.9988618,-0.007358758,0.04716143,133.98283,-0.047533453,-0.063294016,0.996865,-3.7824075
-0.0036274833,-0.9979504,-0.0638902,19.263247,0.9989398,-0.0065507293,0.045602944,135.23596,-0.045928054,-0.06365698,0.9969171,-3.826713
-0.0021418254,-0.99803334,-0.06264888,19.247662,0.99896544,-0.0049836435,0.045238614,136.47946,-0.04546192,-0.062487118,0.9970125,-3.8644779
-0.001608457,-0.99802095,-0.062861994,19.237303,0.99900466,-0.0044083763,0.044426076,137.73895,-0.044615325,-0.062727906,0.9970357,-3.9022684
-0.00029276265,-0.99803656,-0.06263444,19.226221,0.9989229,-0.0032005901,0.04632874,138.98093,-0.04643829,-0.06255334,0.99696344,-3.9389327
0.0005459307,-0.9979736,-0.06362801,19.21761,0.9987501,-0.0026383582,0.04994932,140.23703,-0.050016027,-0.06357568,0.99672574,-3.9818914
0.002060709,-0.9979075,-0.06462639,19.207668,0.99868727,-0.0012563828,0.05124336,141.48744,-0.051217385,-0.06464707,0.99659586,-4.02425
0.003362322,-0.9977351,-0.06718354,19.19643,0.998815,8.61584e-05,0.048706718,142.72424,-0.048590668,-0.06726762,0.99655396,-4.0698223
0.002828493,-0.9977823,-0.066503674,19.191917,0.99895865,-0.00021188945,0.045664884,143.97356,-0.045577757,-0.0665635,0.99674356,-4.111638
0.0027748568,-0.99797255,-0.063586645,19.19254,0.99902856,-3.2746655e-05,0.044109214,145.2095,-0.04402192,-0.063647196,0.9970039,-4.1464205
0.0028511824,-0.9980629,-0.062149312,19.185926,0.99905527,0.00014515202,0.04350062,146.43893,-0.04340738,-0.062214542,0.99712133,-4.1830587
0.0022155282,-0.99820423,-0.05986399,19.186136,0.9990541,-0.00039307936,0.043527365,147.68011,-0.043472774,-0.05990371,0.99726,-4.222074
0.0024753162,-0.99835986,-0.057198998,19.181026,0.999084,2.282462e-05,0.04283602,148.91414,-0.042764507,-0.05725255,0.9974463,-4.246394
0.0019423605,-0.9983749,-0.056957837,19.180576,0.99910134,-0.0004767793,0.042426743,150.1525,-0.042384993,-0.056988973,0.99747765,-4.2873645
0.001843883,-0.9985125,-0.054495092,19.177767,0.99899817,-0.00059975235,0.044789568,151.39049,-0.044755675,-0.054522995,0.9975119,-4.322619
0.0020043857,-0.9986541,-0.05182827,19.176142,0.9989221,-0.00040624774,0.04645808,152.61653,-0.046416666,-0.05186543,0.9975777,-4.360863
0.001503025,-0.9987651,-0.04966209,19.172335,0.9989798,-0.00074412173,0.045197655,153.8507,-0.04517885,-0.04967926,0.9977459,-4.3946276
0.0008879199,-0.9987041,-0.050888855,19.165173,0.99898326,-0.0014102515,0.04510529,155.07721,-0.04511866,-0.050877064,0.9976882,-4.438334
0.0018104652,-0.9986769,-0.05139514,19.160833,0.99875987,-0.00075345236,0.049821656,156.3048,-0.04979452,-0.051421504,0.99743783,-4.4731197
0.0022232966,-0.99843776,-0.05583288,19.15171,0.9984258,-0.00091484893,0.05611625,157.54514,-0.05607973,-0.05586966,0.9968648,-4.52519
0.0041857013,-0.9981257,-0.061055887,19.141825,0.9983853,0.0007100323,0.056835745,158.7653,-0.056685936,-0.061195105,0.9965177,-4.5723276
0.0053580003,-0.9978916,-0.06468231,19.129135,0.9985929,0.0019241512,0.053032774,159.99715,-0.052796565,-0.064875364,0.9964986,-4.6243777
0.006574053,-0.9977158,-0.06723272,19.121113,0.9988483,0.0033533704,0.04790356,161.22075,-0.047568742,-0.06747013,0.99658954,-4.6647716
0.00785194,-0.9975635,-0.06932333,19.120485,0.9989377,0.004673915,0.045886256,162.43657,-0.0454505,-0.06960991,0.99654126,-4.713598
0.0083082365,-0.99786395,-0.06479687,19.127342,0.9990704,0.005539201,0.042796206,163.65768,-0.04234593,-0.06509212,0.99698323,-4.7454395
0.008092793,-0.9981253,-0.060666744,19.127424,0.9992465,0.0057658073,0.03843312,164.87668,-0.038011335,-0.060931973,0.9974208,-4.779952
0.007911054,-0.9984395,-0.055281874,19.13455,0.9993514,0.00594867,0.035571355,166.09186,-0.035187047,-0.05552733,0.99783987,-4.8028693
0.0067471704,-0.99862,-0.05208295,19.140108,0.9992812,0.0047876104,0.037655953,167.3145,-0.037354693,-0.052299485,0.9979355,-4.832383
0.0075604785,-0.99859565,-0.05243594,19.144564,0.99900615,0.005236946,0.044307183,168.53835,-0.04397042,-0.052718706,0.9976438,-4.867648
0.008806412,-0.99853843,-0.05332333,19.145916,0.9988641,0.0062847156,0.04727377,169.7631,-0.04686962,-0.053678975,0.9974606,-4.909181
0.010647815,-0.9984274,-0.05503971,19.14822,0.9989566,0.00817408,0.044974707,170.9833,-0.044454142,-0.05546107,0.99747366,-4.9391747
0.012058752,-0.9983178,-0.056711968,19.151793,0.9989757,0.009551492,0.04427447,172.19995,-0.043658365,-0.057187676,0.9974114,-4.9828095
0.012367745,-0.99837244,-0.055674434,19.162899,0.99892133,0.009841434,0.045423053,173.41376,-0.044801265,-0.056176066,0.9974182,-5.022279
0.01326,-0.9983945,-0.05507048,19.169706,0.9989704,0.010835158,0.044098064,174.61472,-0.043430623,-0.055598423,0.9975112,-5.0514426
0.015293177,-0.9983291,-0.05572621,19.178118,0.9990046,0.012917637,0.042741444,175.8031,-0.041950226,-0.0563243,0.99753386,-5.0805173
0.016464379,-0.9982501,-0.056796655,19.185703,0.99893403,0.013969891,0.044039544,176.96721,-0.04316909,-0.057461105,0.997417,-5.1144466
0.018488692,-0.998217,-0.05675605,19.198874,0.9988129,0.015879007,0.046091415,178.085,-0.045108058,-0.057540752,0.99732655,-5.1368923
0.01871303,-0.9981777,-0.05737095,19.208591,0.99874085,0.015988186,0.04759083,179.1869,-0.046586897,-0.058189187,0.997221,-5.1608047
0.019115165,-0.9981231,-0.05818196,19.223043,0.9986723,0.016274316,0.04891425,180.2587,-0.047875624,-0.05903962,0.99711,-5.1899595
0.019570353,-0.9981938,-0.056801982,19.23768,0.9986142,0.016736973,0.04993491,181.29901,-0.048894074,-0.05770041,0.99713904,-5.2124267
0.019495862,-0.9981609,-0.05740282,19.248154,0.99864453,0.016667295,0.049347848,182.31049,-0.048300393,-0.05828699,0.99713385,-5.2387223
0.021137195,-0.9980855,-0.05812907,19.260876,0.9986212,0.018280244,0.04924763,183.30359,-0.048090775,-0.05908978,0.9970968,-5.26265
0.022142371,-0.99803126,-0.058683295,19.275087,0.99858207,0.019233482,0.04967804,184.26855,-0.04845159,-0.059699975,0.997043,-5.2939124
0.021525545,-0.99809366,-0.05784573,19.293383,0.99865085,0.018728105,0.048474003,185.21416,-0.047298294,-0.058811016,0.99715126,-5.316556
0.018558027,-0.9983069,-0.055132184,19.305704,0.9988339,0.016050728,0.045576807,186.13379,-0.044614762,-0.055913605,0.99744165,-5.332036
0.013375408,-0.99839115,-0.055106767,19.309246,0.99905336,0.011059387,0.042119436,187.06812,-0.041442256,-0.055617858,0.9975951,-5.355323
0.008491843,-0.99831384,-0.057427537,19.305885,0.99922144,0.0062558157,0.03900354,187.98686,-0.038578548,-0.05771393,0.9975909,-5.382548
0.00477435,-0.9982307,-0.059273746,19.299526,0.9992787,0.0025262625,0.037943054,188.91205,-0.037726205,-0.05941204,0.99752384,-5.4069133
0.0018709367,-0.99810535,-0.061504927,19.287691,0.99925864,-0.0005024222,0.03854867,189.84009,-0.03850656,-0.061531343,0.99736553,-5.4322968
0.00020461995,-0.9981727,-0.060430687,19.287174,0.99919575,-0.0022221433,0.040086444,190.75562,-0.040147506,-0.06039018,0.99737054,-5.4541726
-0.0017675123,-0.99834204,-0.057538632,19.285812,0.9991225,-0.0041737026,0.04172387,191.68494,-0.04189487,-0.057414286,0.9974745,-5.472042
-0.0031666213,-0.99842745,-0.05597522,19.276127,0.99909043,-0.0055418434,0.04232766,192.59602,-0.042571336,-0.055790164,0.997538,-5.4957194
-0.0038875632,-0.9984159,-0.056135647,19.270311,0.99912065,-0.006224289,0.041510105,193.50078,-0.041793786,-0.055924807,0.9975633,-5.513396
-0.0048943916,-0.9983053,-0.0579931,19.255136,0.9991626,-0.007240854,0.040318623,194.40689,-0.040670246,-0.057747103,0.9975059,-5.540058
-0.004385351,-0.99809307,-0.061576758,19.24112,0.99920285,-0.006820044,0.039383285,195.3098,-0.03972817,-0.061354868,0.99732846,-5.571873
-0.003958309,-0.99794453,-0.06396754,19.230967,0.99926347,-0.0063922433,0.03788831,196.22585,-0.038219355,-0.06377037,0.9972359,-5.591414
-0.0032013122,-0.9979047,-0.064627044,19.217909,0.99935806,-0.0055023013,0.03545617,197.13353,-0.035737503,-0.06447196,0.9972828,-5.614782
-0.002465882,-0.99791926,-0.06443428,19.212063,0.99945724,-0.004580058,0.03268286,198.04507,-0.032909993,-0.06431863,0.99739003,-5.6365466
-0.0019901092,-0.9979359,-0.06419361,19.203146,0.9994696,-0.0040755332,0.032370493,198.97054,-0.03256532,-0.06409504,0.9974157,-5.657807
-0.0013535289,-0.9980822,-0.061893884,19.199219,0.99939346,-0.0035073948,0.034702495,199.90088,-0.034853056,-0.061809275,0.9974827,-5.6817846
-0.0009445494,-0.9981339,-0.061061874,19.196606,0.99934053,-0.0031620513,0.03622778,200.83397,-0.036353286,-0.060987283,0.99747974,-5.701934
-0.0010681575,-0.9984118,-0.056333292,19.194206,0.9994647,-0.0029114818,0.03264827,201.77939,-0.032760452,-0.056268148,0.99788153,-5.7181363
-0.0006094299,-0.99848485,-0.055030257,19.188354,0.9995705,-0.0022245783,0.029292105,202.7123,-0.029370163,-0.054988656,0.9980584,-5.7324786
-0.00026745975,-0.99824107,-0.059290115,19.178165,0.9995568,-0.0020360358,0.029769309,203.66444,-0.029837688,-0.059255768,0.99780023,-5.7603354
0.0014104666,-0.9981846,-0.06021657,19.17103,0.999458,-0.00057722896,0.03297757,204.6354,-0.032952487,-0.060230333,0.9976439,-5.793386
0.0036974405,-0.9982938,-0.058277935,19.168762,0.9994447,0.0017555073,0.033336595,205.59329,-0.03317744,-0.058368724,0.99774706,-5.8049
0.005498333,-0.9983631,-0.056933645,19.166025,0.99941355,0.0035583964,0.034117777,206.57726,-0.03385937,-0.057087738,0.9977983,-5.8270864
0.007754069,-0.9983202,-0.0574204,19.16814,0.9992415,0.0055410247,0.038599227,207.55621,-0.03821626,-0.057676036,0.9976072,-5.861923
0.009013138,-0.9984785,-0.054405656,19.169474,0.9990645,0.006687749,0.04277211,208.55586,-0.04234322,-0.05474016,0.9976059,-5.885398
0.010287099,-0.99850136,-0.053756643,19.177303,0.9990076,0.007930003,0.043877047,209.55153,-0.04338504,-0.05415455,0.99759316,-5.909441
0.013044625,-0.9983194,-0.05647008,19.179089,0.99895686,0.010536851,0.04447996,210.54672,-0.04381023,-0.056991294,0.9974165,-5.945148
0.015637577,-0.9981412,-0.05890866,19.180916,0.9988661,0.012942108,0.04586262,211.56232,-0.045015007,-0.059558935,0.9972128,-5.9884157
0.019664748,-0.99803627,-0.05947716,19.194803,0.9987811,0.016913066,0.046418417,212.58696,-0.045321364,-0.06031736,0.99715334,-6.0165825
0.02220655,-0.9977848,-0.0627147,19.207582,0.9988372,0.019454159,0.044161554,213.61891,-0.0428437,-0.06362234,0.9970575,-6.0541825
0.024901062,-0.99767846,-0.06339043,19.225668,0.9989048,0.022315316,0.041176535,214.65349,-0.0396664,-0.06434624,0.9971425,-6.083824
0.027109805,-0.9976917,-0.06226543,19.247137,0.998894,0.024639752,0.040100295,215.68233,-0.038473554,-0.06328357,0.9972573,-6.113031
0.028362716,-0.99765325,-0.062323548,19.269258,0.9987769,0.02575476,0.04225727,216.73282,-0.040553007,-0.063445754,0.9971646,-6.1434283
0.030457426,-0.99750996,-0.06361507,19.29621,0.99859834,0.027607745,0.04520395,217.79099,-0.04333516,-0.0649026,0.9969538,-6.1825733
0.031263676,-0.997493,-0.06349018,19.320415,0.99857587,0.028420817,0.045196034,218.86246,-0.04327832,-0.06481266,0.9969621,-6.2144456
0.032113973,-0.9975159,-0.06270138,19.34909,0.9986606,0.029474847,0.04257086,219.9276,-0.040617026,-0.063984424,0.99712753,-6.247524
0.032483004,-0.99763745,-0.060540654,19.38077,0.99875736,0.030106133,0.03976756,220.99446,-0.037850995,-0.061757095,0.9973768,-6.2766185
0.031939745,-0.99782586,-0.057656035,19.409233,0.9988206,0.02975137,0.038422886,222.09123,-0.036624033,-0.05881515,0.99760044,-6.3061333
0.032521397,-0.99775296,-0.05858551,19.438437,0.9988318,0.030345207,0.0376596,223.1815,-0.035797216,-0.059741713,0.9975754,-6.3387823
0.03267441,-0.99779505,-0.057778552,19.469564,0.99882686,0.030528415,0.03764206,224.28665,-0.0357952,-0.058940604,0.99762315,-6.3621936
0.03266531,-0.997639,-0.06041724,19.495224,0.9988026,0.03037778,0.038400598,225.39474,-0.036474623,-0.06159916,0.9974379,-6.39559
0.03277264,-0.99763507,-0.06042384,19.520792,0.998729,0.030369012,0.0402774,226.5146,-0.038347166,-0.061666932,0.9973635,-6.4265437
0.03194629,-0.99760705,-0.061322775,19.552217,0.9986777,0.029384306,0.042235058,227.64053,-0.040332098,-0.06259083,0.99722767,-6.4565134
0.03150727,-0.99756604,-0.062211342,19.579361,0.9986144,0.02878999,0.04410142,228.76941,-0.04220305,-0.06351454,0.9970919,-6.4906883
0.031231284,-0.9974817,-0.063685216,19.606014,0.9985827,0.02838831,0.045067195,229.91019,-0.04314582,-0.065002345,0.99695563,-6.527868
0.029594433,-0.99731934,-0.06692737,19.629313,0.99868315,0.026691297,0.043862913,231.06876,-0.041958988,-0.06813722,0.99679697,-6.569692
0.028681057,-0.997416,-0.0658773,19.652893,0.9988752,0.02610479,0.03964004,232.22339,-0.03781793,-0.06694,0.9970438,-6.5991635
0.02651782,-0.997648,-0.06321648,19.678148,0.9991448,0.024439987,0.033417765,233.388,-0.031794187,-0.06404846,0.997444,-6.6314
0.024349079,-0.997944,-0.059294112,19.703798,0.9993312,0.022673743,0.02876476,234.56271,-0.027361225,-0.05995473,0.99782985,-6.6541514
0.022054372,-0.9983146,-0.053688463,19.734577,0.99937767,0.02053126,0.028756732,235.73938,-0.027605996,-0.054289136,0.9981474,-6.673142
0.019456366,-0.9986418,-0.048343066,19.75712,0.9993232,0.017910998,0.03219574,236.92989,-0.031286165,-0.048936628,0.9983156,-6.6958194
0.017484471,-0.99878687,-0.046044968,19.775663,0.9992821,0.015905011,0.034447122,238.12848,-0.03367302,-0.046614066,0.998349,-6.727485
0.016004471,-0.99886847,-0.04479603,19.786337,0.9993125,0.014477948,0.03419532,239.32552,-0.0335081,-0.045312375,0.9984145,-6.7504315
0.013313065,-0.9989042,-0.044880137,19.796242,0.9993382,0.011769424,0.03448383,240.53668,-0.03391786,-0.045309387,0.99840075,-6.7838383
0.011430306,-0.9989613,-0.04412104,19.803432,0.9993106,0.009850519,0.035857063,241.75548,-0.035385232,-0.044500344,0.9983862,-6.8124323
0.0096547585,-0.99901235,-0.043385644,19.807484,0.99933034,0.008105433,0.03574404,242.97021,-0.035357103,-0.043701556,0.99842256,-6.84127
