0,1,2,3,4,5,6,7,8,9,10,11
1.0,0.0,0.0,0.0,0.0,1.0,0.0,0.0,0.0,0.0,1.0,0.0
0.99999857,0.0006921293,0.0015332175,0.78639376,-0.000695942,0.99999666,0.0024876248,0.009520855,-0.0015314906,-0.0024886883,0.9999957,0.011881459
0.99999756,0.0009897554,0.0019489053,1.5548217,-0.0009997087,0.9999864,0.005112791,0.014367684,-0.0019438184,-0.005114727,0.999985,0.022731105
0.9999973,0.0013693174,0.0018467468,2.3063283,-0.001381407,0.99997747,0.0065611247,0.015534883,-0.001837721,-0.006563659,0.9999767,0.040513374
0.999998,0.0014608733,0.0013681448,3.0434704,-0.0014725226,0.99996233,0.008552781,0.02300549,-0.0013555987,-0.008554779,0.99996245,0.048688747
0.99999774,0.0017148027,0.0012609,3.7581863,-0.0017257958,0.9999601,0.008769674,0.025748342,-0.0012458115,-0.008771831,0.9999607,0.06362405
0.9999947,0.0024898564,0.0021121656,4.458567,-0.0025080806,0.99995935,0.0086699305,0.024107162,-0.0020904925,-0.008675182,0.9999601,0.076542236
0.99998593,0.0027194358,0.0045645833,5.1368017,-0.002762849,0.9999509,0.009531608,0.025629422,-0.0045384374,-0.009544085,0.99994415,0.087881684
0.9999534,0.0041223033,0.008741485,5.7920594,-0.004201652,0.9999502,0.00907836,0.023938281,-0.008703623,-0.009114666,0.99992067,0.09510533
0.99990904,0.005214554,0.012448432,6.425421,-0.0053202654,0.9999501,0.00847392,0.024287716,-0.0124036195,-0.008539377,0.9998867,0.106819704
0.9998739,0.0062214043,0.014621303,7.0297966,-0.0063338745,0.9999508,0.0076584863,0.022218972,-0.014572933,-0.007750129,0.99986386,0.1144481
0.9998613,0.007746702,0.014756177,7.6111007,-0.007859636,0.9999404,0.0076107294,0.019542292,-0.014696334,-0.0077256504,0.99986225,0.12173846
0.999884,0.008656749,0.012549399,8.164253,-0.008768884,0.9999221,0.008908176,0.02190652,-0.0124713015,-0.009017184,0.9998817,0.12954195
0.9999061,0.009825138,0.00958633,8.686359,-0.009909207,0.9999128,0.008761845,0.018031841,-0.009499403,-0.0088560125,0.99991584,0.13150872
0.99990416,0.011274689,0.008082811,9.183929,-0.011332455,0.9999106,0.0071368255,0.010387592,-0.008001619,-0.007227737,0.99994206,0.133265
0.99989617,0.013165585,0.0059265923,9.658962,-0.013187648,0.9999065,0.0036989572,0.0038558887,-0.0058773365,-0.0037767298,0.9999758,0.14455967
0.999873,0.0151827345,0.0049339635,10.096051,-0.01519157,0.99988335,0.0017578385,-0.005730255,-0.0049066963,-0.0018325695,0.99998647,0.16292976
0.99984574,0.017328955,0.002996743,10.501095,-0.01734559,0.99983406,0.0056170514,-0.0044609355,-0.0028989061,-0.0056681624,0.99997985,0.16236363
0.9997947,0.020170815,0.0021297226,10.887587,-0.020190574,0.99974936,0.009704754,-0.007414301,-0.0019334346,-0.009745756,0.9999508,0.16659245
0.99972075,0.023477918,0.0028619033,11.238851,-0.02350684,0.99966854,0.010530881,-0.012981642,-0.0026137098,-0.010595207,0.9999407,0.16514738
0.9996393,0.02663223,0.0036037955,11.557295,-0.026655696,0.99962306,0.0066291653,-0.028171165,-0.0034258852,-0.0067228307,0.99997175,0.17606872
0.9995655,0.029286325,0.0034979582,11.846183,-0.029292356,0.99956983,0.0016870853,-0.041421905,-0.0034470425,-0.0017888136,0.9999927,0.18453835
0.9994884,0.031648632,0.0047454243,12.102845,-0.031640984,0.99949825,-0.0016771744,-0.05692126,-0.00479612,0.0015261661,0.9999876,0.1916057
0.9994105,0.033856563,0.005797228,12.334935,-0.033840317,0.99942344,-0.002876285,-0.0665054,-0.0058912626,0.002678408,0.9999793,0.19441462
0.9993381,0.036064923,0.0049062036,12.540482,-0.036056638,0.9993485,-0.0017643907,-0.07405601,-0.0049666367,0.0015863209,0.9999867,0.1967104
0.9992618,0.03825912,0.0036580916,12.724576,-0.038257163,0.99926805,-0.00059856754,-0.07642983,-0.0036783123,0.00045817764,0.99999344,0.2027641
0.99916136,0.040857032,0.0029132785,12.901237,-0.040860586,0.9991645,0.0011790122,-0.08244472,-0.0028626714,-0.0012970605,0.99999535,0.20592861
0.9990896,0.04260638,0.0024275351,13.06719,-0.042616185,0.9990832,0.0041518207,-0.08786519,-0.0022484139,-0.00425149,0.99998873,0.21067815
0.99904144,0.04377353,0.0011761423,13.218721,-0.043778993,0.9990284,0.005135621,-0.089155905,-0.0009501945,-0.0051821847,0.99998647,0.21431145
0.99895066,0.045811184,-0.0004301391,13.378686,-0.045808632,0.99893945,0.0047094557,-0.10086832,0.00064542843,-0.0046848063,0.99998915,0.21887723
0.99887735,0.047349468,-0.0018379503,13.526784,-0.047342964,0.9988732,0.003420318,-0.108600035,0.0019978285,-0.0033294612,0.9999928,0.22303237
0.99880546,0.048790324,-0.0029257117,13.659193,-0.048782747,0.9988064,0.0025967502,-0.1206307,0.0030489138,-0.0024509213,0.9999927,0.22799693
0.99873763,0.050072443,-0.0041598626,13.79022,-0.050059382,0.99874157,0.0031785213,-0.1239268,0.004313781,-0.0029662657,0.9999867,0.22682807
0.9986585,0.051398337,-0.006394742,13.918948,-0.051373318,0.9986718,0.0040119146,-0.12843864,0.0065924497,-0.0036780098,0.9999719,0.22774106
0.9985981,0.0522613,-0.00849242,14.0386305,-0.05222654,0.9986266,0.004260673,-0.1336924,0.008703418,-0.0038111664,0.9999553,0.2293643
0.99853504,0.053041693,-0.010762633,14.167453,-0.053006023,0.99858826,0.0035696942,-0.14386687,0.010936772,-0.0029939774,0.99993616,0.23325647
0.9985335,0.052653342,-0.01264806,14.2952,-0.0526255,0.99861157,0.002521534,-0.14989494,0.012763256,-0.0018522236,0.9999173,0.23672453
0.9986138,0.05077303,-0.013934928,14.418185,-0.050747827,0.9987097,0.0021538334,-0.15694426,0.014026292,-0.0014436786,0.9999012,0.23929855
0.9987482,0.047758006,-0.014927769,14.54258,-0.047733914,0.9988587,0.0019638704,-0.15666349,0.015004509,-0.0012488496,0.9998873,0.23976499
0.9989089,0.04388057,-0.016034862,14.669903,-0.043843854,0.9990355,0.0026322382,-0.15964472,0.016134884,-0.001926334,0.99986863,0.24232614
0.99912316,0.038188946,-0.017204158,14.798559,-0.038142957,0.9992683,0.0029917685,-0.15955657,0.017305806,-0.0023329258,0.9998481,0.24470372
0.9993417,0.031536557,-0.01797368,14.921626,-0.031493213,0.9995008,0.0026880256,-0.15448818,0.018049464,-0.0021202054,0.99983543,0.24667081
0.9995264,0.024387468,-0.018808076,15.056158,-0.024338387,0.99970025,0.0028325974,-0.15642512,0.018871503,-0.0023734956,0.9998197,0.24874024
0.99966687,0.016334914,-0.020021405,15.186221,-0.016286844,0.9998645,0.002560304,-0.1512509,0.0200605,-0.0022333637,0.99979687,0.24813966
0.99974996,0.0064689973,-0.021437496,15.330976,-0.006434868,0.99997836,0.0016596031,-0.15120077,0.021447752,-0.0015212394,0.9997694,0.25119984
0.99971175,-0.006502343,-0.023139276,15.47422,0.0065055983,0.99997926,6.466743e-05,-0.1448264,0.023138357,-0.00021518313,0.9997328,0.254047
0.9994376,-0.022304568,-0.02506957,15.624955,0.022289898,0.9997517,-0.0008651085,-0.12607862,0.025082618,0.00030582404,0.9996859,0.25979903
0.9987812,-0.041766673,-0.026328878,15.802105,0.04176747,0.99912775,-0.00052030454,-0.10836806,0.02632762,-0.00058001914,0.99965376,0.26246664
0.9976446,-0.06336105,-0.026307892,15.993467,0.06338702,0.9979895,0.0001536879,-0.07862266,0.026245238,-0.0018209028,0.9996544,0.2665429
0.99589586,-0.08689157,-0.025353296,16.19429,0.0869291,0.99621487,0.00037990196,-0.04474636,0.025224296,-0.002582279,0.999679,0.2709885
0.9932431,-0.113515764,-0.024162577,16.4291,0.11358155,0.9935282,0.0013639273,-0.0038924124,0.02385135,-0.0040991306,0.99970764,0.28029883
0.9893942,-0.14348951,-0.022613138,16.650074,0.14357339,0.9896379,0.0021234816,0.04639298,0.022074096,-0.0053476007,0.99974257,0.28377512
0.9841274,-0.17637755,-0.019639242,16.9182,0.17645767,0.9843058,0.0024127886,0.11089812,0.018905435,-0.005839981,0.99980485,0.29291663
0.9769474,-0.2128561,-0.016358037,17.178837,0.21293245,0.97706264,0.0030587951,0.19067413,0.015331723,-0.0064714323,0.99986213,0.29668912
0.96746284,-0.2527484,-0.011640174,17.427906,0.25281024,0.9675074,0.00416879,0.27307707,0.010208284,-0.006975897,0.9999242,0.30999783
0.95578456,-0.29393852,-0.008803697,17.720966,0.29400823,0.9557693,0.008075906,0.39744037,0.0060404693,-0.010307176,0.99992925,0.30518785
0.94181687,-0.3360707,-0.0062459614,18.01281,0.33612263,0.94174856,0.011501358,0.52631086,0.002016844,-0.01293157,0.999915,0.31069607
0.9253898,-0.37901098,-0.002399745,18.281652,0.379007,0.9252937,0.013649219,0.6657217,-0.0029527429,-0.0135403555,0.9999047,0.31110975
0.9063602,-0.42249602,0.0030937472,18.597654,0.42239338,0.90626144,0.016581487,0.84279996,-0.00980936,-0.013722008,0.99985844,0.31800964
0.8846514,-0.46619904,0.007178765,18.8954,0.4659832,0.8845571,0.020473367,1.0335166,-0.015894692,-0.014766595,0.99976534,0.31881094
0.8601432,-0.50998056,0.008643714,19.173178,0.50965565,0.8600177,0.024928614,1.2331834,-0.020146854,-0.017036846,0.9996525,0.31838837
0.832688,-0.55367154,0.008928327,19.479818,0.5532675,0.8325324,0.02803159,1.473574,-0.022953413,-0.0184018,0.9995678,0.31852135
0.8023745,-0.5967835,0.006774041,19.744987,0.59633774,0.802129,0.03116777,1.7079962,-0.024034062,-0.02096859,0.9994919,0.3054939
0.7691821,-0.6389988,0.006376883,20.044891,0.6384841,0.76889855,0.03367348,2.0025623,-0.026420487,-0.021829478,0.9994132,0.30367172
0.73264927,-0.6805824,0.0058254357,20.329258,0.67997015,0.7323067,0.03698959,2.302979,-0.029440463,-0.02313925,0.9992993,0.28569573
0.6941571,-0.7197921,0.0068148836,20.587185,0.7191197,0.6938653,0.037663948,2.6058877,-0.031838816,-0.02124396,0.9992679,0.27136344
0.65385675,-0.7565862,0.007063555,20.868729,0.7558986,0.65361285,0.03752662,2.9714017,-0.03300894,-0.019197682,0.99927133,0.26396167
0.6114461,-0.7912303,0.009465615,21.12988,0.7905394,0.6113445,0.03614081,3.3414512,-0.03438244,-0.014615198,0.99930257,0.2501282
0.56698316,-0.8236337,0.012613095,21.36451,0.82292205,0.56703854,0.035601612,3.715892,-0.036474776,-0.009805905,0.9992871,0.24655639
0.5209033,-0.85352635,0.012411757,21.611584,0.85279405,0.5209845,0.036310792,4.1689343,-0.037458524,-0.008329726,0.9992642,0.22230107
0.47173327,-0.88167554,0.010831551,21.821335,0.8809852,0.4718016,0.035626587,4.597679,-0.036521412,-0.0072637983,0.99930716,0.19935952
0.41978675,-0.9075365,0.012570015,22.025543,0.906883,0.4199633,0.034569953,5.0997686,-0.036652416,-0.0031124651,0.99932396,0.18495531
0.3664663,-0.93031335,0.014865101,22.19982,0.9297328,0.36676338,0.032902084,5.598627,-0.036061198,0.001763076,0.99934876,0.1691199
0.31291723,-0.9496681,0.014656269,22.351479,0.94913805,0.31323582,0.031956866,6.103539,-0.03493926,0.003910977,0.9993825,0.16479504
0.25941885,-0.96566427,0.013997441,22.480375,0.96499264,0.2597637,0.036234,6.6757092,-0.03862588,0.004107654,0.99924594,0.120908
0.20809112,-0.97798514,0.01564456,22.58374,0.9771477,0.20856911,0.041014235,7.259331,-0.04337426,0.006752353,0.9990367,0.093831405
0.15971126,-0.9869832,0.018929407,22.677198,0.98614705,0.16038767,0.042316996,7.8275537,-0.044802174,0.011908682,0.99892557,0.08987134
0.11509584,-0.9931687,0.019254066,22.73772,0.992335,0.115834236,0.04306524,8.477079,-0.04500129,0.014149856,0.9988874,0.0688382
0.07506229,-0.9970297,0.017298527,22.773352,0.9962611,0.07572624,0.04159538,9.092938,-0.042781748,0.014111608,0.9989855,0.048154563
0.039262533,-0.9991555,0.012187809,22.78115,0.9985212,0.03969102,0.037160173,9.764845,-0.037612505,0.010710785,0.9992358,0.01931939
0.010739731,-0.9999051,0.008731162,22.771719,0.9992753,0.011051245,0.03643561,10.430952,-0.036528617,0.008333529,0.9992987,-0.018221559
-0.010733679,-0.9999226,0.0064428197,22.74923,0.9991328,-0.010465347,0.04031038,11.150056,-0.0402398,0.0068699154,0.99916726,-0.043391168
-0.0239355,-0.9996904,0.0069355937,22.72082,0.9986693,-0.023592722,0.045866795,11.889063,-0.045688927,0.008024213,0.9989243,-0.07542512
-0.03183344,-0.99946815,0.007213297,22.694292,0.99832493,-0.03144635,0.048573207,12.6351385,-0.048320502,0.00874747,0.99879444,-0.096993454
-0.036251795,-0.9993166,0.0073580057,22.6647,0.9982916,-0.035874855,0.0461275,13.405107,-0.04583197,0.0090176435,0.99890935,-0.12647663
-0.035713367,-0.999262,0.014211265,22.641813,0.998514,-0.035093434,0.041702252,14.183083,-0.04117272,0.015679475,0.9990299,-0.17707817
-0.032430835,-0.9991324,0.026167147,22.632938,0.99867445,-0.031346343,0.04083666,14.990838,-0.039980955,0.02745682,0.99882394,-0.17492251
-0.026587758,-0.99925005,0.02818478,22.615355,0.99885195,-0.025431758,0.040604588,15.823856,-0.03985732,0.029232001,0.99877846,-0.2134167
-0.021428151,-0.9994234,0.026378969,22.586628,0.99903846,-0.020395184,0.038819034,16.673258,-0.03825862,0.027185421,0.9988988,-0.26723897
-0.017631352,-0.999372,0.03077186,22.578245,0.9992951,-0.016592607,0.033687193,17.533424,-0.033155426,0.031344112,0.9989594,-0.26888078
-0.015645789,-0.99948066,0.028208101,22.567884,0.999622,-0.014996954,0.02306388,18.414814,-0.022628848,0.02855828,0.9993368,-0.28823134
-0.014682265,-0.9996651,0.021359973,22.537346,0.9997921,-0.014374277,0.014495737,19.324598,-0.014183835,0.021568358,0.9996676,-0.32422608
-0.015233025,-0.9997671,0.015354956,22.512444,0.99982387,-0.015061116,0.011241527,20.23375,-0.011007635,0.015523493,0.99981976,-0.33088595
-0.019037183,-0.99980086,0.006164437,22.477673,0.9996797,-0.018931005,0.01682724,21.186798,-0.016707173,0.0064828116,0.99984026,-0.34503356
-0.02331835,-0.9997289,0.00074494816,22.431587,0.99941856,-0.023292426,0.024920411,22.166958,-0.02489628,0.0013256287,0.99969006,-0.3746234
-0.027749984,-0.99961525,-0.0012377434,22.394753,0.9990217,-0.027776018,0.034427915,23.154274,-0.03444902,-0.00028114626,0.9994073,-0.3819234
-0.029959584,-0.99954826,-0.0028487477,22.358183,0.9985721,-0.030056115,0.044176795,24.165768,-0.04424242,-0.0015211483,0.9990206,-0.4255509
-0.030630883,-0.99953157,-0.00087927026,22.324282,0.9981886,-0.030635169,0.051791172,25.18325,-0.0517938,0.0007087429,0.9986585,-0.45668215
-0.032550644,-0.9994711,0.00057191437,22.28957,0.9980204,-0.032472458,0.05387088,26.210169,-0.05382376,0.0023243236,0.9985487,-0.48500693
-0.033827614,-0.9994285,-0.0008053501,22.250277,0.998157,-0.033825073,0.050395306,27.219727,-0.050393693,0.000900898,0.99872994,-0.53963447
-0.03682481,-0.999312,-0.0046710502,22.203226,0.99827486,-0.03699964,0.04560306,28.257765,-0.045744464,-0.002983654,0.99894965,-0.5741317
-0.040929005,-0.9991491,-0.0053071305,22.148205,0.99834764,-0.04110941,0.040166754,29.28691,-0.040350705,-0.0036543608,0.9991798,-0.5971066
-0.046651725,-0.99890286,-0.004358268,22.103119,0.9982545,-0.046778705,0.036070477,30.313112,-0.03623474,-0.0026678962,0.9993406,-0.6291705
-0.05349701,-0.998549,-0.006349693,22.037178,0.99799967,-0.053679947,0.03341513,31.363949,-0.033707462,-0.0045493655,0.99942225,-0.6616175
-0.059641693,-0.9982045,-0.005730024,21.968004,0.99756366,-0.059809543,0.035933137,32.408497,-0.036211297,-0.0035729345,0.9993387,-0.6906858
-0.0663468,-0.9977678,-0.0077306316,21.892956,0.9969544,-0.06660703,0.040584233,33.477596,-0.04100852,-0.0050144354,0.9991472,-0.7116229
-0.072398834,-0.99732363,-0.010309794,21.81151,0.9963858,-0.07278354,0.04381258,34.54328,-0.044445664,-0.0071005328,0.9989876,-0.7499453
-0.07638228,-0.9969798,-0.014122485,21.719831,0.9959882,-0.076953374,0.04568859,35.594017,-0.046637326,-0.010576006,0.99885696,-0.78495467
-0.079564236,-0.9966589,-0.01851841,21.624983,0.99564505,-0.080361515,0.047272302,36.690834,-0.048602477,-0.01467655,0.99871147,-0.8210843
-0.080406226,-0.9965052,-0.022684,21.53082,0.99551815,-0.08142189,0.048122395,37.752243,-0.049801145,-0.018712964,0.9985849,-0.86984587
-0.08242398,-0.9963138,-0.02382112,21.4275,0.9953477,-0.08349395,0.048099477,38.843117,-0.04991105,-0.019745711,0.9985596,-0.9030754
-0.083970085,-0.99617183,-0.02435203,21.327211,0.9952442,-0.08505306,0.047504775,39.91958,-0.04939409,-0.0202472,0.99857527,-0.93926334
-0.084464215,-0.9961026,-0.025452076,21.232792,0.99522835,-0.085587665,0.04687345,40.992336,-0.048869103,-0.02137146,0.9985777,-0.9798935
-0.085678406,-0.9959534,-0.0271729,21.128988,0.99515474,-0.08686672,0.046077482,42.08726,-0.048251405,-0.023093354,0.9985694,-1.0194376
-0.08641329,-0.9957677,-0.03133231,21.024061,0.99517274,-0.08774525,0.043975946,43.176125,-0.046539046,-0.027380908,0.99854237,-1.0532726
-0.08632047,-0.9955878,-0.0368246,20.913685,0.9953843,-0.08774168,0.038904186,44.25716,-0.041963547,-0.033296347,0.99856544,-1.0917647
-0.08571272,-0.9955621,-0.03888337,20.812237,0.9954807,-0.08717754,0.0376871,45.364113,-0.040909566,-0.035477325,0.9985341,-1.1330327
-0.08353899,-0.9957297,-0.03932004,20.712236,0.9955017,-0.08516037,0.041546445,46.47129,-0.044717498,-0.035672363,0.99836385,-1.1659724
-0.08201217,-0.9958496,-0.039496463,20.611788,0.9954534,-0.083777726,0.0453414,47.5897,-0.048462093,-0.035598285,0.9981918,-1.2063271
-0.080025144,-0.9960966,-0.03728152,20.514647,0.99562496,-0.08168609,0.045392737,48.68822,-0.048260886,-0.033485796,0.9982746,-1.237938
-0.07810859,-0.9962606,-0.03696487,20.42332,0.99582213,-0.0797268,0.044542596,49.80615,-0.047323074,-0.033331223,0.99832475,-1.2784867
-0.073791705,-0.9964618,-0.040263183,20.3291,0.996126,-0.075583726,0.044968095,50.91668,-0.04785218,-0.036788877,0.9981781,-1.3204291
-0.067580014,-0.9966625,-0.045818448,20.237432,0.9965252,-0.06967006,0.045668095,52.041138,-0.048707806,-0.04257293,0.99790674,-1.3628098
-0.06204479,-0.9968758,-0.048904464,20.148277,0.99688125,-0.064291224,0.04578668,53.171917,-0.048787713,-0.045911055,0.9977548,-1.4009262
-0.055382766,-0.9972104,-0.050068866,20.071808,0.9973215,-0.0576501,0.04503687,54.29457,-0.047797665,-0.04744043,0.9977312,-1.4421238
-0.050361406,-0.99751484,-0.0493012,20.008509,0.99763423,-0.05255853,0.044334378,55.4357,-0.04681535,-0.046951767,0.99780095,-1.4798928
-0.045012336,-0.9978679,-0.04728947,19.94795,0.99791086,-0.04711041,0.044232957,56.56904,-0.04636643,-0.04519959,0.9979028,-1.5169426
-0.039214153,-0.9981553,-0.04638045,19.898808,0.9981389,-0.04129939,0.044892237,57.71079,-0.046724863,-0.04453366,0.9979161,-1.5566998
-0.03409637,-0.9984558,-0.043889984,19.850437,0.99826294,-0.03613623,0.046556644,58.85577,-0.04807072,-0.042226277,0.9979525,-1.5901612
-0.028676508,-0.9985539,-0.045506105,19.807133,0.9984008,-0.03083245,0.047406893,60.00512,-0.04874135,-0.044073813,0.9978401,-1.640888
-0.022811795,-0.9987493,-0.044524983,19.773573,0.99856603,-0.024920803,0.047403473,61.151943,-0.048453737,-0.043379724,0.9978846,-1.6787174
-0.018458113,-0.99884665,-0.044358566,19.741745,0.99885195,-0.020384392,0.0433748,62.303875,-0.044228952,-0.043506976,0.9980752,-1.7164569
-0.013845926,-0.9989556,-0.043576423,19.720581,0.9991585,-0.015506284,0.03799992,63.45885,-0.038635906,-0.043013558,0.9983287,-1.7459779
-0.010498987,-0.9989793,-0.043967936,19.69877,0.9992407,-0.012132536,0.037054785,64.61373,-0.037550367,-0.04354546,0.9983471,-1.7814668
-0.0072257663,-0.9990478,-0.043061428,19.687393,0.9991902,-0.008918981,0.03926152,65.78195,-0.039608162,-0.04274281,0.9983023,-1.8159366
-0.004663788,-0.9990848,-0.042555194,19.675205,0.99920356,-0.006343425,0.039422438,66.95089,-0.039656263,-0.04233739,0.99831766,-1.8446587
-0.00405862,-0.99901056,-0.04432326,19.661549,0.999227,-0.005785822,0.038911812,68.12939,-0.039129723,-0.04413102,0.9982608,-1.8829327
-0.002937336,-0.9989713,-0.045286644,19.64846,0.9991966,-0.004743207,0.039822664,69.3036,-0.039996464,-0.045133233,0.99818164,-1.9166692
-0.0025469863,-0.9989568,-0.04562946,19.634794,0.9992037,-0.0043604164,0.03968911,70.494064,-0.039846625,-0.045491986,0.9981714,-1.9455413
-0.0014771264,-0.99892014,-0.046471294,19.622404,0.9992774,-0.0032407222,0.037899666,71.67432,-0.038009297,-0.046381682,0.9982021,-1.9765147
-0.00027575833,-0.99898964,-0.04497574,19.6148,0.9993312,-0.0019212986,0.03655007,72.85443,-0.036599513,-0.04493553,0.9983209,-2.0086215
-0.0005620341,-0.999146,-0.041353595,19.612814,0.9993429,-0.0020611042,0.036218427,74.04025,-0.03627269,-0.041306023,0.99848956,-2.0370157
-0.0007908521,-0.99923706,-0.039088283,19.61028,0.9993262,-0.0022251355,0.036665753,75.227486,-0.036724716,-0.03903291,0.9985644,-2.0637224
-4.875852e-05,-0.9992612,-0.038474463,19.598125,0.9992214,-0.0015676876,0.039451923,76.40303,-0.039483048,-0.038442545,0.9984821,-2.0893989
1.598792e-05,-0.9991714,-0.04074132,19.593094,0.999079,-0.0017332233,0.04290099,77.5932,-0.04293601,-0.040704444,0.99824995,-2.1248744
0.0010653619,-0.9990992,-0.042461224,19.587261,0.999061,-0.0007767678,0.043345712,78.76605,-0.0433396,-0.042467494,0.998159,-2.1587214
0.0009766826,-0.99903923,-0.04385117,19.576584,0.99914205,-0.00084182044,0.04143421,79.95391,-0.04143127,-0.04385398,0.99818003,-2.189777
0.0013018311,-0.99903154,-0.044018026,19.573708,0.99924016,-0.0004163687,0.039004236,81.132484,-0.038984746,-0.044035323,0.9982706,-2.2212844
0.0016741548,-0.99911225,-0.042133957,19.570677,0.9992618,5.2986143e-05,0.038450263,82.30246,-0.038413852,-0.04216719,0.9983734,-2.2464728
0.0011948767,-0.99917996,-0.04051397,19.570017,0.999218,-0.0004094861,0.03957091,83.495834,-0.039555002,-0.040529538,0.9983967,-2.2754357
0.001367136,-0.99919397,-0.040161204,19.569572,0.9991114,-0.0003281199,0.04217649,84.67592,-0.042155623,-0.040183146,0.9983043,-2.306632
0.0024053026,-0.99919504,-0.040085733,19.56545,0.9989982,0.0006086411,0.044774625,85.84565,-0.044714138,-0.040153243,0.99819416,-2.3385026
0.002334163,-0.9991421,-0.041389167,19.56029,0.9989892,0.00047069305,0.044977862,87.02153,-0.044919744,-0.04145228,0.9981319,-2.3753357
0.003189568,-0.99915725,-0.040965904,19.557922,0.9990656,0.0014169841,0.043228135,88.18404,-0.0431336,-0.04106547,0.99822664,-2.406084
0.0027053629,-0.9992087,-0.039728697,19.555466,0.9991318,0.0010479578,0.041681886,89.35484,-0.04160722,-0.03980694,0.9983424,-2.4380493
0.0027536345,-0.9992711,-0.03812369,19.554094,0.9990948,0.0011295369,0.0425591,90.524086,-0.04248496,-0.038206343,0.998368,-2.4692898
0.0033475622,-0.9993542,-0.03582843,19.559319,0.9989766,0.0017247754,0.04523101,91.68865,-0.04513995,-0.035943147,0.99833554,-2.5054169
0.0029191193,-0.9994209,-0.033956636,19.55734,0.9988639,0.0012979715,0.04766858,92.85187,-0.04759684,-0.03405718,0.99828756,-2.5375712
0.003522642,-0.9993944,-0.034672815,19.55499,0.99877644,0.0018049127,0.04945067,94.018364,-0.049358074,-0.034804564,0.9981763,-2.5753922
0.0045489036,-0.99930835,-0.03695872,19.54971,0.9986999,0.0026624,0.05093555,95.17229,-0.050801847,-0.03714234,0.9980196,-2.61881
0.0045288997,-0.99923164,-0.038979635,19.541815,0.9987301,0.0025627927,0.050344422,96.333336,-0.05020577,-0.039158106,0.99797267,-2.661798
0.005224676,-0.99910927,-0.041917056,19.541471,0.9988839,0.0032453067,0.047152907,97.48164,-0.046974804,-0.04211659,0.9980095,-2.6929708
0.005360027,-0.99905026,-0.04328495,19.537289,0.99897534,0.0034029307,0.04516392,98.652885,-0.044973664,-0.04348263,0.9980432,-2.735764
0.0052316324,-0.9990368,-0.04361087,19.5326,0.9990358,0.0033191014,0.043813962,99.80793,-0.04362695,-0.043797992,0.99808913,-2.7682064
0.0055556674,-0.99911904,-0.041642405,19.535864,0.9990351,0.0037299257,0.04379548,100.96223,-0.043601513,-0.041845497,0.9981741,-2.8014684
0.0051004,-0.99911225,-0.041864533,19.536325,0.99893665,0.003170879,0.046029296,102.12062,-0.045855615,-0.042054743,0.9980643,-2.8410547
0.0060350685,-0.9992021,-0.039532065,19.5381,0.9988405,0.0041340245,0.047997177,103.27418,-0.047795374,-0.03977586,0.9980667,-2.8749247
0.0051512253,-0.9990358,-0.04364586,19.5349,0.9988729,0.0030796388,0.047400422,104.44449,-0.04722023,-0.04384079,0.99792385,-2.9169288
0.0051642256,-0.99883014,-0.0481207,19.527122,0.99883777,0.002844656,0.048149288,105.61444,-0.047956,-0.048313368,0.9976822,-2.964264
0.005476774,-0.99867266,-0.05125231,19.51903,0.9988689,0.0030408327,0.047487903,106.77801,-0.047268946,-0.051454354,0.99755794,-3.0091736
0.0047899457,-0.9986307,-0.0521316,19.51441,0.99903333,0.0024988537,0.043926623,107.971504,-0.043736137,-0.052291546,0.9976756,-3.045345
0.0038230685,-0.99857795,-0.053211402,19.51368,0.9992104,0.0017082093,0.03973494,109.152725,-0.039587475,-0.05332123,0.9977944,-3.0846674
0.003318154,-0.9987603,-0.049708534,19.509556,0.99925685,0.0014006345,0.038562242,110.34188,-0.038444746,-0.049799487,0.9980211,-3.1216252
0.0025165277,-0.998987,-0.044974595,19.514954,0.99927235,0.0007986713,0.03817526,111.54344,-0.0381006,-0.045037884,0.9982606,-3.14897
0.002395768,-0.99901944,-0.0442565,19.510616,0.99921393,0.00063851714,0.03967951,112.7463,-0.039612267,-0.04431672,0.99823403,-3.1851509
0.0013518569,-0.99906045,-0.043365464,19.50941,0.9990619,-0.0005293034,0.04334042,113.96178,-0.04332257,-0.043383323,0.99812084,-3.2261677
0.000698835,-0.9991411,-0.041481458,19.50603,0.9990428,-0.0011182411,0.043767255,115.17731,-0.043775972,-0.041472286,0.9981823,-3.2657018
0.0005925622,-0.9991404,-0.041500635,19.490763,0.99921817,-0.0010505735,0.0395621,116.39558,-0.03957162,-0.041491583,0.99835694,-3.301384
-0.00090757606,-0.99910706,-0.042289674,19.488201,0.99935913,-0.0024212722,0.03575811,117.64218,-0.035828512,-0.04223007,0.9984674,-3.33993
-0.0014774371,-0.9991476,-0.041305542,19.48193,0.9994104,-0.0028940346,0.034258954,118.875656,-0.03434923,-0.041230522,0.99856114,-3.3695502
-0.0023971687,-0.99908626,-0.04272119,19.46988,0.99937105,-0.0039067506,0.035289347,120.12352,-0.03542394,-0.042609677,0.99846566,-3.399536
-0.0023270403,-0.99886405,-0.04763899,19.453762,0.99920684,-0.0042180624,0.039634734,121.382774,-0.039790582,-0.04750892,0.9980801,-3.4358335
-0.0019860151,-0.99858034,-0.053269543,19.435907,0.999057,-0.0042935284,0.04323997,122.64247,-0.043407217,-0.053133376,0.9976457,-3.473041
-0.002204605,-0.9981797,-0.06030572,19.413229,0.9990481,-0.004827874,0.04338994,123.91649,-0.04360202,-0.060152583,0.9972386,-3.5139353
-0.002085754,-0.9979314,-0.06428725,19.393507,0.9991413,-0.0047422657,0.041199073,125.19004,-0.041418634,-0.06414604,0.9970827,-3.552014
-0.0021556264,-0.9977917,-0.06641878,19.380783,0.9991901,-0.00482043,0.03998849,126.44976,-0.040220264,-0.0662787,0.9969923,-3.5869424
-0.00312275,-0.9977779,-0.06658833,19.365894,0.9992112,-0.0057520466,0.039332114,127.71291,-0.039627645,-0.06641289,0.9970071,-3.621854
-0.0028827921,-0.99791396,-0.064527094,19.35457,0.99923337,-0.0053964993,0.03881691,128.96223,-0.039084073,-0.064365625,0.9971628,-3.6475513
-0.0039281957,-0.9979133,-0.06448217,19.344284,0.99920857,-0.006471809,0.03928683,130.22682,-0.03962208,-0.06427671,0.9971473,-3.6798134
-0.004388784,-0.99790084,-0.06464542,19.337011,0.9990073,-0.007243231,0.04398891,131.48674,-0.044364717,-0.06438808,0.9969404,-3.715954
-0.0043231407,-0.9979952,-0.06317617,19.323313,0.9988159,-0.0073727393,0.04811972,132.73491,-0.048488934,-0.062893234,0.9968437,-3.756597
-0.0046942676,-0.9979656,-0.06361584,19.306963,0.9988561,-0.0077086147,0.047222782,133.99954,-0.047617007,-0.0633213,0.9968586,-3.7948263
-0.0039497623,-0.99795175,-0.06388287,19.29382,0.9989347,-0.0068766857,0.045663707,135.25545,-0.046009384,-0.06363435,0.99691415,-3.8393488
-0.0024915338,-0.99803793,-0.06259771,19.277729,0.9989625,-0.0053325617,0.045260966,136.4961,-0.045505878,-0.062419884,0.99701405,-3.8771012
-0.0019744383,-0.99802256,-0.06286109,19.267687,0.99900115,-0.004776871,0.044463772,137.75728,-0.044676036,-0.0627104,0.9970334,-3.9149806
-0.00066891534,-0.9980409,-0.06259691,19.255411,0.99891824,-0.0035794508,0.046397325,138.9991,-0.046530392,-0.06249804,0.99696195,-3.9523861
0.00021110699,-0.9979672,-0.06376558,19.246809,0.9987442,-0.0029861468,0.05004269,140.25456,-0.050131265,-0.063695945,0.99671155,-3.995366
0.001672481,-0.9979037,-0.06473026,19.236355,0.9986847,-0.0016521921,0.051275745,141.50497,-0.051275093,-0.064730756,0.9965867,-4.0373635
0.0029927287,-0.9977361,-0.067219146,19.224812,0.9988129,-0.00028774526,0.048741356,142.7424,-0.04865025,-0.0672851,0.9965491,-4.0831156
0.002394112,-0.9977814,-0.066567674,19.220043,0.9989546,-0.00065465283,0.045741294,143.99208,-0.045683295,-0.06660748,0.99673504,-4.125183
0.0025149174,-0.9979749,-0.06359725,19.220762,0.9990236,-0.00029976512,0.044211064,145.22914,-0.0441405,-0.063646235,0.996998,-4.160018
0.0025278705,-0.9980615,-0.0622227,19.212965,0.9990505,-0.0001877351,0.04360022,146.45578,-0.04352729,-0.06227373,0.9971116,-4.1968217
0.0018123968,-0.9982023,-0.059946142,19.212181,0.99905014,-0.0008044785,0.043602295,147.69559,-0.043572053,-0.05996812,0.997251,-4.2357483
0.002104795,-0.99835944,-0.057259317,19.207039,0.99907994,-0.00035526103,0.042920846,148.93214,-0.042870697,-0.057296876,0.9974384,-4.260961
0.001635419,-0.9983734,-0.05703133,19.206787,0.9990995,-0.0007885508,0.042455543,150.17062,-0.042431377,-0.05704931,0.99747133,-4.30158
0.0015008824,-0.99851084,-0.054574784,19.203562,0.9989953,-0.00094890635,0.044836633,151.40709,-0.044821568,-0.05458716,0.9975046,-4.3367615
0.0015802948,-0.9986519,-0.051926676,19.201456,0.99892044,-0.00083590805,0.04647807,152.63257,-0.046458736,-0.051943976,0.9975708,-4.375299
0.0012161436,-0.9987614,-0.049786404,19.197306,0.99897593,-0.0010399617,0.045266446,153.86656,-0.045262072,-0.04979038,0.9977357,-4.409314
0.00049953203,-0.9987022,-0.050972417,19.188522,0.99898016,-0.0018046484,0.04515012,155.09386,-0.04518343,-0.05094289,0.997681,-4.45301
0.0015116388,-0.9986736,-0.051510166,19.18431,0.9987582,-0.0010588135,0.049839728,156.321,-0.04982807,-0.051521443,0.99743015,-4.4883337
0.0018285845,-0.998434,-0.055952657,19.175377,0.99842703,-0.0013139911,0.056078188,157.56282,-0.056063797,-0.055967085,0.9968594,-4.540842
0.0038281758,-0.99812734,-0.061087087,19.163612,0.9983844,0.0003501738,0.056845978,158.78337,-0.05671804,-0.0612059,0.9965144,-4.587869
0.0050386917,-0.99788934,-0.0647767,19.151688,0.9985902,0.0015962286,0.053087156,160.015,-0.052871622,-0.06495275,0.99648875,-4.6393046
0.0062001646,-0.99771136,-0.06736564,19.142626,0.9988469,0.0029696592,0.04795077,161.23793,-0.047640897,-0.06758514,0.9965775,-4.6797175
0.0073928973,-0.99756014,-0.069452815,19.141706,0.998936,0.00420317,0.045962114,162.45412,-0.045557976,-0.06971857,0.99652797,-4.728794
0.007965744,-0.99785835,-0.064960465,19.14719,0.9990713,0.005188402,0.04281278,163.67735,-0.042383984,-0.06524103,0.99697113,-4.760994
0.0077545713,-0.9981232,-0.06078206,19.146051,0.99924594,0.005419475,0.038490012,164.89937,-0.03808831,-0.061034564,0.99741083,-4.796039
0.0074006612,-0.99844164,-0.055354293,19.153429,0.99935037,0.005429605,0.0356755,166.11224,-0.0353193,-0.055582225,0.99783134,-4.818833
0.0061247894,-0.99862427,-0.052121297,19.157345,0.99928105,0.004159705,0.03772903,167.34262,-0.037460253,-0.05231478,0.99792993,-4.8490577
0.0068023517,-0.9986005,-0.052491553,19.162249,0.99900895,0.004475356,0.04432331,168.56862,-0.04402629,-0.0527409,0.9976394,-4.8850117
0.008129253,-0.99854505,-0.053351793,19.163849,0.9988682,0.0056064376,0.0472684,169.78966,-0.046900436,-0.053675536,0.9974586,-4.926399
0.009946062,-0.9984321,-0.055127483,19.164347,0.99896,0.0074658385,0.04501688,171.01337,-0.044534657,-0.05551776,0.99746615,-4.956077
0.011471331,-0.9983264,-0.056721654,19.168058,0.99897933,0.008961361,0.04431008,172.22546,-0.04372755,-0.057171915,0.99740845,-5.000308
0.0117684,-0.9983822,-0.055669915,19.178276,0.9989253,0.00924025,0.045456007,173.44102,-0.044867992,-0.056144893,0.9974162,-5.040204
0.012766216,-0.9984006,-0.055116452,19.183935,0.99897397,0.010337396,0.044130854,174.64061,-0.043490443,-0.055623148,0.99750644,-5.068749
0.014668011,-0.99833703,-0.055790458,19.193674,0.99901116,0.01228804,0.04276688,175.83006,-0.04201014,-0.056362458,0.9975283,-5.097414
0.015849909,-0.99825877,-0.0568573,19.199093,0.99894136,0.013351367,0.044059318,176.99394,-0.043223415,-0.057495303,0.99741185,-5.131987
0.017868068,-0.9982249,-0.056854103,19.21098,0.99881923,0.015249633,0.046161838,178.10974,-0.045212828,-0.057611648,0.99731696,-5.1541505
0.018149707,-0.99818546,-0.05745487,19.221296,0.99874866,0.015419605,0.047610465,179.2126,-0.046638075,-0.058246937,0.99721444,-5.1784754
0.018530447,-0.9981332,-0.05823601,19.234638,0.99868006,0.015685106,0.04894303,180.28217,-0.047938153,-0.059065923,0.99710464,-5.207875
0.019013694,-0.9982043,-0.056844726,19.248837,0.9986215,0.016176177,0.0499683,181.32251,-0.04895897,-0.057716295,0.9971341,-5.230102
0.01882045,-0.99817026,-0.05750364,19.257977,0.9986553,0.015986625,0.049350765,182.33884,-0.04834111,-0.058354963,0.9971271,-5.256292
0.020447146,-0.998101,-0.058147795,19.26872,0.9986316,0.017586669,0.049287777,183.33281,-0.048171487,-0.05907586,0.99709296,-5.2807236
0.021442065,-0.998047,-0.058713403,19.283112,0.99859375,0.01852969,0.049707428,184.29585,-0.048522342,-0.059696503,0.997039,-5.3121486
0.020842185,-0.9981099,-0.0578552,19.301552,0.9986603,0.018040322,0.04853712,185.24692,-0.047401585,-0.058789145,0.9971469,-5.3356442
0.017832017,-0.9983193,-0.055186722,19.31264,0.99884427,0.01532081,0.045598503,186.16379,-0.044676296,-0.05593589,0.9974369,-5.3504586
0.012683648,-0.99840134,-0.055125885,19.315302,0.9990596,0.010365073,0.04214537,187.09927,-0.041506555,-0.055608436,0.99759215,-5.3741646
0.007856369,-0.99832016,-0.0574481,19.311432,0.99922276,0.0056154532,0.039067026,188.01454,-0.03867875,-0.057710204,0.9975864,-5.401234
0.004071266,-0.9982323,-0.059336007,19.305382,0.9992786,0.0018177985,0.037984155,188.94266,-0.037809096,-0.059447672,0.9975177,-5.425506
0.0011944894,-0.9981079,-0.06151669,19.291801,0.9992563,-0.00118254,0.038590956,189.86948,-0.038590632,-0.06151686,0.9973623,-5.451751
-0.00042863307,-0.9981754,-0.060421787,19.29104,0.9991915,-0.0028593172,0.04014939,190.7857,-0.04024884,-0.060355548,0.99736774,-5.473478
-0.002472178,-0.99834365,-0.057523157,19.29041,0.9991175,-0.004880523,0.04176626,191.71577,-0.041977763,-0.057368964,0.99747276,-5.491693
-0.0037644487,-0.99843496,-0.055842828,19.279896,0.99908525,-0.0061363867,0.042366445,192.62688,-0.042642754,-0.05563209,0.9975429,-5.516214
-0.0047625974,-0.9984209,-0.056017403,19.272194,0.99911165,-0.0070990412,0.041586168,193.53436,-0.04191811,-0.05576941,0.997566,-5.533517
-0.005789184,-0.9983098,-0.057869967,19.25829,0.99915355,-0.008134301,0.040372472,194.44319,-0.040774908,-0.057587083,0.9975101,-5.560756
-0.0051578856,-0.9980975,-0.06147951,19.24111,0.9991944,-0.007593845,0.03945627,195.34196,-0.03984801,-0.06122629,0.9973307,-5.5923743
-0.0047198655,-0.9979492,-0.06387501,19.232874,0.9992571,-0.007153174,0.037921414,196.25858,-0.0383005,-0.06364839,0.9972397,-5.6117206
-0.0039273305,-0.9979118,-0.064510465,19.21621,0.9993518,-0.0062286155,0.035512205,197.1659,-0.035839815,-0.064329,0.9972875,-5.635501
-0.0032948283,-0.9979333,-0.06421131,19.210852,0.99945325,-0.00540247,0.032679033,198.07858,-0.03295836,-0.06406834,0.9974037,-5.657945
-0.002648273,-0.997945,-0.06405961,19.200426,0.9994654,-0.004732593,0.032408804,198.99998,-0.032645334,-0.06393935,0.9974222,-5.6784554
-0.002065471,-0.99808973,-0.061786164,19.195599,0.99938965,-0.0042182826,0.0347343,199.93474,-0.03492854,-0.061676525,0.99748737,-5.7025733
-0.0016845928,-0.9981398,-0.060983464,19.192482,0.9993384,-0.003899247,0.036216382,200.8661,-0.036386758,-0.060881916,0.9974841,-5.7230606
-0.0017458549,-0.9984165,-0.056269716,19.188913,0.9994612,-0.0035899354,0.03268938,201.81197,-0.032839585,-0.05618214,0.9978829,-5.7391877
-0.0013425847,-0.99849087,-0.054944936,19.182827,0.99956787,-0.0029571548,0.029316137,202.74208,-0.029434348,-0.05488165,0.9980615,-5.753419
-0.0009617001,-0.99824715,-0.059215564,19.172104,0.9995545,-0.0027300688,0.029791113,203.69603,-0.029900525,-0.05916034,0.99780315,-5.7817554
0.0006798204,-0.99819154,-0.060149617,19.163803,0.9994552,-0.0013101737,0.033039946,204.66681,-0.033058964,-0.060139116,0.99764496,-5.8148785
0.0029577804,-0.9983049,-0.058166917,19.159876,0.9994441,0.001016074,0.03338445,205.62645,-0.03326872,-0.05823314,0.99775106,-5.8263044
0.004674353,-0.9983733,-0.056865476,19.154799,0.9994134,0.0027313181,0.034200393,206.60649,-0.033989407,-0.0569918,0.99779844,-5.848368
0.0069843307,-0.9983326,-0.057341088,19.158146,0.9992447,0.0047725663,0.03862035,207.58647,-0.038282245,-0.05756733,0.9976099,-5.883732
0.008304008,-0.9984894,-0.0543586,19.158014,0.9990686,0.0059798374,0.042781755,208.58801,-0.04239202,-0.05466306,0.99760705,-5.9074693
0.00948277,-0.99851376,-0.053714797,19.165928,0.99901235,0.0071257027,0.043905582,209.58339,-0.043457516,-0.05407792,0.9975931,-5.931244
0.012209667,-0.9983379,-0.056367595,19.16595,0.9989643,0.009704924,0.044499263,210.57875,-0.043878194,-0.05685236,0.99742043,-5.967109
0.014874914,-0.99815863,-0.05884752,19.166544,0.99887335,0.012178898,0.04591137,211.59352,-0.045110065,-0.059463963,0.9972131,-6.010417
0.018858397,-0.998058,-0.0594099,19.18044,0.9987922,0.016106524,0.046464678,212.61847,-0.045417488,-0.060214207,0.9971542,-6.0386157
0.021431493,-0.99781,-0.06261718,19.191166,0.9988511,0.018681603,0.04417745,213.65077,-0.042910848,-0.063491836,0.9970619,-6.07702
0.02413816,-0.9977077,-0.063258626,19.210403,0.99891996,0.02155447,0.04121356,214.6842,-0.03975553,-0.064184934,0.99714833,-6.1063623
0.026309455,-0.9977241,-0.06212446,19.230162,0.998912,0.02384185,0.040134296,215.71333,-0.038561743,-0.06311259,0.9972637,-6.1358867
0.027597241,-0.99768347,-0.062219337,19.251371,0.9987955,0.024991468,0.042277966,216.76376,-0.04062502,-0.06331094,0.99716926,-6.1660814
0.029691033,-0.99754363,-0.06348461,19.277607,0.99861807,0.02684463,0.045229763,217.82162,-0.04341438,-0.06473959,0.99696004,-6.2052736
0.030478021,-0.9975252,-0.06340117,19.300762,0.9985965,0.02763605,0.045230553,218.89345,-0.0433664,-0.06469051,0.99696535,-6.2372427
0.03134329,-0.9975496,-0.06259041,19.328718,0.99868155,0.028705446,0.04260938,219.95828,-0.040708225,-0.0638432,0.997132,-6.2705803
0.03171624,-0.9976695,-0.06045474,19.360909,0.99877864,0.029339252,0.03981005,221.02724,-0.037943527,-0.06164333,0.9973794,-6.299628
0.031161226,-0.9978581,-0.057561718,19.387615,0.9988432,0.028975097,0.038432248,222.12294,-0.036682025,-0.058692534,0.9976046,-6.3292737
0.031739656,-0.9977872,-0.058468934,19.415903,0.9988539,0.029564613,0.037698194,223.21463,-0.03588611,-0.059598256,0.9975799,-6.3620744
0.031913854,-0.99782586,-0.05770939,19.445803,0.99884826,0.029766852,0.03768971,224.3196,-0.035889886,-0.05884555,0.99762446,-6.385537
0.031824537,-0.99767,-0.06039122,19.471743,0.9988259,0.029533552,0.038457874,225.42715,-0.036584646,-0.06154402,0.9974364,-6.4190135
0.03198977,-0.9976689,-0.060321175,19.49412,0.9987524,0.029589094,0.040281422,226.54877,-0.03840262,-0.061534308,0.99736863,-6.450181
0.031255003,-0.9976367,-0.061232433,19.525692,0.99869746,0.028695468,0.042244315,227.67152,-0.04038733,-0.06247281,0.9972319,-6.480416
0.030842595,-0.9975962,-0.062095195,19.552122,0.9986337,0.028130265,0.044091832,228.80101,-0.04223903,-0.06337005,0.9970986,-6.51456
0.030704224,-0.9975043,-0.063622594,19.578482,0.9985979,0.02786387,0.045061477,229.94406,-0.043176174,-0.06491676,0.99695903,-6.552001
0.028735766,-0.99735576,-0.066791,19.599524,0.99870723,0.025839664,0.043828644,231.10463,-0.04198683,-0.067963876,0.9968068,-6.5942783
0.027715115,-0.9974416,-0.06593475,19.621777,0.9988989,0.02513322,0.039671946,232.26312,-0.037913244,-0.066961445,0.9970378,-6.623236
0.02560142,-0.99768275,-0.063078165,19.64449,0.9991635,0.023520049,0.033522494,233.42647,-0.031961173,-0.0638834,0.9974483,-6.656412
0.02343297,-0.99796176,-0.059398726,19.67039,0.99935085,0.021751584,0.028798394,234.60359,-0.02744765,-0.06003478,0.99782175,-6.678007
0.020876668,-0.99833,-0.05391166,19.707577,0.99939984,0.019342802,0.028819693,235.78731,-0.02772873,-0.054480754,0.99813265,-6.6969204
0.017874934,-0.99866897,-0.048435204,19.724098,0.99935067,0.016325872,0.032192778,236.98196,-0.031359144,-0.048979003,0.99831027,-6.7202897
0.016280845,-0.9988059,-0.046118762,19.74073,0.9993003,0.014697685,0.034463093,238.17819,-0.03374406,-0.04664739,0.9983442,-6.7528887
0.014879692,-0.9988892,-0.04476861,19.749304,0.9993281,0.013353312,0.034204576,239.37589,-0.03356873,-0.04524729,0.9984146,-6.775988
0.012222098,-0.9989202,-0.044880975,19.75774,0.99934924,0.010676218,0.034525342,240.5829,-0.034008857,-0.04527355,0.9983985,-6.809483
0.010419292,-0.9989725,-0.04416749,19.763971,0.99932,0.008837213,0.035866898,241.80191,-0.035439674,-0.04451097,0.99838305,-6.8375745
0.008556067,-0.9990201,-0.043485563,19.76692,0.99933785,0.007001685,0.035774015,243.0166,-0.035434436,-0.043762665,0.9984163,-6.8668227
0.0057552117,-0.9990404,-0.04347931,19.76731,0.9994009,0.0042594327,0.034418527,244.25523,-0.03420026,-0.043651156,0.9984642,-6.89675
