08:
  ARE: 0.0011004871004463288
  ATE: 0.02347682941368318
  STD_ARE: 0.0008431041943118946
  STD_ATE: 0.029682032421548377
  nsecs_per_frame: 0.7106102880404348
  rot_err: 3.468911146857765e-05
  tr_err: 0.00803616474555545
AVG:
  ARE: 0.0011004871004463288
  ATE: 0.02347682941368318
  STD_ARE: 0.0008431041943118946
  STD_ATE: 0.029682032421548377
  nsecs_per_frame: 0.7106102880404348
  rot_err: 3.468911146857765e-05
  tr_err: 0.00803616474555545
