08:
  ARE: 0.001186897983775862
  ATE: 0.02400180083390833
  STD_ARE: 0.0009455259462408878
  STD_ATE: 0.029657796780013658
  nsecs_per_frame: 0.3592225192249685
  rot_err: 3.556116603305494e-05
  tr_err: 0.008244092353375969
AVG:
  ARE: 0.001186897983775862
  ATE: 0.02400180083390833
  STD_ARE: 0.0009455259462408878
  STD_ATE: 0.029657796780013658
  nsecs_per_frame: 0.3592225192249685
  rot_err: 3.556116603305494e-05
  tr_err: 0.008244092353375969
