0,1,2,3,4,5,6,7,8,9,10,11
1.0,0.0,0.0,0.0,0.0,1.0,0.0,0.0,0.0,0.0,1.0,0.0
0.9999941,-0.0031351494,-0.0014328044,0.6846286,0.0031309957,0.99999094,-0.002892099,8.90699e-05,0.0014418586,0.002887596,0.9999948,0.007209532
0.9999722,-0.0069598644,-0.0026791706,1.3820412,0.006954655,0.9999739,-0.0019488509,0.013320657,0.0026926645,0.0019301642,0.9999945,0.008730932
0.99993277,-0.010878565,-0.0040246737,2.1001964,0.010872121,0.99993956,-0.0016196046,0.025689136,0.0040420494,0.0015757391,0.9999906,0.010719836
0.999865,-0.015701348,-0.0048482595,2.8319979,0.015701018,0.99987674,-0.00010603119,0.044422343,0.0048493263,2.9894407e-05,0.99998826,0.011819994
0.9997865,-0.020050079,-0.0050099087,3.5768135,0.020045822,0.9997987,-0.0008983298,0.06176503,0.005026911,0.0007977104,0.9999871,0.020374142
0.9996785,-0.024668198,-0.0058798287,4.339387,0.024669038,0.9996958,7.058069e-05,0.08672784,0.0058762976,-0.00021560752,0.9999828,0.02943046
0.9995417,-0.029566906,-0.006516581,5.1169367,0.02958649,0.99955803,0.0029297492,0.11634116,0.0064270757,-0.0031212084,0.9999746,0.037572943
0.9994085,-0.033898465,-0.0058211493,5.908147,0.033926222,0.9994132,0.004737802,0.1481767,0.005657128,-0.0049324874,0.9999719,0.04009773
0.99925655,-0.03842086,-0.0032400254,6.715085,0.03843715,0.9992479,0.005124208,0.18663308,0.0030407116,-0.005244934,0.9999817,0.04903406
0.9991257,-0.041799255,-0.0009188374,7.515138,0.041802417,0.9991189,0.0037391572,0.21966402,0.0007617335,-0.003774296,0.9999927,0.05561844
0.99901396,-0.04439348,-0.00081387593,8.336474,0.044396453,0.9990057,0.0040876814,0.26052788,0.0006315999,-0.0041197822,0.9999915,0.061992157
0.9989176,-0.04649759,-0.001438069,9.161835,0.046502493,0.9989118,0.003581402,0.3048615,0.0012699772,-0.003644397,0.9999927,0.060472634
0.99881804,-0.048586134,-0.0015144238,9.997501,0.048589177,0.9988168,0.0020386977,0.34368357,0.0014135791,-0.0021098708,0.99999696,0.07213258
0.998726,-0.050455064,-0.0010232193,10.8406725,0.050456874,0.99872464,0.0018218642,0.38779885,0.00092999183,-0.0018711698,0.99999803,0.07494511
0.9986509,-0.051921517,-0.0009165448,11.703537,0.051920574,0.9986507,-0.0010254501,0.4359964,0.00096855086,0.0009764808,0.9999992,0.08322923
0.9985432,-0.053872146,-0.0030883485,12.56587,0.053875223,0.99854726,0.00092116976,0.49154595,0.0030342368,-0.0010862115,0.99999493,0.09031055
0.998455,-0.055256095,-0.0058899717,13.441864,0.05527344,0.9984673,0.0028231414,0.54599917,0.005724948,-0.0031443366,0.99997884,0.10185366
0.99837476,-0.056486838,-0.0075788083,14.316201,0.056532875,0.99838275,0.0060030334,0.60389817,0.0072274595,-0.0064217267,0.99995345,0.10753807
0.99828684,-0.0580216,-0.007559989,15.207968,0.058071207,0.99829125,0.0065152785,0.6587501,0.007169044,-0.0069431327,0.9999504,0.11439686
0.9982185,-0.059350703,-0.006131804,16.112104,0.059388865,0.9982155,0.006240713,0.7152827,0.0057504713,-0.0065937545,0.999962,0.12838246
0.9981562,-0.060506333,-0.0048511554,17.017765,0.060535576,0.99814737,0.0061271116,0.77803177,0.0044714385,-0.0064094802,0.9999698,0.13911173
0.9980751,-0.06186781,-0.004326512,17.924023,0.061893307,0.99806464,0.006031147,0.83669263,0.0039450047,-0.0062873187,0.9999728,0.15348284
0.99799675,-0.06305255,-0.005208365,18.831507,0.06308176,0.99799246,0.0056491294,0.8951672,0.0048417165,-0.0059663644,0.9999708,0.15648499
0.99791896,-0.06423645,-0.005617622,19.750162,0.06426503,0.99792004,0.0050638346,0.95904124,0.005280654,-0.0054143122,0.9999717,0.17238976
0.9978991,-0.06465846,-0.0041124634,20.677546,0.06467962,0.9978924,0.0052344375,1.0206419,0.003765344,-0.005489432,0.9999781,0.18378623
0.99791527,-0.06453107,-0.0010393108,21.606028,0.06453606,0.9978985,0.0058043394,1.0865872,0.0006625648,-0.0058593107,0.9999829,0.18803024
0.9979403,-0.06408953,0.002811666,22.543337,0.064070515,0.9979248,0.006405459,1.1488669,-0.0032163565,-0.0062121195,0.9999758,0.1971628
0.9980198,-0.062646784,0.00566686,23.481586,0.062613435,0.9980205,0.005887216,1.207077,-0.00602446,-0.005520735,0.9999669,0.20228595
0.99813884,-0.06063306,0.006544903,24.432701,0.060602494,0.9981506,0.0047764503,1.2675624,-0.0068224114,-0.004370921,0.9999675,0.20426866
0.9982098,-0.059670836,0.00413098,25.376022,0.05964699,0.9982034,0.0056801983,1.3284646,-0.0044625024,-0.005423626,0.99997574,0.20653637
0.9983014,-0.05825956,-0.00076199777,26.343044,0.058263693,0.99827266,0.0075601777,1.3935941,0.0003202276,-0.00759173,0.99997157,0.21388169
0.99835,-0.057304308,-0.0037251776,27.292759,0.05733013,0.9983291,0.0072320774,1.4521258,0.0033045236,-0.0074337064,0.9999674,0.21801394
0.9984032,-0.056434568,-0.002603155,28.268974,0.056447774,0.99839157,0.0053009246,1.5049597,0.002299812,-0.005439399,0.9999831,0.22791149
0.99840313,-0.056446932,0.0023549919,29.251448,0.056441166,0.998403,0.0024599044,1.5593512,-0.0024900867,-0.0023230535,0.99999475,0.23245916
0.99834275,-0.057235986,0.0060418183,30.219505,0.05724886,0.9983581,-0.0019743256,1.6181732,-0.0059188977,0.0023169466,0.99998045,0.23523484
0.9982823,-0.058259342,0.0062416717,31.208422,0.05832419,0.99823976,-0.010762166,1.6651616,-0.0056036906,0.011107728,0.9999233,0.24601342
0.9982245,-0.059511784,0.0026252076,32.199562,0.059538603,0.99815756,-0.011699535,1.7245439,-0.0019241122,0.011835072,0.99992883,0.25201485
0.99813235,-0.061075438,-0.0015223032,33.176544,0.061056633,0.99808115,-0.010307183,1.7890292,0.0021488979,0.010194994,0.9999464,0.25991312
0.998025,-0.062776886,-0.0024341124,34.16817,0.06275,0.9979803,-0.009894964,1.8593823,0.0030503715,0.009722689,0.9999488,0.2603913
0.9979727,-0.063645266,-0.00074899255,35.19113,0.06363274,0.99790895,-0.011348149,1.9233819,0.0014696823,0.01127749,0.99993604,0.2760819
0.9978848,-0.06499179,0.0017078175,36.181564,0.0650049,0.99784213,-0.009254642,1.9989537,-0.0011026572,0.009346091,0.9999565,0.27495897
0.9978111,-0.06607668,0.0028062698,37.194725,0.066094756,0.99778944,-0.0069160005,2.0732355,-0.002343081,0.0070863497,0.99997294,0.29000914
0.9977321,-0.06711595,0.005192147,38.1881,0.067152694,0.9977164,-0.0072525777,2.1456707,-0.0046935277,0.0075848047,0.99996096,0.28938
0.9976945,-0.06733393,0.008526829,39.196827,0.06739531,0.99770105,-0.0071232296,2.2149968,-0.008027592,0.0076814834,0.999939,0.30257425
0.9976536,-0.067683905,0.010346114,40.21385,0.06771166,0.99770224,-0.0023525637,2.2957375,-0.010163111,0.0030476027,0.9999445,0.29393303
0.9976563,-0.06767977,0.010114278,41.200253,0.067690544,0.9977062,-0.0007225197,2.3652086,-0.010042178,0.0014054733,0.9999494,0.3010492
0.997667,-0.067740835,0.008527263,42.19865,0.06775166,0.9977018,-0.0009814418,2.4348319,-0.008441183,0.0015568943,0.999964,0.30514622
0.9977038,-0.067475975,0.0059288335,43.20399,0.06746172,0.9977186,0.002580351,2.5129783,-0.006089419,-0.002174452,0.9999799,0.30911422
0.99764234,-0.06836573,0.0060798214,44.182556,0.06836076,0.99766016,0.0010304624,2.5831897,-0.006136044,-0.0006124065,0.9999818,0.31103143
0.99756694,-0.06933982,0.007303413,45.186157,0.06934864,0.99759203,-0.00095449097,2.6582916,-0.0072196433,0.001458656,0.99997365,0.31558645
0.99749714,-0.07022931,0.008271147,46.1798,0.07023729,0.9975301,-0.00067236205,2.7274256,-0.008203499,0.0012516278,0.9999664,0.31428173
0.9974866,-0.07063244,0.005721459,47.16137,0.07063014,0.9975024,0.0006125068,2.8089979,-0.005750432,-0.00020685454,0.9999843,0.32968602
0.9974708,-0.07108386,0.0005233141,48.14796,0.07108136,0.997463,0.0038685275,2.8865259,-0.000796975,-0.003821541,0.9999932,0.33084732
0.9974335,-0.07160489,-0.0006882889,49.11376,0.0716073,0.99742305,0.0044360263,2.9593122,0.0003688755,-0.0044739237,0.9999908,0.34480727
0.997396,-0.0720823,0.002590962,50.08691,0.072072975,0.9973931,0.003548041,3.035108,-0.0028399576,-0.003352059,0.9999913,0.346191
0.9973661,-0.07227144,0.006250257,51.08467,0.07227232,0.99738497,9.2458446e-05,3.1057432,-0.0062405937,0.000359511,0.99998146,0.36230257
0.99731463,-0.07293764,0.0067074075,52.044727,0.07294381,0.99733585,-0.00067123625,3.1810737,-0.0066405786,0.0011587031,0.9999783,0.36253798
0.9973347,-0.072711684,0.006153719,53.008137,0.07273479,0.99734485,-0.0036080237,3.250082,-0.0058750333,0.0040460033,0.99997556,0.37111703
0.9973249,-0.072929345,0.005079688,53.976902,0.07296409,0.99731,-0.0070162937,3.3137946,-0.004554328,0.007368166,0.9999635,0.38505784
0.99721795,-0.07430164,0.006087127,54.923435,0.07434771,0.9972026,-0.007720657,3.3909266,-0.00549644,0.008151749,0.9999527,0.3848735
0.9971299,-0.07500868,0.010344,55.89101,0.07511786,0.99711835,-0.0106003005,3.4568326,-0.009519078,0.011346903,0.99989134,0.3908559
0.99697864,-0.07607192,0.015753092,56.845474,0.07628509,0.99699605,-0.013400931,3.5296526,-0.014686338,0.014562175,0.99978715,0.39874637
0.99691576,-0.07645884,0.017735528,57.794582,0.076673076,0.9969874,-0.011728212,3.6042452,-0.016785372,0.013051882,0.99977505,0.38711274
0.99690866,-0.077282675,0.014216225,58.73604,0.07744137,0.9969367,-0.010969542,3.6848967,-0.01332492,0.01203656,0.9998399,0.3878937
0.9968545,-0.07902048,0.0062044645,59.6546,0.07906926,0.9968368,-0.008047192,3.7666664,-0.005548943,0.008512466,0.9999495,0.39122105
0.9968146,-0.07975631,0.0011282852,60.56771,0.079762034,0.99679285,-0.006514092,3.8465886,-0.00060512277,0.0065833395,0.9999794,0.4030507
0.9967474,-0.08059052,0.001252198,61.486046,0.08059257,0.996746,-0.0016526086,3.9339619,-0.0011149349,0.001748153,0.9999991,0.39972952
0.99665195,-0.08169725,0.0035049717,62.379833,0.08169562,0.99665743,0.0006173268,4.0149646,-0.0035436861,-0.00032891764,0.999995,0.4114255
0.99657065,-0.08260095,0.00508033,63.263805,0.082590945,0.99658144,0.0021597834,4.0903735,-0.0052413596,-0.0017327861,0.99998605,0.42297515
0.9964938,-0.08354911,0.0046300446,64.12786,0.08353261,0.9964986,0.003662379,4.166729,-0.0049198186,-0.0032627773,0.99998385,0.43395534
0.9963466,-0.08524478,0.005344073,64.97803,0.08521875,0.99635035,0.0049333107,4.2479467,-0.0057451045,-0.004459871,0.99997485,0.43847772
0.9962375,-0.08648224,0.0057744444,65.82344,0.0864492,0.9962399,0.0057554897,4.326308,-0.0062504765,-0.0052346378,0.99996805,0.44775167
0.99610525,-0.08795805,0.0062825596,66.64677,0.087922655,0.9961112,0.005712779,4.4017262,-0.00676061,-0.0051381486,0.99996525,0.45681098
0.9959771,-0.08932461,0.007240762,67.456856,0.089280285,0.9959873,0.0062363395,4.4778013,-0.007768762,-0.005564793,0.9999557,0.463679
0.9958283,-0.090746984,0.009627588,68.272354,0.09066806,0.99584645,0.008346521,4.561763,-0.0103450185,-0.0074387873,0.99992025,0.4673278
0.9956714,-0.091962904,0.013527406,69.05953,0.091832146,0.9957246,0.009994463,4.638194,-0.01438869,-0.008708951,0.9998599,0.46646777
0.99549544,-0.09360123,0.015143654,69.84119,0.09342188,0.9955527,0.012151405,4.716995,-0.01621369,-0.010681921,0.99981296,0.46785945
0.9954212,-0.0949105,0.011416092,70.601204,0.094735116,0.99538916,0.015037225,4.798896,-0.012790641,-0.013886869,0.9998233,0.47663552
0.99537385,-0.096020326,0.0035613864,71.33071,0.09595192,0.9952574,0.01601308,4.8770223,-0.005082071,-0.015597282,0.9998669,0.47612783
0.99526244,-0.09720692,-0.0022466348,72.04139,0.09723,0.99514574,0.015223818,4.9481616,0.00075587706,-0.015370138,0.99988306,0.48642963
0.9952109,-0.09768615,-0.003777417,72.73127,0.09773689,0.9950658,0.017086864,5.0192475,0.0020896376,-0.01737423,0.9998483,0.4887887
0.9951276,-0.0986009,-0.0006908787,73.41604,0.09859617,0.99494505,0.019069707,5.0984077,-0.001192896,-0.019044915,0.9998194,0.49862778
0.99502647,-0.09959992,0.0019537485,74.06961,0.099546835,0.9948595,0.018586166,5.1680765,-0.003794879,-0.018299242,0.9998268,0.5120125
0.99490976,-0.100772776,-0.0009729611,74.69406,0.10077503,0.9947703,0.01664263,5.2307935,-0.0007092427,-0.01665597,0.9998625,0.52112323
0.9949268,-0.100475565,-0.005180301,75.30527,0.10051923,0.9948948,0.008986323,5.28799,0.004250959,-0.009461456,0.99994767,0.53640264
0.9949988,-0.099428706,-0.009638543,75.906876,0.09948077,0.9950268,0.0050736163,5.3458266,0.009086157,-0.006007092,0.9999422,0.5475018
0.9952838,-0.096459314,-0.010360027,76.491974,0.09653543,0.99530447,0.0071089077,5.4067097,0.009625671,-0.0080754915,0.9999226,0.5573207
0.9956974,-0.09233301,-0.007931684,77.05489,0.09242597,0.9956443,0.012273915,5.472363,0.0067638583,-0.0129542025,0.99989474,0.5586465
0.9961365,-0.087709464,-0.004554543,77.619934,0.08775486,0.99608237,0.010945905,5.5175977,0.0035766494,-0.011303302,0.9999313,0.57340413
0.9966114,-0.08226345,0.00024384957,78.15238,0.08225984,0.9965869,0.0069714435,5.555545,-0.0008165055,-0.006927762,0.9999773,0.58677447
0.9972468,-0.07403078,0.0044534337,78.692375,0.074020796,0.99725425,0.0023875781,5.587864,-0.0046179546,-0.0020513562,0.99998885,0.604204
0.99796724,-0.063606456,0.004146504,79.198784,0.06358267,0.997961,0.0056576207,5.6273427,-0.004497905,-0.0053824745,0.99997705,0.60931534
0.9988123,-0.04860322,0.0036540497,79.70664,0.048561268,0.99876195,0.010832135,5.6556635,-0.0041759964,-0.010641826,0.99993634,0.6132842
0.9995315,-0.030344514,0.004188136,80.203354,0.030273292,0.9994116,0.016157236,5.6784983,-0.0046759495,-0.016022881,0.99986243,0.6115656
0.99995136,-0.008532815,0.005090414,80.674545,0.008456567,0.9998546,0.014839124,5.6752806,-0.0052162884,-0.014795359,0.99987864,0.6169012
0.9998215,0.017777046,0.006508746,81.152504,-0.017851774,0.9997735,0.011627965,5.6532335,-0.0063005565,-0.011742083,0.9999129,0.62675416
0.9988651,0.04689277,0.008414049,81.59857,-0.046976253,0.9988462,0.010030372,5.617131,-0.0079339845,-0.010414252,0.999916,0.63043684
0.99674964,0.079881474,0.010503423,82.04262,-0.079981714,0.99675155,0.009510388,5.573707,-0.009709596,-0.01031956,0.99990135,0.63103807
0.9930112,0.11745693,0.011570008,82.499344,-0.117568515,0.99301994,0.009498807,5.509713,-0.010373543,-0.010792692,0.99988973,0.63484514
0.98722064,0.15886135,0.012635107,82.91837,-0.15898739,0.9872336,0.009694824,5.428373,-0.010933666,-0.011579756,0.99987495,0.63719475
0.9788711,0.20406452,0.013047926,83.33343,-0.2041951,0.97888356,0.009609686,5.3272223,-0.0108114015,-0.012070969,0.99987054,0.63757926
0.9674082,0.2529108,0.012600466,83.76054,-0.2530495,0.9673914,0.010994333,5.201165,-0.009408994,-0.013824552,0.999862,0.63840497
0.95211375,0.30552477,0.011628522,84.13055,-0.30565497,0.9520693,0.011834895,5.0655785,-0.0074553015,-0.014822485,0.99986416,0.6464648
0.93250126,0.36101538,0.010510067,84.52974,-0.3611267,0.9324404,0.011973282,4.8878727,-0.0054774685,-0.014960569,0.99987483,0.6480995
0.9085051,0.41775525,0.010011527,84.86987,-0.41785735,0.9084266,0.01254572,4.70884,-0.0038536906,-0.015581243,0.9998729,0.6493985
0.8797858,0.47528765,0.008932454,85.202065,-0.47536856,0.8796912,0.013008282,4.5008655,-0.0016751186,-0.01569071,0.9998773,0.64099133
0.84669894,0.5320242,0.0072291717,85.547386,-0.53207326,0.8466262,0.011091372,4.2452116,-0.00021952181,-0.013237501,0.99991417,0.6557531
0.8102186,0.5860892,0.006809662,85.81693,-0.5861282,0.81014806,0.0107116755,4.011727,0.0007611681,-0.012670131,0.9999213,0.6561714
0.7705489,0.63733196,0.007973409,86.12432,-0.63738155,0.77049756,0.00889994,3.7266512,-0.00047127262,-0.011939939,0.99993056,0.66852015
0.7279869,0.685511,0.010532587,86.36048,-0.6855891,0.7279409,0.008391577,3.4677584,-0.001914582,-0.013329981,0.9999113,0.664598
0.68301344,0.73031956,0.011273929,86.60146,-0.730402,0.6829814,0.0070816814,3.1729527,-0.0025279939,-0.013071381,0.9999134,0.66539145
0.6361519,0.77151257,0.008950988,86.83867,-0.77156276,0.6361309,0.005391853,2.842645,-0.0015341185,-0.01033628,0.9999474,0.6704586
0.5897604,0.80756134,0.005330481,87.0078,-0.8075771,0.58975965,0.0018817775,2.5395913,-0.0016240538,-0.00541456,0.9999861,0.6885914
0.54265714,0.8399309,0.0063527287,87.210236,-0.8399546,0.54264504,0.0036411383,2.2011733,-0.00038897357,-0.0073118834,0.9999753,0.6888668
0.49580404,0.868386,0.009223375,87.357895,-0.8684344,0.4957658,0.006205594,1.8840885,0.0008162164,-0.011086648,0.99994034,0.68372184
0.45003557,0.89295524,0.009989582,87.51311,-0.8930075,0.44997466,0.0078077726,1.5449055,0.0024769332,-0.012434544,0.99992174,0.6881407
0.4073133,0.91328025,0.003985297,87.64919,-0.91328186,0.40728936,0.0056634303,1.1794136,0.0035491316,-0.0059464774,0.9999781,0.6830891
0.36792675,0.92982674,-0.0072870324,87.7314,-0.9298551,0.36791593,-0.0028211288,0.8383438,5.7849786e-05,0.007813886,0.9999716,0.7093437
0.33253634,0.9430189,-0.011655344,87.8283,-0.943087,0.33247477,-0.0069300313,0.47744912,-0.0026600524,0.013296531,0.99991024,0.70747215
0.29870853,0.9542988,-0.009380801,87.942505,-0.95434445,0.29868704,-0.0036463803,0.10316226,-0.00067782,0.010041754,0.99995154,0.7156137
0.26776522,0.9634846,-0.00046571344,88.0445,-0.9634754,0.26776475,0.0042234007,-0.25236547,0.0041938815,-0.0006821584,0.99999315,0.7076011
0.23930149,0.9709369,0.004166108,88.143364,-0.97091603,0.2392585,0.008833416,-0.6317987,0.0075799148,-0.006158781,0.9999545,0.70971984
0.21315053,0.9770155,0.0029384273,88.21483,-0.97697526,0.21311119,0.010180991,-1.0290937,0.009320779,-0.0050408435,0.99994606,0.7239185
0.18994486,0.98178625,-0.004206501,88.2751,-0.9817247,0.18998083,0.011169659,-1.427589,0.011765379,0.0020080265,0.99993104,0.7296282
0.16892801,0.98555773,-0.01184307,88.327576,-0.9854573,0.16911061,0.01662925,-1.829213,0.018391892,0.0088617215,0.9997938,0.73951626
0.14905033,0.98874027,-0.013333667,88.38025,-0.98850256,0.14933445,0.02372534,-2.2628403,0.025449399,0.009644124,0.9996319,0.7294576
0.13152424,0.9912563,-0.010651587,88.44522,-0.9909749,0.13175252,0.02472135,-2.6942239,0.025908591,0.007304024,0.9996399,0.7352865
0.115882054,0.99322236,-0.009042159,88.49634,-0.9930323,0.11604667,0.020518294,-3.1475086,0.021428559,0.006601479,0.9997509,0.7479647
0.10114104,0.9948342,-0.00874504,88.53841,-0.9947153,0.10127744,0.016892556,-3.621819,0.01769098,0.00699032,0.99982136,0.7676577
0.08823115,0.99604905,-0.01013086,88.578735,-0.9959836,0.08837205,0.014423819,-4.1019974,0.015262125,0.008817568,0.99984694,0.7798927
0.075943574,0.9970162,-0.013872568,88.60778,-0.99700797,0.07612981,0.013429794,-4.602279,0.014445844,0.012811187,0.99981594,0.7910362
0.066002,0.9976941,-0.015858807,88.63422,-0.9977108,0.06622151,0.013739967,-5.1091037,0.0147584835,0.014915674,0.99978215,0.79941785
0.05807919,0.99815315,-0.017840853,88.66199,-0.9981977,0.05833421,0.014122508,-5.6376433,0.015137164,0.01698851,0.9997434,0.8083166
0.051761962,0.99846745,-0.019612335,88.689865,-0.99853987,0.05205028,0.014487227,-6.187831,0.01548586,0.01883385,0.99970496,0.8167104
0.046410326,0.9987161,-0.020331513,88.716064,-0.99878955,0.04672721,0.015398371,-6.750986,0.016328646,0.019592298,0.999677,0.82874715
0.040447682,0.9989744,-0.020379115,88.737755,-0.9990386,0.04077933,0.016130026,-7.3325486,0.016944543,0.019707138,0.99966455,0.83603066
0.035812028,0.99910194,-0.022669777,88.75828,-0.99921453,0.03618349,0.016193533,-7.9498897,0.016999276,0.022072088,0.9996142,0.84696126
0.03287913,0.99917173,-0.023998916,88.77637,-0.9993167,0.033271402,0.016133498,-8.563107,0.01691863,0.023452107,0.9995841,0.85910416
0.029778728,0.9992427,-0.025065577,88.79502,-0.999421,0.030179115,0.015749864,-9.208641,0.016494412,0.024582101,0.999564,0.87323236
0.02722972,0.99927056,-0.026796212,88.8092,-0.99950033,0.027647829,0.015358545,-9.869483,0.016088216,0.026364664,0.99952525,0.88155836
0.026626792,0.9991825,-0.030437753,88.82204,-0.99952346,0.027088078,0.014844618,-10.545353,0.015656998,0.030028036,0.9994288,0.89843166
0.027285593,0.99907583,-0.033228934,88.84245,-0.9995092,0.027780518,0.014525019,-11.254605,0.015434727,0.032816354,0.9993446,0.9101779
0.029557945,0.9989365,-0.035403717,88.86221,-0.9994445,0.030083174,0.014395804,-11.953951,0.015445566,0.03495859,0.99927175,0.9246138
0.033174742,0.9987601,-0.0371326,88.88692,-0.9993297,0.03372497,0.014291044,-12.685609,0.015525636,0.03663366,0.99921054,0.93568593
0.037144657,0.9985696,-0.038472522,88.91738,-0.99919254,0.037704453,0.013928447,-13.432318,0.015359123,0.037924144,0.999165,0.9492612
0.0414336,0.9983487,-0.039801847,88.94812,-0.9990419,0.041960254,0.01248874,-14.190377,0.0141382255,0.039246317,0.999132,0.9612759
0.04565842,0.99812365,-0.040811438,88.99038,-0.9988757,0.046140436,0.010947571,-14.965152,0.012810099,0.04026576,0.99910927,0.9747689
0.049690034,0.998023,-0.03849836,89.035706,-0.99870545,0.050072275,0.009028512,-15.762518,0.010938373,0.037999954,0.99922025,0.985348
0.054036062,0.9978567,-0.03692184,89.083534,-0.99849015,0.054364428,0.007947622,-16.55709,0.009937832,0.036436696,0.999289,0.9972662
0.057780854,0.9976989,-0.035486575,89.1379,-0.9982745,0.058115706,0.008477337,-17.36309,0.010520169,0.034935575,0.9993366,1.0126761
0.061090738,0.99757427,-0.03338371,89.19514,-0.9980312,0.0615276,0.012218441,-18.169388,0.014242837,0.032571606,0.99937034,1.0336772
0.062556945,0.997633,-0.028567111,89.26021,-0.99785024,0.06308039,0.017804705,-18.979477,0.01956461,0.027391938,0.9994358,1.0456266
0.06214838,0.99774134,-0.02551023,89.31843,-0.99781525,0.062687024,0.02088746,-19.809393,0.022439472,0.024156416,0.9994588,1.0706298
0.06264283,0.9977619,-0.023409486,89.3772,-0.9977969,0.06312461,0.02044149,-20.624006,0.021873482,0.022077441,0.9995194,1.0894394
0.06262672,0.9978069,-0.021450963,89.4328,-0.9978345,0.06303314,0.018825315,-21.447742,0.020136178,0.02022558,0.9995951,1.1151685
0.062489204,0.9978181,-0.021332297,89.48383,-0.9978669,0.0628689,0.017618053,-22.268494,0.018920774,0.020185893,0.9996197,1.1415986
0.06307003,0.99782366,-0.01926232,89.541756,-0.99784654,0.063397005,0.016864067,-23.088524,0.018048562,0.018157255,0.9996748,1.1650574
0.063151695,0.99785376,-0.0173414,89.59693,-0.99784046,0.06344689,0.017034965,-23.905985,0.018098684,0.016228193,0.99970704,1.1906512
0.06319857,0.9978884,-0.015025741,89.65688,-0.99782825,0.06346109,0.017687857,-24.718029,0.01860408,0.013875289,0.99973327,1.21394
0.062435556,0.9979761,-0.012099626,89.717545,-0.9978601,0.0626554,0.018731369,-25.535982,0.01945159,0.0109042525,0.99975395,1.2395008
0.059904058,0.9981581,-0.009638264,89.77383,-0.9980239,0.060074233,0.01845779,-26.354418,0.019002829,0.00851354,0.9997858,1.2637787
0.05572804,0.9984258,-0.006412252,89.82923,-0.99828994,0.055831935,0.017358726,-27.17763,0.017689431,0.005433933,0.9998314,1.2870834
0.051120922,0.99868596,-0.0036998582,89.87979,-0.9985767,0.051171184,0.0150780585,-28.017687,0.015247591,0.0029237983,0.9998821,1.3116176
0.04530537,0.99897164,-0.0019034928,89.92907,-0.99888456,0.045326717,0.01328203,-28.844748,0.013354668,0.0012996295,0.99991256,1.3314571
0.03780161,0.99928427,-0.0015746839,89.96488,-0.99919796,0.037819147,0.013209457,-29.672943,0.013259575,0.001074089,0.9999141,1.3578327
0.028617991,0.9995905,-0.00063574617,89.99742,-0.9994947,0.02862406,0.013875081,-30.48521,0.013887618,0.0002383531,0.9999061,1.3772132
0.018515943,0.9998281,-0.001224656,90.010056,-0.9997298,0.018531365,0.014089334,-31.288734,0.014109627,0.000963454,0.9999026,1.3977294
0.008377752,0.99996394,-0.001582093,90.01852,-0.99987537,0.008398253,0.013436102,-32.086414,0.013448925,0.0014693383,0.9999111,1.4154532
-0.002634992,0.9999965,-0.0007544503,90.0278,-0.99991834,-0.0026253108,0.01257857,-32.884537,0.012576565,0.0007875389,0.9999232,1.4346309
-0.013592702,0.99990666,-0.0015820812,90.01602,-0.9998421,-0.013573572,0.011545452,-33.665825,0.011522918,0.0017387726,0.99993473,1.4540069
-0.02483603,0.99969035,-0.0017070348,89.99532,-0.9996255,-0.024814613,0.011608222,-34.45474,0.011562286,0.0019947055,0.9999338,1.4760017
-0.03588707,0.9993547,-0.0016599633,89.97056,-0.999286,-0.035864763,0.011952466,-35.24705,0.01188524,0.0020877253,0.9999298,1.492231
-0.04665365,0.9989111,-0.0008110912,89.94008,-0.998831,-0.046639558,0.012769272,-36.01434,0.01271756,0.0014058836,0.9999208,1.5128957
-0.05701025,0.99837315,-0.0012100535,89.89703,-0.9982813,-0.056988373,0.01372927,-36.78461,0.013637998,0.001990691,0.9999077,1.5300997
-0.06683016,0.9977626,-0.0020062453,89.84817,-0.9976654,-0.066794954,0.014276437,-37.549046,0.014110514,0.0029556681,0.9998987,1.5498375
-0.0763412,0.99707943,-0.002269813,89.79332,-0.9969767,-0.07629979,0.014742586,-38.30038,0.014526369,0.0033884284,0.9998913,1.5693185
-0.085621335,0.9963239,-0.0028767916,89.72963,-0.9962201,-0.08556912,0.0149991065,-39.048965,0.014697829,0.004150173,0.9998859,1.5887836
-0.094257385,0.99554354,-0.003031515,89.661,-0.99544805,-0.09420422,0.014498828,-39.787518,0.014148658,0.00438435,0.99989283,1.6099083
-0.10164969,0.9948073,-0.005138765,89.5841,-0.99473804,-0.10157319,0.013442113,-40.52668,0.012850375,0.006478128,0.999899,1.6266942
-0.107162334,0.9942051,-0.008542827,89.50725,-0.9941829,-0.1070581,0.011853366,-41.258514,0.01087012,0.009763388,0.99989575,1.6482835
-0.110977806,0.9937477,-0.012245707,89.42682,-0.9937842,-0.110855244,0.010278459,-41.973946,0.008856712,0.013310298,0.9998747,1.6703961
-0.11365785,0.99342704,-0.0136042,89.344315,-0.993494,-0.11354364,0.00890004,-42.678112,0.0072968854,0.014527278,0.9998704,1.688308
-0.11553931,0.99319994,-0.01431936,89.26603,-0.9932817,-0.1154289,0.008319191,-43.36502,0.006609766,0.015184382,0.9998655,1.701922
-0.11612507,0.9931288,-0.014517947,89.19226,-0.9932128,-0.11601149,0.008443473,-44.033203,0.006701221,0.015399938,0.9998616,1.7141773
-0.115440905,0.9931917,-0.01562543,89.11377,-0.9932867,-0.11530422,0.009390696,-44.686497,0.0075250985,0.016604632,0.9998365,1.7291939
-0.112927325,0.99347705,-0.015853943,89.04334,-0.993566,-0.11276897,0.010557555,-45.33168,0.008700872,0.016944207,0.99982125,1.7456787
-0.10795881,0.994022,-0.016299661,88.977425,-0.99411047,-0.10778219,0.011357408,-45.9545,0.009532718,0.01742983,0.9998053,1.758861
-0.100071475,0.9948543,-0.0158517,88.92237,-0.9949264,-0.09988629,0.01207822,-46.5504,0.010432719,0.016979994,0.999804,1.7743789
-0.08897011,0.99591863,-0.015199582,88.87883,-0.9959745,-0.08878597,0.012392813,-47.137337,0.010992742,0.016241018,0.99981034,1.7893223
-0.07559259,0.99702233,-0.015259431,88.84104,-0.997073,-0.0754018,0.012717627,-47.71145,0.011529189,0.016176157,0.99980533,1.8072162
-0.05852385,0.998182,-0.014427462,88.81682,-0.99819803,-0.058319762,0.014184852,-48.26417,0.013317681,0.015231646,0.99979794,1.8202641
-0.03742323,0.9992083,-0.0135251,88.80578,-0.99916494,-0.037191942,0.016967509,-48.807285,0.016451078,0.014148813,0.9997673,1.8368598
-0.012843784,0.99984896,-0.011732133,88.81852,-0.9997186,-0.012605818,0.020137802,-49.33498,0.019986901,0.0119875,0.9997311,1.8549141
0.015309384,0.9998285,-0.010446869,88.837204,-0.999635,0.015537774,0.022142114,-49.851852,0.022300677,0.010104092,0.999703,1.8706157
0.04848259,0.9987781,-0.0096147545,88.877884,-0.9985699,0.048685513,0.02212954,-50.381756,0.022570638,0.008528123,0.99971163,1.889937
0.08625664,0.99622655,-0.009654864,88.94038,-0.9960546,0.08643697,0.020142911,-50.896435,0.020901479,0.007879325,0.99975324,1.9024022
0.12815115,0.99171716,-0.008675315,89.023766,-0.9915954,0.12828285,0.016850475,-51.392532,0.017823832,0.0064430065,0.99982315,1.9197662
0.17285374,0.9849266,-0.00647996,89.1338,-0.9848494,0.172926,0.013040594,-51.8988,0.013964608,0.0041276766,0.99989676,1.9356362
0.22080377,0.97531676,-0.0019089184,89.26962,-0.9752669,0.2208119,0.0099204825,-52.38816,0.010097147,-0.00032877456,0.9999517,1.9520482
0.27200243,0.96229655,0.00087389443,89.42422,-0.96226275,0.27198493,0.008738732,-52.85431,0.0081715835,-0.0032178764,0.9999642,1.9669892
0.32602644,0.94536024,0.0012370695,89.62101,-0.9453276,0.32600355,0.00890342,-53.324886,0.0080136685,-0.004072192,0.9999624,1.9716854
0.3832991,0.9236225,-0.0020253265,89.82803,-0.9235742,0.3833003,0.009658607,-53.76939,0.009697234,-0.0018315983,0.9999541,1.9923651
0.44300184,0.8965001,-0.006139716,90.04264,-0.8964027,0.44304448,0.013249818,-54.174885,0.014598658,-0.00036603666,0.99989617,1.9991653
0.5020329,0.86477137,-0.011589481,90.31663,-0.8646062,0.5021647,0.016988356,-54.58338,0.020510906,0.0014916253,0.9997914,2.0167062
0.559979,0.82841444,-0.012407547,90.58576,-0.8281366,0.56011397,0.021541875,-54.945942,0.02479528,-0.0017878561,0.9996939,2.024062
0.61551034,0.7880243,-0.01286924,90.916885,-0.78765434,0.6156245,0.024678666,-55.308712,0.02737005,-0.005053469,0.9996155,2.0328975
0.6684416,0.7436173,-0.014832548,91.24954,-0.7431886,0.66857606,0.026048422,-55.632385,0.029286787,-0.006388476,0.99955356,2.046214
0.71768385,0.69617164,-0.016606778,91.58082,-0.69576406,0.71785057,0.024594331,-55.92476,0.029043103,-0.006096564,0.99956256,2.057315
0.7633322,0.64586806,-0.01338337,91.97599,-0.6455645,0.76341283,0.02119426,-56.224266,0.023905767,-0.0075384458,0.9996888,2.0828016
0.80535126,0.5927203,-0.009627548,92.36258,-0.5925389,0.80537343,0.016523376,-56.4755,0.017547539,-0.007602438,0.9998201,2.0907538
0.8424173,0.5388077,-0.00449116,92.74509,-0.538711,0.8423805,0.013685841,-56.69304,0.011157316,-0.009109767,0.9998992,2.1070137
0.8742423,0.48549014,0.0006384838,93.18875,-0.48546684,0.8741862,0.011052004,-56.90345,0.0048074885,-0.009972109,0.9999417,2.1102028
0.9004885,0.4348381,0.0060732877,93.626884,-0.43487966,0.9004275,0.010567811,-57.084316,-0.00087327557,-0.012157363,0.99992865,2.1249819
0.9212562,0.3888291,0.009975046,94.04629,-0.38893393,0.92117864,0.012730789,-57.23818,-0.0042387103,-0.01560798,0.99987215,2.140671
0.9372,0.34854525,0.013146964,94.52141,-0.34873936,0.937052,0.017778061,-57.384262,-0.0061229463,-0.0212465,0.9997585,2.136074
0.949493,0.31351107,0.013205201,94.97465,-0.31374273,0.94923526,0.022794383,-57.503357,-0.0053885668,-0.025786187,0.9996559,2.1427639
0.9592439,0.2823375,0.011711718,95.44806,-0.28254822,0.9589353,0.024724416,-57.625473,-0.0042501627,-0.02702592,0.99962866,2.1234457
0.9655596,0.25996533,0.010646375,95.918816,-0.26013315,0.9653682,0.01991672,-57.751896,-0.0051000286,-0.022000292,0.99974793,2.1429691
0.9696019,0.24448204,0.010064234,96.406265,-0.244624,0.9694726,0.016842999,-57.872864,-0.005639203,-0.018792987,0.9998105,2.146253
0.9728195,0.2313533,0.009930488,96.90693,-0.23151347,0.972619,0.020387357,-57.97979,-0.0049419105,-0.022132296,0.9997459,2.146018
0.9750185,0.22184928,0.011071448,97.40865,-0.22206672,0.9746947,0.02566022,-58.077335,-0.0050985925,-0.027477834,0.9996125,2.1355782
0.97647387,0.21535872,0.010966548,97.925255,-0.21560468,0.97595084,0.032194242,-58.17104,-0.0037695102,-0.03380133,0.9994246,2.136629
0.97708756,0.2126619,0.0087077785,98.44282,-0.21283995,0.9762909,0.03946048,-58.268936,-0.00010958696,-0.04040977,0.99918634,2.1347582
0.9773105,0.21172139,0.0062730066,98.97742,-0.2117998,0.97647077,0.04058841,-58.37787,0.0024680274,-0.040996157,0.99915946,2.1422095
0.9767938,0.21417174,0.0023113275,99.522896,-0.21410058,0.97605526,0.038455747,-58.503395,0.0059801573,-0.038058247,0.99926084,2.1465445
0.9758654,0.21833965,-0.0039605354,100.075584,-0.21803656,0.97520113,0.038008463,-58.63222,0.012161088,-0.03622765,0.9992728,2.1533453
0.9748848,0.22256742,-0.008038351,100.62984,-0.22208415,0.97421074,0.039923172,-58.756805,0.01671667,-0.037135348,0.9991737,2.1623585
0.9738888,0.22691683,-0.0071144747,101.207375,-0.22640732,0.97306466,0.043435708,-58.882256,0.016779162,-0.040690828,0.99903417,2.1663675
0.97262263,0.23237848,-0.0026068396,101.8141,-0.23202533,0.9716538,0.045331202,-59.017536,0.01306696,-0.04348535,0.99897194,2.1701748
0.97156245,0.23677664,0.0021287736,102.41652,-0.2366392,0.97060436,0.043942504,-59.163235,0.00833837,-0.04319669,0.9990352,2.1824887
0.9705469,0.24081713,0.006873911,103.03422,-0.24089836,0.96974856,0.039467905,-59.315895,0.0028385813,-0.03996141,0.9992006,2.1929955
0.96973914,0.24390112,0.0109365415,103.66076,-0.24413855,0.9690875,0.03560455,-59.47955,-0.0019144855,-0.0371972,0.9993095,2.2007344
0.968986,0.24687527,0.010964678,104.28797,-0.24710295,0.9684689,0.03177979,-59.63865,-0.0027733184,-0.033503607,0.9994381,2.2053618
0.9687642,0.24788003,0.0072748708,104.93362,-0.24798661,0.9683406,0.028654225,-59.805832,5.825e-05,-0.029563287,0.9995663,2.208681
0.96884966,0.24765258,-0.00022027292,105.58186,-0.24756257,0.9685216,0.026090527,-59.97335,0.0066747284,-0.02522329,0.999663,2.2218955
0.96906143,0.24675214,-0.005907837,106.23835,-0.24646232,0.9686625,0.030844381,-60.138294,0.013333631,-0.028434068,0.99951017,2.222799
0.969523,0.24483314,-0.009134205,106.91078,-0.24440908,0.96909446,0.033500392,-60.298958,0.017053934,-0.030246947,0.9994004,2.2331579
0.97023165,0.24211651,-0.005616493,107.61444,-0.24181485,0.96977824,0.032524724,-60.468826,0.013321539,-0.030198393,0.99945855,2.2372577
0.9706111,0.24065518,0.00081098283,108.31603,-0.24058397,0.9702312,0.027804343,-60.639713,0.00590442,-0.027182337,0.9996165,2.2527232
0.9713807,0.23745354,0.0060735447,109.04905,-0.2375309,0.97103256,0.02602124,-60.813683,0.00028121946,-0.026719209,0.9996464,2.2570286
0.9717788,0.23581502,0.0062312065,109.777405,-0.23589604,0.9713522,0.028812842,-60.98377,0.00074179884,-0.029469654,0.99956894,2.266321
0.97221935,0.23405132,0.0033397095,110.505424,-0.23402137,0.97159266,0.035270322,-61.144432,0.0050102286,-0.03507209,0.99937576,2.2696853
0.9730982,0.23038612,-0.0019489169,111.26025,-0.23016018,0.97245646,0.03683769,-61.31381,0.010382138,-0.035398163,0.9993229,2.280571
0.97398263,0.22655906,-0.005532886,112.01545,-0.22622828,0.9734285,0.0354979,-61.487766,0.013428253,-0.033322673,0.99935794,2.2868245
0.9748345,0.22288238,-0.004786563,112.78151,-0.222597,0.97431797,0.034021836,-61.6603,0.012246514,-0.03210021,0.99941313,2.298656
0.9756318,0.21939217,-0.0033969793,113.56754,-0.21918884,0.97520274,0.03063039,-61.835155,0.01003282,-0.029139422,0.9995285,2.3144011
0.9760677,0.21746616,-0.0014591203,114.36128,-0.21733713,0.9756808,0.028526895,-62.0091,0.0076272744,-0.027527077,0.9995955,2.3256512
0.9762922,0.21646078,0.0002644739,115.145874,-0.216396,0.9759695,0.025663354,-62.184967,0.0052969917,-0.025112176,0.9996742,2.3306084
0.97643447,0.21581669,0.0008654817,115.95435,-0.21578452,0.97620296,0.021611733,-62.368473,0.0038192852,-0.021289205,0.9997696,2.3472595
0.9765257,0.21539569,0.0020168521,116.75755,-0.21538901,0.9762965,0.021333432,-62.539345,0.00262608,-0.02126706,0.9997739,2.3499837
0.9765169,0.21543992,0.00149722,117.57603,-0.2154071,0.9761915,0.025538493,-62.7097,0.004040436,-0.025261296,0.9996762,2.3621533
0.9763484,0.2162071,-0.00040639343,118.3979,-0.21608692,0.97586584,0.03153906,-62.87881,0.0072155567,-0.030705318,0.99950594,2.3705416
0.97619927,0.21687943,-0.00037065824,119.230034,-0.2166934,0.9754307,0.03976434,-63.049885,0.008985624,-0.03873764,0.99921244,2.381817
0.9756788,0.21920249,0.0017077469,120.07008,-0.21905236,0.9746578,0.045393895,-63.22476,0.00828599,-0.04466399,0.99897116,2.3935316
0.97492194,0.22251539,0.00399102,120.91415,-0.22244786,0.97376734,0.047921572,-63.400562,0.006776964,-0.047607634,0.99884665,2.4050586
0.97438014,0.22487721,0.003918304,121.748474,-0.22479177,0.9731475,0.049548395,-63.58426,0.007329219,-0.04915983,0.99876755,2.4189076
0.97384316,0.22722001,0.0015508282,122.60094,-0.227026,0.9726817,0.04849833,-63.77953,0.009511333,-0.047581896,0.99882555,2.4343107
0.9734147,0.22905283,0.0007268442,123.43879,-0.22886916,0.972498,0.043234117,-63.97902,0.009196046,-0.04225112,0.9990682,2.4486468
0.9733827,0.22918706,-0.0011653181,124.2658,-0.22898741,0.9727243,0.037079386,-64.17984,0.009631653,-0.035825625,0.99931514,2.4651566
0.97309965,0.23038189,-0.0017826394,125.11474,-0.23017474,0.9725008,0.03555898,-64.37689,0.009925768,-0.034192145,0.9993695,2.4887857
0.9727148,0.23200318,0.0015548363,125.94665,-0.2318923,0.97199535,0.038127195,-64.56499,0.0073343394,-0.03744748,0.99927515,2.4962397
0.97254765,0.23257731,0.0077985856,126.79096,-0.23270097,0.97171444,0.040298562,-64.75815,0.0017945296,-0.041007053,0.9991607,2.5064487
0.9722624,0.23359786,0.011827927,127.62746,-0.23389176,0.9713356,0.042479098,-64.94921,-0.0015658677,-0.044067327,0.9990308,2.5129282
0.9719356,0.23517334,0.006061216,128.44559,-0.23521508,0.9710113,0.04258613,-65.14265,0.004129613,-0.042816706,0.9990779,2.5270145
0.9718233,0.23555824,-0.008589804,129.25848,-0.23505327,0.971181,0.039497234,-65.33918,0.01764617,-0.036365308,0.9991863,2.5458014
0.97180974,0.2351148,-0.017572483,130.07088,-0.23436335,0.971454,0.03678857,-65.54239,0.025720425,-0.03163318,0.9991721,2.5858335
0.9720687,0.23451959,-0.0092099495,130.90274,-0.23406786,0.9715819,0.035261583,-65.74003,0.01721777,-0.03212096,0.9993392,2.5957491
0.97253925,0.23258935,0.008445572,131.74731,-0.23273706,0.9721249,0.028443843,-65.93763,-0.0015944227,-0.029628387,0.9995632,2.6020405
0.97254646,0.23168151,0.021881156,132.5767,-0.23214857,0.9724336,0.02196304,-66.138855,-0.016189566,-0.026439788,0.99952286,2.6140096
0.972855,0.23065914,0.018742932,133.3869,-0.23109986,0.97257495,0.026331875,-66.31829,-0.012155236,-0.029948622,0.9994811,2.6247134
0.97333044,0.22933288,0.0059920745,134.19572,-0.22939639,0.9726412,0.036725223,-66.49132,0.002594166,-0.037120387,0.999311,2.637971
0.97351587,0.2286117,-0.0022584319,134.99913,-0.2283467,0.9727787,0.03951792,-66.67855,0.011231231,-0.037955668,0.99921983,2.6319818
0.97392654,0.22682518,-0.0043584364,135.8037,-0.22653878,0.97337157,0.035073567,-66.86475,0.012197965,-0.033171766,0.9993788,2.6518996
0.9745529,0.22413152,-0.003626834,136.61378,-0.22389771,0.97406584,0.032675788,-67.04331,0.010856466,-0.031032287,0.99946296,2.6746714
0.97536004,0.2205723,-0.004706684,137.42387,-0.22031423,0.9749036,0.032044254,-67.21593,0.011656657,-0.030217778,0.99947894,2.6943047
0.9764807,0.21552716,-0.0059178937,138.22832,-0.21522374,0.9760109,0.03291946,-67.39049,0.012870988,-0.030871589,0.999444,2.7090034
0.9770932,0.21273665,-0.0057918034,139.03413,-0.21237838,0.97646934,0.03748745,-67.55866,0.013630495,-0.035398733,0.99928385,2.730181
0.97766775,0.21010524,-0.00481939,139.84276,-0.20971115,0.9768204,0.04295827,-67.71563,0.013733459,-0.040988296,0.9990688,2.743904
0.9780461,0.20837279,-0.002873633,140.65152,-0.208058,0.977165,0.04316122,-67.878654,0.011801656,-0.041615844,0.9990676,2.7672338
0.9782858,0.20726112,0.0011605606,141.44429,-0.207121,0.97738683,0.042640682,-68.0463,0.0077034505,-0.041955214,0.9990934,2.777007
0.97863257,0.20561676,0.0013289701,142.24266,-0.20549461,0.97778505,0.04136194,-68.20999,0.007205271,-0.040751293,0.99914706,2.7948146
0.97910976,0.2033297,-0.0016470978,143.03677,-0.20310877,0.9783661,0.039359167,-68.370224,0.009614367,-0.03820246,0.99922746,2.8122833
0.9799797,0.19899791,-0.0064187464,143.81308,-0.19866395,0.979455,0.03468272,-68.529976,0.013188683,-0.032713234,0.9993814,2.8316917
0.9812522,0.1925539,-0.008291628,144.60815,-0.19218384,0.9807979,0.033214208,-68.68907,0.014527959,-0.030998038,0.9994176,2.8496058
0.9825537,0.18594156,-0.0039490573,145.39842,-0.1857276,0.9820949,0.031577438,-68.83467,0.009749922,-0.030293122,0.9994973,2.859538
0.9836167,0.18023749,0.0037760357,146.18819,-0.1802727,0.98323584,0.027408488,-68.97465,0.001227303,-0.027640201,0.999621,2.8784783
0.98437274,0.1756268,0.012928261,147.00777,-0.17592262,0.9840289,0.027212774,-69.1172,-0.007942508,-0.029061927,0.9995498,2.8932512
0.9850266,0.17163229,0.016326806,147.78923,-0.17205505,0.9846459,0.029520545,-69.242714,-0.011009468,-0.031887673,0.99943453,2.888421
0.9859161,0.1668003,0.01219899,148.5912,-0.16711873,0.9853849,0.033013336,-69.36742,-0.0065140817,-0.034587104,0.9993841,2.8925805
0.9871136,0.16000867,0.0023754777,149.37242,-0.1599955,0.9865257,0.03421207,-69.4877,0.0031307607,-0.034151312,0.99941546,2.908412
0.98806196,0.15401128,-0.0039704507,150.16457,-0.15380052,0.98755753,0.03282738,-69.6124,0.008976848,-0.031824872,0.9994568,2.9088218
0.9890409,0.1476005,-0.0037279779,150.98808,-0.14740875,0.98856276,0.03188161,-69.735725,0.008391093,-0.030982722,0.99948835,2.9227118
0.990186,0.1397617,-0.00016992463,151.7971,-0.13965924,0.98950684,0.037062384,-69.8356,0.0053480496,-0.036674973,0.9993166,2.9258866
0.9912086,0.1323127,-0.00071388646,152.60825,-0.13216038,0.9903007,0.04289897,-69.92563,0.0063830484,-0.042427544,0.99908286,2.9373739
0.9924551,0.12246335,-0.0061050057,153.41371,-0.12205889,0.99146456,0.04584461,-70.00808,0.0116671985,-0.04475361,0.9989336,2.9482522
0.99346626,0.11377478,-0.009040389,154.23425,-0.11327037,0.9925796,0.044245865,-70.100266,0.01400739,-0.042932827,0.99898344,2.9676588
