'00':
  ARE: 0.0016623886270196373
  ATE: 0.01861449409234743
  STD_ARE: 0.002518648733649978
  STD_ATE: 0.019982158805665628
  nsecs_per_frame: 0.3476956263430658
  rot_err: 3.698801376080213e-05
  tr_err: 0.005285687505512083
AVG:
  ARE: 0.0016623886270196373
  ATE: 0.01861449409234743
  STD_ARE: 0.002518648733649978
  STD_ATE: 0.019982158805665628
  nsecs_per_frame: 0.3476956263430658
  rot_err: 3.698801376080213e-05
  tr_err: 0.005285687505512083
