0,1,2,3,4,5,6,7,8,9,10,11
1.0,0.0,0.0,0.0,0.0,1.0,0.0,0.0,0.0,0.0,1.0,0.0
0.99994516,0.010424118,0.0009900212,0.30100185,-0.010421741,0.9999429,-0.0023754325,-0.014614206,-0.0010147264,0.0023649847,0.99999666,0.0064266687
0.999855,0.016997978,0.0010671368,0.58834845,-0.016993396,0.99984694,-0.0041672876,-0.029784445,-0.0011378088,0.0041485485,0.9999907,0.007908936
0.9998154,0.019211218,-0.00032541173,0.88577926,-0.019213023,0.9997911,-0.0069785053,-0.03737936,0.00019127813,0.0069834692,0.9999756,0.009170492
0.99984306,0.01764602,-0.0015824722,1.1965582,-0.017658293,0.9998113,-0.008108928,-0.04235152,0.0014390831,0.008135599,0.9999659,0.010080671
0.99993783,0.0106360335,-0.0033520248,1.5099535,-0.010672804,0.99988097,-0.01114962,-0.044738546,0.0032330377,0.011184702,0.99993235,0.009848221
0.99998856,-0.0013673268,-0.0045860363,1.8278713,0.0013114698,0.9999253,-0.012160754,-0.042282224,0.0046023205,0.0121546015,0.9999157,0.01716471
0.99984616,-0.016840165,-0.0049107713,2.1573913,0.016782416,0.9997923,-0.011573261,-0.023929968,0.0051046466,0.011489067,0.99992114,0.021317532
0.9993365,-0.036033113,-0.00530841,2.5047562,0.03598986,0.99932,-0.008031219,0.0077463724,0.00559419,0.007834843,0.9999538,0.026112588
0.9984312,-0.055605985,-0.006569925,2.8534884,0.05557771,0.9984447,-0.0044122785,0.04391633,0.0068050567,0.004040216,0.9999688,0.030106965
0.9971446,-0.075189345,-0.007026448,3.210126,0.075162604,0.9971633,-0.003998158,0.083276086,0.007307136,0.0034586163,0.9999675,0.03249159
0.9953292,-0.096320495,-0.0065121297,3.594004,0.09628814,0.9953404,-0.005115483,0.12821878,0.0069745122,0.004464549,0.99996597,0.036366317
0.99324113,-0.11593382,-0.0056438115,3.9795306,0.11589824,0.9932413,-0.0062737325,0.17857085,0.006333005,0.0055772206,0.99996465,0.04395839
0.99108845,-0.13310514,-0.005207894,4.379407,0.13307552,0.9910897,-0.005676532,0.24578449,0.005917066,0.004932902,0.9999706,0.04823059
0.9888119,-0.14909308,-0.0047596437,4.796175,0.14907084,0.9888153,-0.0047299652,0.32011667,0.0054116133,0.0039675217,0.9999778,0.0544758
0.9866913,-0.16252834,-0.0050366977,5.211525,0.16250747,0.986698,-0.0043120803,0.39769083,0.005670535,0.003436191,0.99997836,0.0593568
0.98458064,-0.17483822,-0.0057578017,5.6503286,0.17480645,0.9845869,-0.005628248,0.4829842,0.006653088,0.0045349635,0.999968,0.0641518
0.9827942,-0.18456984,-0.0070744073,6.0938263,0.18450855,0.98279417,-0.008516518,0.56606674,0.008524577,0.007064697,0.99993914,0.07365729
0.9812747,-0.19239989,-0.009109114,6.546373,0.1923316,0.9812986,-0.007865756,0.6598466,0.010452131,0.0059664967,0.999928,0.07929191
0.9796873,-0.2002237,-0.011141214,7.0240293,0.20014395,0.979735,-0.007876293,0.7659884,0.0124924565,0.0054864567,0.9999074,0.08006074
0.97806674,-0.20785113,-0.013572068,7.499011,0.20774938,0.978145,-0.008535796,0.87127584,0.015049624,0.005528989,0.9998719,0.08848029
0.9762697,-0.21605906,-0.01472299,8.004986,0.21588743,0.9763395,-0.012411144,0.9824207,0.017056176,0.008938115,0.99981505,0.09712724
0.97451526,-0.2238471,-0.014609206,8.522776,0.22357735,0.974519,-0.01805843,1.0939307,0.018279275,0.0143319275,0.9997307,0.111010395
0.9725766,-0.23198575,-0.016677376,9.038689,0.23166282,0.9726059,-0.019243535,1.2216151,0.02068474,0.014852284,0.99967617,0.13189852
0.97036994,-0.24063505,-0.021858975,9.578637,0.2403352,0.97056663,-0.015480193,1.3705263,0.024940668,0.009768033,0.99964166,0.13413443
0.9681397,-0.24908939,-0.02570935,10.1096325,0.24883589,0.96846277,-0.012679768,1.5179245,0.028056944,0.005878377,0.9995895,0.14905582
0.9657642,-0.25800148,-0.027123474,10.675056,0.25766972,0.9661144,-0.015146388,1.6727082,0.030112168,0.007638939,0.9995178,0.16793427
0.9634534,-0.2663647,-0.0284293,11.241161,0.26596257,0.96383065,-0.017164439,1.8296086,0.031973027,0.008976006,0.9994489,0.19405268
0.96125776,-0.27387792,-0.031227648,11.818732,0.27345598,0.96173173,-0.017148277,1.997816,0.03472915,0.007944527,0.9993656,0.21395837
0.9586979,-0.28224424,-0.03517441,12.416441,0.2818206,0.9593241,-0.016573068,2.1838007,0.038421303,0.0059756935,0.9992443,0.23363005
0.9564292,-0.28917858,-0.04024645,13.008293,0.28868204,0.9572602,-0.017773246,2.3733294,0.043665953,0.0053804256,0.9990322,0.26138806
0.9541502,-0.29554418,-0.04745228,13.617405,0.29497725,0.95532155,-0.01869604,2.5673373,0.050857674,0.0038414905,0.998699,0.29613304
0.9524129,-0.29965922,-0.055809487,14.233865,0.29905716,0.9540454,-0.019041413,2.7629118,0.058950707,0.0014450669,0.9982603,0.32669476
0.9506521,-0.3033873,-0.06494124,14.859445,0.30277506,0.9528667,-0.019308925,2.9692342,0.067738414,-0.0013065123,0.9977027,0.36774766
0.9485881,-0.30765143,-0.07437633,15.50262,0.307132,0.9514852,-0.018608678,3.186697,0.07649294,-0.005191372,0.99705714,0.40792656
0.9467856,-0.31118342,-0.082234934,16.158655,0.31078774,0.95031106,-0.017896976,3.416797,0.083717994,-0.008613001,0.9964528,0.46247932
0.944451,-0.3162019,-0.08960825,16.824602,0.31602108,0.9486077,-0.016574152,3.6462216,0.09024383,-0.012664614,0.9958398,0.52060837
0.9422961,-0.3206235,-0.09633045,17.49493,0.32068786,0.9470627,-0.015235789,3.886716,0.096115895,-0.016535372,0.9952334,0.5865027
0.94020915,-0.32474098,-0.10271865,18.16604,0.32511628,0.9455775,-0.013537163,4.136214,0.10152448,-0.020667732,0.994619,0.6566369
0.93805605,-0.32947284,-0.10723635,18.871613,0.3302671,0.94382626,-0.010781551,4.3962884,0.10476468,-0.025302926,0.99417585,0.7297707
0.9361874,-0.33407795,-0.10929895,19.565931,0.33502766,0.9421544,-0.0101049505,4.6553097,0.1063523,-0.027158035,0.9939583,0.80616707
0.9340045,-0.34024835,-0.10894,20.287218,0.34130985,0.93990487,-0.009328538,4.9260755,0.105567224,-0.028469387,0.9940053,0.89199424
0.93190527,-0.34634945,-0.10768471,21.012888,0.34739462,0.93767124,-0.009501776,5.1999865,0.10426377,-0.028554318,0.9941405,0.9752657
0.929659,-0.35285035,-0.105982125,21.736101,0.35391676,0.935232,-0.009201992,5.480338,0.10236478,-0.028954117,0.9943263,1.0587327
0.92718714,-0.3601121,-0.1031735,22.450434,0.36116686,0.9324588,-0.008923309,5.7690754,0.09941842,-0.028989257,0.99462414,1.1411558
0.9238946,-0.3697788,-0.098406665,23.246357,0.37096265,0.92862415,-0.0066601397,6.0853186,0.093845576,-0.030351916,0.9951248,1.2220786
0.92107314,-0.37781012,-0.09426203,23.98651,0.37915316,0.9253258,-0.003924612,6.4009356,0.08870585,-0.03212488,0.99554044,1.3056244
0.91790146,-0.38610622,-0.09154555,24.734428,0.38767284,0.9217969,-0.00072519993,6.731304,0.08466641,-0.034824044,0.9958014,1.3785932
0.9144478,-0.39449677,-0.090329155,25.4836,0.39612865,0.9181952,0.000150326,7.0625243,0.08288049,-0.035919413,0.99591273,1.4533179
0.9104147,-0.40372068,-0.09031302,26.260601,0.4054422,0.9141205,0.00078458095,7.4142656,0.082240224,-0.037330985,0.99591386,1.5292056
0.9069053,-0.41170692,-0.0895662,27.018219,0.41342592,0.91053766,0.0007047554,7.768973,0.081263244,-0.037668116,0.9959814,1.5971684
0.90295243,-0.42054224,-0.08844841,27.807594,0.4222983,0.90645623,0.0012636741,8.141867,0.07964318,-0.038492635,0.99608076,1.6693484
0.8993074,-0.42876688,-0.08606413,28.588202,0.43043312,0.9026222,0.00089191925,8.521116,0.077300966,-0.03784694,0.99628997,1.7421501
0.8959711,-0.43644905,-0.08215757,29.368374,0.43801904,0.8989651,0.0012115709,8.904335,0.073327996,-0.037072092,0.99661934,1.8118968
0.8924155,-0.44456294,-0.077202424,30.177393,0.4460778,0.89499044,0.0026783245,9.313227,0.06790475,-0.036828447,0.99701256,1.8754767
0.88907224,-0.4519011,-0.07306139,30.978144,0.45330632,0.8913501,0.0030052739,9.722491,0.06376518,-0.035791077,0.9973237,1.9436392
0.8855396,-0.45915613,-0.070692606,31.801321,0.46044105,0.8876881,0.0021346123,10.156507,0.06177286,-0.03444004,0.9974967,2.008978
0.8823087,-0.46550313,-0.06957209,32.62666,0.4667504,0.88438743,0.0019031708,10.592671,0.06064274,-0.034151964,0.99757606,2.0704992
0.8794472,-0.47114596,-0.06779518,33.444107,0.47234234,0.88141364,0.00184734,11.038303,0.058885224,-0.033647154,0.9976985,2.1239634
0.876488,-0.47688246,-0.06598522,34.294514,0.47796667,0.8783781,0.0007353177,11.505886,0.0576093,-0.03218321,0.99782133,2.1864274
0.8739688,-0.48155195,-0.06548531,35.13831,0.4825757,0.87585455,-0.00021063274,11.973998,0.057457037,-0.031417515,0.9978545,2.245809
0.87204516,-0.48500374,-0.06565525,35.986362,0.48598993,0.873964,-0.0010832993,12.453299,0.057905726,-0.030963084,0.9978427,2.3050787
0.8704067,-0.48786533,-0.06619413,36.854607,0.48886877,0.87235683,-0.0011858694,12.947238,0.058323447,-0.031328034,0.997807,2.3621619
0.8701744,-0.4883718,-0.06550997,37.722435,0.48936138,0.87208074,-0.0010747965,13.442853,0.057654876,-0.03112276,0.9978523,2.4222913
0.86980194,-0.48925525,-0.06384329,38.610283,0.49020267,0.8716083,-0.00094399194,13.946863,0.056108188,-0.030475035,0.9979605,2.4810612
0.86947924,-0.48999885,-0.06252206,39.50447,0.49084827,0.87124306,-0.0020192636,14.456623,0.055461343,-0.02893311,0.9980426,2.5440006
0.8690638,-0.490771,-0.06224129,40.40588,0.49151957,0.8708589,-0.0037108674,14.967695,0.056024566,-0.027367806,0.9980552,2.6053653
0.86792487,-0.49283668,-0.061810315,41.34322,0.49346912,0.8697453,-0.0056437487,15.500577,0.05654068,-0.025603108,0.9980729,2.6696262
0.8666041,-0.49543387,-0.05953708,42.253716,0.49596477,0.86831826,-0.0065466417,16.027378,0.054940563,-0.023854924,0.99820554,2.7309923
0.86460096,-0.49936303,-0.055711154,43.177834,0.49985117,0.8660922,-0.0058011343,16.561018,0.051147867,-0.022831596,0.9984311,2.796173
0.86196935,-0.5044022,-0.05088456,44.09629,0.50478435,0.86322504,-0.005986853,17.101254,0.046944607,-0.02052522,0.9986876,2.8613894
0.8585233,-0.5104857,-0.048415482,44.99955,0.5107857,0.8596807,-0.0068969866,17.645338,0.04514267,-0.018808687,0.9988045,2.9196851
0.85302556,-0.51957405,-0.04890968,45.916504,0.51974905,0.8542599,-0.010072389,18.206383,0.04701493,-0.01682873,0.99875355,2.981308
0.84740305,-0.52850163,-0.050953057,46.81261,0.5285684,0.8487875,-0.013262616,18.765497,0.050257627,-0.015693368,0.99861413,3.0454786
0.84105015,-0.5385804,-0.050674144,47.721676,0.53863376,0.8424278,-0.013771059,19.34732,0.05010613,-0.015712624,0.9986214,3.1029797
0.83538145,-0.5476624,-0.046966188,48.61711,0.5477989,0.8365373,-0.011064773,19.939835,0.045348726,-0.01648469,0.9988363,3.1598866
0.8307824,-0.5548341,-0.04429176,49.4899,0.555097,0.8317543,-0.0072606793,20.537153,0.04086834,-0.01855415,0.99899334,3.2205431
0.8264796,-0.56107885,-0.046087116,50.374207,0.56140417,0.8275144,-0.0067801457,21.140358,0.041941952,-0.020269813,0.9989155,3.2738333
0.82279634,-0.56611323,-0.050239533,51.24542,0.56644034,0.8240557,-0.008848751,21.747242,0.046409566,-0.021176942,0.9986991,3.328467
0.8195623,-0.5701506,-0.056989934,52.102325,0.5705152,0.8212103,-0.011258354,22.354351,0.053219683,-0.023286663,0.99831235,3.3912907
0.816211,-0.5747611,-0.058747232,52.978535,0.57514757,0.817965,-0.011805161,22.97953,0.054838333,-0.024152787,0.9982041,3.452886
0.81330687,-0.5792018,-0.05530899,53.84682,0.57957083,0.8148513,-0.010761981,23.596708,0.05130197,-0.023302644,0.9984123,3.5195322
0.81020147,-0.5839762,-0.05047121,54.72025,0.5843627,0.81145096,-0.008269329,24.231604,0.045784015,-0.022793632,0.99869233,3.5807648
0.8072669,-0.5882427,-0.047882743,55.586918,0.58863693,0.80836856,-0.0069044586,24.86945,0.042768415,-0.022611773,0.9988302,3.6415598
0.8045705,-0.5918327,-0.049014427,56.442394,0.59228814,0.8057028,-0.006214108,25.509611,0.04316879,-0.024030935,0.99877983,3.696245
0.8006162,-0.59708464,-0.050057195,57.306576,0.59750575,0.8018279,-0.0077349837,26.161108,0.044755712,-0.023716668,0.99871755,3.751748
0.79675275,-0.6020892,-0.051727187,58.16114,0.6024565,0.7980905,-0.009930021,26.810678,0.047261756,-0.023251569,0.99861306,3.811938
0.7927442,-0.6073466,-0.051853694,59.0105,0.60766816,0.7941135,-0.011138064,27.467844,0.047942396,-0.022680163,0.99859375,3.8690717
0.788038,-0.61352646,-0.050828543,59.870995,0.6138199,0.7893634,-0.011465757,28.138762,0.04715675,-0.022164078,0.9986427,3.9283855
0.78344774,-0.6194281,-0.05020684,60.7107,0.61971134,0.7847447,-0.011600419,28.806276,0.04658519,-0.022025384,0.9986726,3.9880679
0.7780324,-0.6261811,-0.050646845,61.551617,0.6264449,0.77936673,-0.012464181,29.492947,0.04727731,-0.022029875,0.99864,4.0508375
0.77252513,-0.6329324,-0.051028453,62.389797,0.6331466,0.7739074,-0.013923888,30.183578,0.04830419,-0.021551888,0.9986013,4.110175
0.7673124,-0.6392303,-0.051173612,63.224186,0.63938856,0.768731,-0.015367954,30.885113,0.049162414,-0.020927751,0.9985727,4.171884
0.7612723,-0.64637405,-0.051648542,64.06235,0.64648783,0.7627417,-0.01673091,31.59515,0.050208922,-0.020653328,0.9985264,4.233121
0.75549805,-0.65311426,-0.05164341,64.88389,0.65312773,0.7570113,-0.018957397,32.311474,0.051475987,-0.019407421,0.9984868,4.297381
0.7492409,-0.66031396,-0.051246516,65.716866,0.6602899,0.7507502,-0.019816877,33.04953,0.051558692,-0.018989902,0.9984905,4.362112
0.7431719,-0.6672728,-0.049450997,66.54205,0.6672113,0.74459636,-0.020165918,33.790474,0.050277203,-0.01800748,0.9985741,4.4250436
0.7371395,-0.67403084,-0.04806816,67.350945,0.6739215,0.7385084,-0.020892225,34.53281,0.049580738,-0.01699364,0.99862665,4.490382
0.73046947,-0.68128073,-0.047683414,68.17354,0.6811011,0.7318463,-0.022444738,35.301105,0.05018809,-0.016081987,0.99861145,4.556482
0.7238859,-0.68822163,-0.04840505,68.98968,0.68797207,0.7253312,-0.024301292,36.077995,0.05183436,-0.015709918,0.9985333,4.6247063
0.71839935,-0.69388396,-0.049298856,69.79164,0.69367313,0.71988904,-0.024058329,36.87188,0.052183382,-0.016913762,0.99849546,4.686411
0.71267056,-0.69981927,-0.048543565,70.60133,0.6996259,0.7141169,-0.023709657,37.67219,0.051258247,-0.017065117,0.9985408,4.7521057
0.7080271,-0.70448846,-0.048952777,71.39962,0.70432496,0.70949113,-0.023455232,38.474667,0.051255498,-0.017871672,0.9985269,4.8171654
0.7028961,-0.7095524,-0.049751405,72.212265,0.70939,0.70441115,-0.023921115,39.29575,0.05201872,-0.018479044,0.9984763,4.8866777
0.69752026,-0.7147218,-0.051389743,73.00985,0.71449965,0.6991597,-0.025835129,40.12071,0.054394554,-0.018697377,0.9983457,4.9573393
0.6928848,-0.71906704,-0.0534414,73.801476,0.71877986,0.6946793,-0.027887106,40.95043,0.05717732,-0.01909,0.9981827,5.0281157
0.6875728,-0.7240924,-0.05418911,74.5977,0.72378874,0.6894275,-0.028653737,41.79283,0.0581074,-0.019519886,0.99812067,5.099537
0.6829132,-0.7285804,-0.052941546,75.39066,0.7282765,0.68469393,-0.028445205,42.64335,0.056973353,-0.019130424,0.9981936,5.1724687
0.6781975,-0.73307735,-0.051462423,76.1709,0.73274183,0.6799017,-0.028716838,43.500595,0.05604103,-0.018232929,0.99826324,5.247118
0.67303115,-0.73785704,-0.050977774,76.959694,0.7374831,0.67472404,-0.029458653,44.364536,0.05613218,-0.017768603,0.9982665,5.3246756
0.66848814,-0.7420151,-0.050398175,77.73648,0.7415822,0.6701691,-0.030510865,45.234806,0.056414798,-0.016978187,0.9982643,5.396598
0.66391104,-0.74616873,-0.049570832,78.52196,0.74568987,0.66556066,-0.03126383,46.117966,0.05632046,-0.01620802,0.9982825,5.471825
0.66010004,-0.74962723,-0.048269156,79.299866,0.74907136,0.66169685,-0.03241968,47.01309,0.056242194,-0.014756767,0.99830943,5.543866
0.6565172,-0.7528559,-0.046864055,80.07654,0.7521399,0.6580727,-0.03503874,47.902412,0.05721904,-0.012244747,0.9982879,5.621986
0.65189296,-0.75689626,-0.046333157,80.853035,0.7559315,0.6534691,-0.039339792,48.802624,0.060053386,-0.009379316,0.9981525,5.7030725
0.6472688,-0.76098096,-0.04420821,81.63901,0.75974053,0.6487542,-0.043751195,49.71547,0.061974045,-0.0052679526,0.9980653,5.780293
0.6411167,-0.7663993,-0.040059827,82.411316,0.76492417,0.64236575,-0.047530018,50.62737,0.062159996,-0.00017041434,0.9980676,5.86155
0.63303155,-0.77329147,-0.035981245,83.182274,0.771595,0.634034,-0.051418852,51.559124,0.06257506,0.0047868267,0.99803025,5.9468536
0.6243321,-0.78047365,-0.032766763,83.9442,0.778727,0.6251464,-0.052708056,52.500996,0.06162124,0.0073909857,0.99807376,6.0327387
0.61548525,-0.78758717,-0.029793307,84.6951,0.78593946,0.61614823,-0.051598627,53.463173,0.05899548,0.008342478,0.99822485,6.1107244
0.6064132,-0.79460794,-0.029404193,85.433426,0.7929824,0.6070736,-0.05140511,54.433548,0.058697388,0.007855747,0.99824643,6.1980224
0.5970235,-0.80162096,-0.031146957,86.1622,0.79991925,0.5977989,-0.052607734,55.41252,0.06079105,0.006493022,0.9981309,6.273262
0.58688533,-0.8090773,-0.031029014,86.88303,0.80723536,0.5876588,-0.055045433,56.404095,0.062770456,0.007257653,0.9980031,6.3602242
0.57710487,-0.8160704,-0.031344574,87.59708,0.814141,0.5779104,-0.056532178,57.41238,0.06424856,0.007106106,0.9979102,6.4395933
0.56778264,-0.8227159,-0.027657023,88.30375,0.82074684,0.5683647,-0.057775363,58.427727,0.06325195,0.01010444,0.99794805,6.5292597
0.5572089,-0.8299808,-0.025566151,88.99943,0.8280478,0.55768603,-0.057662178,59.459637,0.062116355,0.010959885,0.9980104,6.617092
0.5469614,-0.83679277,-0.024792053,89.682755,0.8348301,0.54740644,-0.05836738,60.503456,0.0624127,0.011227555,0.997989,6.7046375
0.53697693,-0.84322244,-0.025204312,90.34521,0.84118557,0.53745854,-0.059556603,61.551373,0.06376571,0.010779016,0.99790835,6.790071
0.5265863,-0.8497175,-0.026280697,91.00441,0.84763885,0.5271566,-0.06013517,62.616558,0.06495192,0.009389816,0.99784595,6.878389
0.5166633,-0.855748,-0.027533889,91.652794,0.85360587,0.51733255,-0.06104037,63.689026,0.066479325,0.0080342265,0.9977572,6.969847
0.5068939,-0.8615584,-0.027919322,92.2876,0.8594138,0.5076124,-0.06115112,64.779945,0.06685743,0.0070028743,0.9977397,7.0634747
0.4983194,-0.86657137,-0.027121931,92.91369,0.8645489,0.49901697,-0.059489958,65.871994,0.06508657,0.006196757,0.9978621,7.1516685
0.4908075,-0.87091976,-0.024708014,93.53496,0.86902857,0.49137938,-0.057770845,66.97941,0.06245476,0.006882387,0.9980258,7.245006
0.48279363,-0.8753997,-0.024277844,94.146645,0.8734992,0.4833541,-0.058049962,68.09165,0.0625517,0.006819465,0.9980202,7.3347335
0.47501323,-0.8796634,-0.023633832,94.75767,0.8775893,0.47552866,-0.060921323,69.20972,0.064828806,0.008197622,0.99786454,7.4283676
0.46880826,-0.88302404,-0.022162091,95.35234,0.880737,0.46920902,-0.06439745,70.32893,0.067263134,0.010671066,0.99768,7.521091
0.4621413,-0.88654226,-0.021725556,95.94187,0.88404804,0.4624946,-0.06752419,71.45583,0.06991098,0.011999263,0.9974829,7.6164227
0.45709506,-0.88916445,-0.021318512,96.53021,0.88644063,0.45739186,-0.07083426,72.58917,0.07273421,0.013480372,0.9972621,7.7196345
0.45228186,-0.89166886,-0.019277811,97.10312,0.8889195,0.45243415,-0.071605064,73.7126,0.07256993,0.015249225,0.99724865,7.822503
0.4482502,-0.89377165,-0.015745644,97.67758,0.89122605,0.44819757,-0.06954773,74.84427,0.06921693,0.017141832,0.9974562,7.92457
0.44502455,-0.8954603,-0.010388418,98.24608,0.8931222,0.44465,-0.06797772,75.97763,0.065490544,0.0209736,0.9976346,8.026604
0.4415442,-0.8972046,-0.008162135,98.798195,0.8949413,0.44104365,-0.067546435,77.10133,0.064202815,0.022520076,0.9976846,8.122032
0.43888476,-0.898519,-0.006903071,99.339355,0.8963084,0.43831968,-0.06714934,78.213585,0.0633607,0.023283515,0.9977209,8.216227
0.43655634,-0.89966995,-0.0040452927,99.88724,0.8975718,0.43583572,-0.066437915,79.33396,0.061535276,0.025372922,0.9977842,8.31038
0.43394646,-0.9009392,-0.0016723783,100.42452,0.89894783,0.43310794,-0.06566745,80.4492,0.0598867,0.026992746,0.997842,8.399498
0.43215743,-0.9018003,0.00024009543,100.9599,0.8998258,0.43119237,-0.0662459,81.566025,0.05963704,0.02884467,0.9978051,8.492457
0.42957047,-0.90303206,0.0024962802,101.485565,0.90110534,0.42846882,-0.06652445,82.67077,0.059004135,0.030826319,0.99778354,8.579752
0.42752397,-0.9039832,0.00645376,102.00846,0.9022215,0.42621958,-0.06584174,83.768105,0.0567691,0.033971608,0.9978111,8.666921
0.426105,-0.9046255,0.009552047,102.52397,0.90299135,0.42464277,-0.06547517,84.859055,0.055174295,0.036524676,0.99781036,8.751793
0.42453474,-0.90534586,0.011095814,103.029015,0.9037296,0.42296505,-0.066144966,85.93525,0.05519092,0.038108412,0.9977502,8.837283
0.4234069,-0.9058614,0.012077399,103.531044,0.90421444,0.42173815,-0.06734233,87.01504,0.055909302,0.03943372,0.9976587,8.920116
0.42301828,-0.90604436,0.0119639225,104.03111,0.90431774,0.42130443,-0.06865696,88.088196,0.057165783,0.03986229,0.99757046,9.006667
0.4232153,-0.9059686,0.010669599,104.51747,0.90415895,0.42155364,-0.069217354,89.15073,0.058210924,0.038940813,0.9975465,9.091184
0.42545462,-0.90494287,0.008420565,105.00312,0.90305966,0.42392528,-0.069083236,90.19639,0.058946673,0.03699601,0.9975773,9.177563
0.42892563,-0.90332234,0.005974462,105.47247,0.90136933,0.42754164,-0.068872854,91.1922,0.059660036,0.03492649,0.99760956,9.260661
0.43413985,-0.9008394,0.003899001,105.94578,0.8988005,0.4328564,-0.06924609,92.2062,0.060691874,0.033566874,0.997594,9.34447
0.4400852,-0.8979548,0.0025395667,106.435036,0.8958823,0.43887267,-0.06919392,93.2303,0.061018445,0.032726336,0.99760205,9.427766
0.44691378,-0.89457804,0.0015774547,106.92453,0.8925393,0.44577375,-0.06827572,94.22866,0.060374748,0.031921264,0.9976674,9.508927
0.45474213,-0.8906256,0.00029874116,107.42142,0.8886314,0.45370027,-0.067028195,95.21853,0.05956146,0.030745976,0.9977532,9.586991
0.46374586,-0.8859705,-0.00072054734,107.9315,0.8840002,0.46276727,-0.06627685,96.204636,0.05905275,0.030098611,0.9978032,9.666226
0.47284862,-0.88114464,-0.0016705897,108.44499,0.8791767,0.47191635,-0.06592277,97.18317,0.058875844,0.029702706,0.99782556,9.743181
0.48273578,-0.8757632,-0.0030922312,108.967155,0.8737251,0.48184624,-0.0665668,98.14761,0.059786707,0.02943238,0.9977794,9.821998
0.49271572,-0.87016606,-0.006837683,109.4929,0.8679633,0.491999,-0.067669615,99.09928,0.062247913,0.027406996,0.9976866,9.902103
0.5040828,-0.8635953,-0.010402488,110.03565,0.86129266,0.5035553,-0.06789316,100.043594,0.06387042,0.025264163,0.9976406,9.983758
0.5163215,-0.8562979,-0.013054692,110.59318,0.85404944,0.5159727,-0.06613834,100.98803,0.063369974,0.022999268,0.9977273,10.0630045
0.5288131,-0.84862447,-0.014058547,111.15739,0.8465071,0.52854854,-0.0637549,101.92148,0.06153458,0.021813743,0.9978688,10.1440525
0.5411032,-0.8408425,-0.013990197,111.732285,0.83884215,0.54084474,-0.061914057,102.836266,0.05962648,0.0217663,0.9979857,10.219224
0.5527745,-0.833204,-0.014693065,112.323235,0.8312518,0.55255204,-0.060903873,103.73654,0.058864016,0.021452447,0.99803776,10.29909
0.56411326,-0.82555187,-0.015645472,112.918015,0.8235792,0.5639192,-0.060951523,104.61762,0.05914141,0.021498255,0.99802035,10.374839
0.57527643,-0.8177931,-0.016616277,113.51851,0.8157437,0.5750917,-0.061923314,105.49405,0.060196318,0.022068376,0.9979449,10.450763
0.586147,-0.8100456,-0.016197942,114.1271,0.80791074,0.5858715,-0.06354253,106.33485,0.060962237,0.024158746,0.99785,10.525213
0.59683824,-0.8021883,-0.016814401,114.743,0.80009186,0.59659195,-0.06272144,107.16925,0.060345713,0.023981465,0.9978918,10.60604
0.60736257,-0.7942581,-0.016417209,115.36627,0.79225993,0.60710025,-0.061289,107.99516,0.05864615,0.024217922,0.99798745,10.679584
0.61721396,-0.786662,-0.014650545,115.988,0.7848409,0.6168831,-0.059015404,108.80334,0.055462822,0.024926761,0.99815196,10.752445
0.62734014,-0.77859986,-0.015209552,116.6218,0.7768509,0.6270535,-0.05752751,109.59867,0.05432809,0.02427374,0.9982305,10.823577
0.63703537,-0.7706232,-0.018181562,117.25702,0.7688766,0.636918,-0.056276493,110.377365,0.05494811,0.021870716,0.99825215,10.895085
0.6464138,-0.7627053,-0.02084538,117.898735,0.7609411,0.6464368,-0.05559618,111.14269,0.055878695,0.02007601,0.9982382,10.963007
0.6556494,-0.7547798,-0.020881709,118.53822,0.7530253,0.65565693,-0.05540562,111.895226,0.055510253,0.020602183,0.99824804,11.031019
0.6645814,-0.7469292,-0.020808883,119.185555,0.7452949,0.66460896,-0.05322868,112.62754,0.053587798,0.019866012,0.99836797,11.098013
0.67330027,-0.73910385,-0.019925492,119.832,0.7375719,0.673295,-0.051618837,113.34601,0.051567387,0.020058468,0.9984705,11.159589
0.6814877,-0.73156965,-0.01962584,120.481705,0.7300905,0.68146884,-0.05070565,114.04917,0.050469078,0.020226607,0.9985233,11.225606
0.6890379,-0.7244413,-0.020406194,121.13548,0.72298026,0.6890565,-0.050036103,114.74495,0.050309204,0.019723468,0.9985414,11.286733
0.69668245,-0.71708286,-0.020751046,121.79002,0.71568114,0.69672894,-0.048707098,115.432045,0.04938484,0.01908222,0.99860007,11.349317
0.7036719,-0.71025145,-0.019838117,122.45043,0.7089833,0.7037071,-0.04628182,116.10246,0.046831917,0.018502297,0.998734,11.40709
0.7110177,-0.702918,-0.019104706,123.11348,0.7017848,0.7110555,-0.043604296,116.76682,0.044234715,0.017596014,0.9988688,11.4661875
0.71865374,-0.69511217,-0.01899355,123.772606,0.6940447,0.7187002,-0.042132344,117.40936,0.042937342,0.017096173,0.9989341,11.518472
0.7258219,-0.68761474,-0.019324103,124.431076,0.6865819,0.72588766,-0.041176394,118.038765,0.04234059,0.016619133,0.99896765,11.579457
0.7338544,-0.67899865,-0.020576816,125.07907,0.6780704,0.7340069,-0.03817749,118.655365,0.04102596,0.014064179,0.9990618,11.624383
0.7428572,-0.6691727,-0.01938576,125.73458,0.6683747,0.7429912,-0.035248645,119.25599,0.037990857,0.013227753,0.99919325,11.675084
0.7519584,-0.65894866,-0.018709617,126.389824,0.65828717,0.75210184,-0.03168761,119.83594,0.034952026,0.011511462,0.9993254,11.717572
0.76204205,-0.6472438,-0.019294906,127.04748,0.6466635,0.76222384,-0.029060915,120.408226,0.033516515,0.009668329,0.9993941,11.766685
0.7716458,-0.63571066,-0.020966372,127.70435,0.6351343,0.7718816,-0.028401762,120.95651,0.03423884,0.008599641,0.9993794,11.80575
0.7814332,-0.62358904,-0.02244268,128.36661,0.6229815,0.7817078,-0.028816294,121.49064,0.035513125,0.008536636,0.99933547,11.849593
0.79156554,-0.6106743,-0.022488855,129.0403,0.6100844,0.7918374,-0.028177151,122.020164,0.03501456,0.008583962,0.9993527,11.892119
0.80131483,-0.5978436,-0.021965314,129.70952,0.597307,0.80157274,-0.026625639,122.52592,0.033524748,0.008215483,0.99940693,11.92436
0.81141007,-0.5841287,-0.020305904,130.39809,0.58367324,0.8116242,-0.024395917,123.020615,0.030731104,0.007943082,0.99949896,11.962632
0.82087946,-0.5708064,-0.018491628,131.0916,0.5704095,0.821046,-0.022804307,123.50947,0.028199313,0.008171791,0.99957174,11.999924
0.8300192,-0.5575055,-0.01614915,131.79604,0.55716866,0.8301306,-0.021209216,123.9846,0.025230153,0.008606258,0.99964744,12.034336
0.83822495,-0.5451425,-0.014266742,132.49567,0.54483753,0.8382921,-0.020539155,124.44854,0.02315646,0.009443377,0.99969006,12.062985
0.84538615,-0.5340155,-0.012433872,133.2139,0.53372914,0.84540886,-0.020507718,124.89354,0.021463143,0.010700623,0.99971515,12.09332
0.85197467,-0.52345055,-0.011980946,133.93054,0.5231712,0.85198545,-0.020401796,125.3377,0.020886922,0.01111373,0.99972284,12.124809
0.8587823,-0.51219815,-0.012287053,134.65576,0.5119365,0.85880685,-0.01937631,125.782425,0.020476716,0.010349845,0.9997396,12.147146
0.8652014,-0.50127083,-0.012612473,135.39156,0.5010388,0.86524534,-0.01772987,126.21437,0.019800352,0.009020575,0.9997662,12.173927
0.87143475,-0.4903544,-0.012617861,136.12738,0.49014676,0.871487,-0.016440554,126.632126,0.019058002,0.008142272,0.9997881,12.192661
0.87719893,-0.47997165,-0.012430242,136.88068,0.47975674,0.8772414,-0.016875656,127.04952,0.019004162,0.00883982,0.9997832,12.222039
0.88233465,-0.47045606,-0.01272429,137.64183,0.47022104,0.8823722,-0.017754935,127.45396,0.019580478,0.009682569,0.9997643,12.24721
0.88679576,-0.4619805,-0.013131904,138.40866,0.46173075,0.88683397,-0.018275587,127.856865,0.020088784,0.010143313,0.9997496,12.273823
0.8901276,-0.45553708,-0.01280999,139.18047,0.4553045,0.89016485,-0.017554214,128.2622,0.0193996,0.009793048,0.99976677,12.2957735
0.8933197,-0.44931215,-0.010186866,139.9697,0.44913658,0.89332616,-0.01576574,128.66301,0.016183939,0.009508557,0.9998267,12.320987
0.89653015,-0.44292513,-0.0075083678,140.76855,0.442826,0.8965301,-0.011949341,129.05986,0.012024154,0.0073880516,0.9999033,12.339371
0.8996254,-0.43663046,-0.005771544,141.58324,0.43657383,0.89962566,-0.008996118,129.4659,0.009120225,0.005573442,0.9999458,12.355011
0.9030297,-0.42956075,-0.004505261,142.40984,0.42953113,0.903032,-0.0063470462,129.86298,0.006794857,0.0037964361,0.9999726,12.371752
0.9061282,-0.42299873,-0.0030098879,143.25095,0.42298558,0.90612847,-0.0042915363,130.26756,0.0045426837,0.0026155596,0.99998915,12.378197
0.90939695,-0.41593552,-0.00056884735,144.10619,0.41593266,0.9093926,-0.0030320536,130.66719,0.0017784733,0.0025207547,0.99999815,12.391517
0.91289675,-0.40819326,0.0018227033,144.97824,0.4081975,0.91289186,-0.002701671,131.0568,-0.00056109385,0.0032103853,0.9999976,12.402701
0.91634244,-0.40039137,0.0029773926,145.86545,0.40039995,0.916338,-0.0029158369,131.45499,-0.0015607874,0.0038640676,0.9999942,12.411115
0.9198417,-0.39228398,0.0031854948,146.75967,0.39229462,0.91983455,-0.003638861,131.84506,-0.001502627,0.004596842,0.99999124,12.403592
0.9238839,-0.3826602,0.003903559,147.67781,0.38267848,0.9238643,-0.0059807496,132.21983,-0.0013177304,0.0070193354,0.99997747,12.424525
0.9277181,-0.37327528,0.0032072999,148.60168,0.37328967,0.92768687,-0.0074716173,132.59868,-0.00018636847,0.0081288135,0.99996996,12.422078
0.9322985,-0.3616938,0.0016533728,149.54893,0.3616952,0.9322611,-0.008354037,132.9691,0.0014802564,0.00838648,0.9999668,12.436129
0.93724346,-0.3486837,-2.2650056e-05,150.5036,0.3486766,0.937222,-0.0066075483,133.34157,0.0023251986,0.006184995,0.9999812,12.440465
0.9431219,-0.3324555,-4.1567022e-05,151.48094,0.33245435,0.94311625,-0.003148099,133.70114,0.0010858332,0.0029552395,0.99999803,12.447251
0.9494372,-0.3139611,0.0017149647,152.48067,0.31396058,0.9494377,0.00092635234,134.03813,-0.0019190577,-0.000341058,1.0000011,12.447879
0.9557762,-0.29409146,0.002743579,153.50131,0.29408008,0.9557742,0.0040842257,134.36935,-0.0038233418,-0.0030967444,0.9999909,12.453685
0.96201366,-0.27298903,0.0034906452,154.53511,0.27296624,0.9620069,0.006015314,134.6717,-0.005000102,-0.004833952,0.99997884,12.46401
0.96779263,-0.2517146,0.004765573,155.57935,0.2516758,0.96778387,0.0076014055,134.96088,-0.0065253894,-0.006157168,0.9999628,12.456947
0.97320944,-0.2298039,0.0076790955,156.66275,0.22973955,0.9732171,0.008502304,135.22571,-0.009427245,-0.0065102926,0.9999374,12.4675045
0.9781259,-0.2077355,0.011009478,157.73792,0.20762153,0.97815275,0.010713211,135.45915,-0.012994413,-0.0081930235,0.9998851,12.454997
0.9825178,-0.18554738,0.015377164,158.84474,0.18536179,0.98258936,0.012781477,135.69044,-0.017480945,-0.009707645,0.99980325,12.457697
0.9864342,-0.16310519,0.018699767,159.96132,0.16284321,0.9865428,0.014816505,135.87645,-0.0208647,-0.01157033,0.9997186,12.439605
0.9898455,-0.1408813,0.019074218,161.08975,0.1405772,0.9899346,0.016487088,136.06749,-0.021204881,-0.013638217,0.9996854,12.427971
0.99276847,-0.11876449,0.017644834,162.24313,0.11847982,0.99282265,0.0164331,136.21985,-0.019469796,-0.014223651,0.9997125,12.414393
0.99509275,-0.09750512,0.016994055,163.39737,0.09722571,0.995126,0.016605625,136.3407,-0.018530298,-0.01487182,0.999721,12.395093
0.9968536,-0.07694548,0.019183733,164.5967,0.07665746,0.99694127,0.015365897,136.44576,-0.020307327,-0.013846914,0.99970126,12.38513
0.9981472,-0.056982912,0.021470685,165.78328,0.056648,0.99826914,0.015936334,136.52734,-0.022341557,-0.014690474,0.9996458,12.366973
0.9990732,-0.036531106,0.022894468,166.97673,0.03616178,0.9992138,0.016381256,136.58008,-0.02347483,-0.015538107,0.9996071,12.354363
0.99958545,-0.016107092,0.02399151,168.19977,0.015678821,0.9997178,0.017970802,136.62009,-0.02427413,-0.017587127,0.99955404,12.332066
0.99968153,0.0046121962,0.024934068,169.42487,-0.005071977,0.9998192,0.018445607,136.6296,-0.02484442,-0.018566128,0.9995223,12.311907
0.9993711,0.025142793,0.02512671,170.68338,-0.025666727,0.9994566,0.020789891,136.62323,-0.024590276,-0.021421662,0.9994715,12.2885475
0.9986801,0.04517755,0.024558248,171.93817,-0.045720942,0.99871254,0.022075502,136.58192,-0.02352925,-0.023169111,0.9994581,12.263361
0.99761635,0.06504896,0.023155777,173.2025,-0.06556344,0.9976027,0.022243854,136.51361,-0.021653267,-0.023708927,0.9994878,12.249726
0.996245,0.083954826,0.02128873,174.48636,-0.08446381,0.99613225,0.024308138,136.42848,-0.019165551,-0.02601491,0.99948126,12.228287
0.99445534,0.10323692,0.020161938,175.77745,-0.10372469,0.9942961,0.024921082,136.31503,-0.017474107,-0.026874112,0.99948955,12.211893
0.9923131,0.12247268,0.017915275,177.06073,-0.12289508,0.9921113,0.024828276,136.16489,-0.014733117,-0.02683904,0.99953467,12.205265
0.9899374,0.1408993,0.01330372,178.37076,-0.14120829,0.98963314,0.026287513,135.99988,-0.009461875,-0.027901506,0.9995694,12.190188
0.9872013,0.15930933,0.007738737,179.67561,-0.15946409,0.9868125,0.027871571,135.80624,-0.0031964567,-0.028748816,0.99958503,12.20021
0.98426133,0.17670438,0.0032828713,181.00185,-0.17672053,0.98378974,0.03052928,135.59369,0.0021650165,-0.030628854,0.999532,12.194843
0.9809115,0.19446872,0.00042157926,182.32613,-0.19437829,0.98038995,0.032513194,135.35309,0.005909495,-0.031974424,0.99947476,12.214691
0.9771779,0.21243092,-0.0014180257,183.65369,-0.21225218,0.9765935,0.034910135,135.08055,0.008800829,-0.03381234,0.999393,12.228094
0.9732913,0.22958456,-0.0008142372,184.99492,-0.22942005,0.9727204,0.03444036,134.78992,0.008699003,-0.03333361,0.99941,12.249919
0.96900946,0.24703385,-0.0007316704,186.3407,-0.24687026,0.9684713,0.033513512,134.46404,0.008987575,-0.0322942,0.99944156,12.270853
0.96441686,0.26434845,-0.005065281,187.68106,-0.2640436,0.9639437,0.033138074,134.1136,0.013642636,-0.030621381,0.9994415,12.30812
0.9598686,0.28032842,-0.008600755,189.0259,-0.279885,0.95941406,0.034549464,133.74435,0.017936867,-0.030755641,0.99936956,12.338004
0.9547017,0.2974705,-0.007862674,190.37212,-0.2969993,0.9541677,0.03687946,133.34361,0.018472845,-0.032873586,0.99929243,12.36194
0.9490849,0.31495914,-0.0066775074,191.73775,-0.3144808,0.94847053,0.03885908,132.9176,0.018572425,-0.034780525,0.99922603,12.404348
0.9431088,0.33239448,-0.008104151,193.08627,-0.33177042,0.9423869,0.04289344,132.46837,0.021894766,-0.037764363,0.99905044,12.43172
0.93669206,0.35000506,-0.0105126975,194.43025,-0.34925374,0.9360024,0.043886706,131.99007,0.025200449,-0.03743663,0.9989849,12.481017
0.93008924,0.3671318,-0.012426046,195.78246,-0.36627293,0.9294318,0.044782612,131.48172,0.027990246,-0.0371004,0.9989231,12.522034
0.92290866,0.38467115,-0.016551552,197.13036,-0.38364437,0.9223853,0.045026157,130.95003,0.032587122,-0.03520502,0.9988523,12.581351
0.9145532,0.40393648,-0.020830149,198.4639,-0.40263027,0.9140897,0.048309803,130.39209,0.038554654,-0.03579494,0.9986188,12.64613
0.9050607,0.4246968,-0.022449303,199.80115,-0.42317384,0.9045623,0.051921334,129.79272,0.04235755,-0.037491895,0.9984024,12.711363
0.89348215,0.44859797,-0.02134788,201.1372,-0.44697326,0.89286226,0.054923963,129.16452,0.04369943,-0.039531536,0.99826586,12.778719
0.88064003,0.4733507,-0.02045666,202.4684,-0.47154132,0.8798433,0.059407003,128.4966,0.04611893,-0.0426699,0.99802774,12.859512
0.8668212,0.49821737,-0.020166807,203.7722,-0.4961862,0.8658717,0.06379747,127.79388,0.04924679,-0.045294374,0.9977626,12.939114
0.8521239,0.5229586,-0.020137295,205.06354,-0.52071667,0.85106796,0.067395985,127.05304,0.052383427,-0.04694377,0.99752665,13.02775
0.8373166,0.5463504,-0.020213861,206.33554,-0.54398257,0.836247,0.06912787,126.27059,0.05467173,-0.04688579,0.99740654,13.117074
0.8214968,0.5698552,-0.020361487,207.59276,-0.56738466,0.82044905,0.070305064,125.44332,0.05676917,-0.046202455,0.9973213,13.212023
0.8054482,0.59222054,-0.023120685,208.82414,-0.5894736,0.80454016,0.07239333,124.58686,0.061474223,-0.04467991,0.99711174,13.315718
0.78917783,0.6136117,-0.026182538,210.03122,-0.6105408,0.7884297,0.07498873,123.694695,0.066656925,-0.043193806,0.99684423,13.42425
0.77268434,0.6341833,-0.027873404,211.22043,-0.63090557,0.7720631,0.076690905,122.76907,0.070155986,-0.041672256,0.99666893,13.536389
0.7566227,0.6532069,-0.029144274,212.38893,-0.6497494,0.7561115,0.07826812,121.80514,0.07316145,-0.040282838,0.99651,13.657793
0.7407945,0.67108035,-0.029683303,213.53247,-0.6675415,0.7403807,0.078927495,120.81097,0.07494349,-0.0386541,0.9964421,13.7806225
0.7248334,0.68826896,-0.030145606,214.66814,-0.6846728,0.7245227,0.07933943,119.79017,0.07644789,-0.036867876,0.99639547,13.907907
0.7100131,0.7034697,-0.031908214,215.7667,-0.69975126,0.7098921,0.08003806,118.73989,0.078955576,-0.03450015,0.9962847,14.039064
0.69474113,0.71843934,-0.034439303,216.85233,-0.7145306,0.6948622,0.081346914,117.67026,0.082373224,-0.031907,0.99609447,14.1744
0.67972493,0.7325375,-0.037002984,217.90979,-0.72836846,0.6800776,0.08353771,116.571075,0.086359225,-0.029830754,0.9958211,14.320533
0.66468525,0.7461557,-0.038099494,218.94904,-0.7417493,0.6651501,0.085953936,115.442375,0.089476705,-0.028871935,0.9955742,14.456429
0.64884335,0.75999635,-0.037607927,219.971,-0.7555785,0.64934576,0.08634827,114.3042,0.09004472,-0.02761065,0.99555874,14.613111
0.6330248,0.77333134,-0.035279073,220.9632,-0.768867,0.6333718,0.087683536,113.135,0.090152994,-0.028380832,0.99552727,14.765084
0.6161414,0.7870384,-0.030768747,221.93457,-0.7826231,0.6161524,0.088667385,111.95764,0.08874267,-0.030551206,0.99558973,14.920847
0.5979638,0.80111617,-0.025660582,222.87613,-0.79677,0.5975937,0.08968822,110.75909,0.087185085,-0.033184618,0.9956431,15.068927
0.5806815,0.81385535,-0.021324702,223.78673,-0.80951947,0.5799774,0.09115332,109.55863,0.086553276,-0.035668176,0.9956123,15.223801
0.5625599,0.8265354,-0.019283682,224.65508,-0.822004,0.56167036,0.094022535,108.352646,0.08854384,-0.03704193,0.995387,15.379492
0.54501235,0.83826816,-0.01656199,225.49464,-0.8334938,0.5438382,0.09763445,107.132164,0.0908507,-0.039407544,0.9950882,15.533601
0.52567774,0.8505774,-0.013685501,226.29193,-0.8458831,0.52434933,0.097694,105.90706,0.090272106,-0.039779104,0.99512607,15.691649
0.50485253,0.86315346,-0.009817032,227.06026,-0.85868466,0.50333744,0.09652255,104.665276,0.08825486,-0.04029979,0.99528605,15.843907
0.48399326,0.87505364,-0.006161549,227.7938,-0.870859,0.48234046,0.09464024,103.41741,0.085787065,-0.040439274,0.99549615,15.994428
0.46245944,0.8866406,-0.0024369946,228.48856,-0.882684,0.46065247,0.09312767,102.16449,0.0836932,-0.040916547,0.9956549,16.142359
0.44083712,0.8975904,-0.0006873052,229.14166,-0.89375997,0.439027,0.09194048,100.90476,0.08282644,-0.039916363,0.995768,16.284006
0.42012733,0.9074676,0.0013471629,229.76227,-0.90371853,0.41825667,0.09142606,99.63954,0.082402535,-0.03962792,0.99581474,16.425625
0.3988915,0.91700053,0.0013343681,230.34492,-0.913272,0.39713845,0.090663135,98.37763,0.08260802,-0.03738328,0.99588454,16.561338
0.37779057,0.9258942,0.00062947464,230.8868,-0.92209977,0.37618145,0.09068657,97.118546,0.08372916,-0.034840856,0.99588317,16.699852
0.35711947,0.934062,-0.00015758141,231.39148,-0.9302617,0.35568246,0.09004307,95.85403,0.084161654,-0.032009434,0.99594176,16.839369
0.33566517,0.94198465,-1.6935577e-05,231.86864,-0.9383197,0.33436155,0.08810857,94.5899,0.083002366,-0.029558983,0.99611485,16.973722
0.31528845,0.9489991,0.00022862619,232.31439,-0.9453264,0.31404787,0.08795737,93.327705,0.083399445,-0.027947972,0.99612826,17.104906
0.2953237,0.9553991,0.0016235554,232.72871,-0.95135295,0.29391673,0.092439,92.07286,0.08783871,-0.028843904,0.9957211,17.242023
0.27566832,0.9612531,0.0023801092,233.11186,-0.95641917,0.27403316,0.10085887,90.83367,0.096298404,-0.030079877,0.99490196,17.379805
0.2567583,0.96646655,0.0048786863,233.47084,-0.96089745,0.25473142,0.10859286,89.597374,0.103708334,-0.03256993,0.99407846,17.526873
0.2376787,0.9713089,0.008606732,233.80145,-0.9653895,0.23523273,0.11266335,88.36148,0.10740604,-0.03508642,0.9936001,17.679586
0.21780227,0.9759066,0.0132176615,234.10272,-0.9699821,0.21494018,0.11375329,87.130714,0.108171284,-0.037596513,0.99342525,17.832693
0.19861135,0.9799099,0.018339697,234.3849,-0.9741117,0.19530581,0.11386989,85.897675,0.10800008,-0.04048066,0.99333054,17.987766
0.17912993,0.98356366,0.022827426,234.6355,-0.97788936,0.17545596,0.11380684,84.67648,0.10793076,-0.0427088,0.99324477,18.141054
