0,1,2,3,4,5,6,7,8,9,10,11
1.0,0.0,0.0,0.0,0.0,1.0,0.0,0.0,0.0,0.0,1.0,0.0
0.99994487,0.010452183,0.0010042689,0.30560538,-0.01044962,0.99994224,-0.002523627,-0.015522173,-0.0010305882,0.0025129935,0.9999963,0.0063510775
0.9998572,0.016871532,0.0010433863,0.5908036,-0.016866827,0.9998483,-0.0043645604,-0.031008665,-0.0011168647,0.004346338,0.9999899,0.0074890275
0.99981683,0.019139199,-0.0002340267,0.8885989,-0.019140366,0.99979246,-0.006990449,-0.03874303,0.0001001863,0.006993647,0.9999755,0.009157675
0.9998443,0.01757673,-0.0015764316,1.1988308,-0.017589146,0.9998114,-0.008241145,-0.044425447,0.0014312813,0.008267589,0.9999647,0.009853518
0.9999383,0.010610508,-0.0033169894,1.5135186,-0.010646998,0.99988085,-0.011183737,-0.0467007,0.003197928,0.01121836,0.99993193,0.009406968
0.9999887,-0.0014740517,-0.004546055,1.8303696,0.0014183884,0.99992436,-0.012223096,-0.04408716,0.0045637274,0.0122165065,0.99991494,0.01676873
0.9998454,-0.016901722,-0.00485813,2.1599293,0.016844425,0.99979085,-0.011602181,-0.025536418,0.0050532096,0.011518553,0.99992085,0.02088898
0.99933493,-0.03607551,-0.0053084684,2.5072265,0.03603162,0.9993175,-0.008142724,0.0060200016,0.0055985968,0.007946035,0.99995273,0.025824899
0.9984279,-0.05566684,-0.006543339,2.8566816,0.055638082,0.9984409,-0.004496918,0.04215511,0.0067834654,0.0041257897,0.99996847,0.02978818
0.997142,-0.07522547,-0.006992421,3.2137265,0.075198166,0.99716026,-0.004089546,0.08128902,0.0072802017,0.0035520406,0.9999672,0.0320698
0.9953235,-0.09637952,-0.0064993706,3.597329,0.09634669,0.9953344,-0.0051886346,0.12642565,0.0069691245,0.0045381766,0.9999654,0.035995256
0.9932301,-0.11602807,-0.005619845,3.9822788,0.115991935,0.9932297,-0.0063788006,0.17643033,0.006321917,0.0056837597,0.9999639,0.043578293
0.9910786,-0.13317794,-0.0051849857,4.383044,0.1331479,0.9910795,-0.0057613812,0.2434475,0.005906021,0.0050196117,0.99997,0.04795819
0.9888058,-0.14913346,-0.0047340416,4.7998037,0.14911087,0.98880893,-0.004810581,0.31821492,0.00539848,0.004050833,0.9999773,0.054080512
0.98667467,-0.16262946,-0.005000323,5.214672,0.16260806,0.98668104,-0.004424604,0.39666238,0.0056532933,0.003552552,0.9999778,0.059100095
0.98457015,-0.17489702,-0.0057364735,5.653251,0.17486483,0.9845761,-0.0057053645,0.4811753,0.0066458452,0.0046142237,0.9999674,0.063850954
0.9827812,-0.18463904,-0.0070570507,6.098438,0.18457714,0.9827805,-0.008603464,0.5650429,0.008524066,0.007152751,0.99993825,0.07330867
0.9812465,-0.19254346,-0.009089711,6.549233,0.19247465,0.9812701,-0.007928427,0.6578302,0.010446027,0.0060302005,0.99992746,0.07868364
0.9796717,-0.20030175,-0.011079064,7.0255985,0.20022142,0.97971857,-0.007949681,0.76402205,0.012446698,0.0055698096,0.99990726,0.0794534
0.97805285,-0.20791613,-0.01355037,7.5028133,0.2078131,0.97813064,-0.008628519,0.87071085,0.015048038,0.005623202,0.9998712,0.08834929
0.9762483,-0.21615738,-0.014680219,8.007495,0.21598518,0.97631717,-0.012466175,0.9810304,0.017027205,0.00899937,0.99981475,0.09662048
0.97450745,-0.2238819,-0.014574433,8.526549,0.22361098,0.97450954,-0.018150147,1.0922556,0.018266411,0.014428448,0.9997293,0.11077966
0.9725607,-0.23205352,-0.01664779,9.041931,0.23172903,0.9725882,-0.01934163,1.2196082,0.020679733,0.014953133,0.99967456,0.13134208
0.97037345,-0.24063115,-0.021732409,9.581847,0.240331,0.9705667,-0.015542924,1.3706174,0.02483286,0.009859469,0.99964327,0.13354905
0.9681377,-0.24910426,-0.025629563,10.114399,0.24884923,0.9684585,-0.012751693,1.5175681,0.027997663,0.0059674955,0.99959046,0.14864856
0.9657323,-0.25812852,-0.027042361,10.676072,0.2577958,0.96607995,-0.0152014755,1.6708015,0.030049015,0.0077091446,0.999519,0.16724956
0.96345127,-0.2663774,-0.0283744,11.246376,0.26597455,0.96382666,-0.017203908,1.8273774,0.03193073,0.009028257,0.99944955,0.19349791
0.9612779,-0.27381763,-0.031132288,11.824127,0.2733948,0.9617483,-0.017195158,1.9966027,0.03464976,0.008017915,0.99936754,0.21338113
0.95867527,-0.28232726,-0.035122093,12.422791,0.28190082,0.959299,-0.016655942,2.1824133,0.038395014,0.0060666893,0.99924445,0.2327558
0.95638126,-0.2893549,-0.040115006,13.010917,0.2888565,0.9572063,-0.017835937,2.373149,0.043559253,0.005470473,0.9990361,0.2603028
0.95413077,-0.2956181,-0.047381163,13.6219845,0.2950491,0.95529824,-0.018744424,2.567358,0.050804336,0.003904861,0.99870116,0.29525703
0.95241475,-0.2996708,-0.055713944,14.238098,0.29906598,0.9540415,-0.01909074,2.762823,0.05887435,0.0015201564,0.99826443,0.3254288
0.9506642,-0.303375,-0.06481961,14.8655615,0.30276126,0.95287055,-0.01932857,2.9695249,0.0676285,-0.0012498873,0.99771,0.36624387
0.94858986,-0.30768973,-0.07419398,15.508158,0.30716282,0.9514735,-0.018695494,3.1850054,0.07634602,-0.005055275,0.99706876,0.40643144
0.94678986,-0.3112069,-0.08209612,16.163494,0.3108029,0.9503044,-0.01798268,3.4161923,0.08361265,-0.008489895,0.99646235,0.46107835
0.9444487,-0.3162345,-0.0895157,16.831314,0.3160463,0.9485979,-0.016644161,3.6471615,0.09017787,-0.012571553,0.9958465,0.5195178
0.94227654,-0.32072973,-0.09616639,17.502266,0.32078424,0.94702864,-0.015315297,3.8877082,0.09598439,-0.016417418,0.9952476,0.5850437
0.9401957,-0.32483202,-0.10255242,18.175032,0.32519126,0.9455498,-0.013665892,4.1351447,0.10140753,-0.020500535,0.994634,0.6556005
0.9380589,-0.3295138,-0.10708369,18.878212,0.3302872,0.94381726,-0.010944987,4.395908,0.10467395,-0.025101326,0.99419004,0.72848886
0.93622816,-0.33401096,-0.109152324,19.574581,0.3349453,0.94218254,-0.010206801,4.6586337,0.106250584,-0.027004162,0.9939729,0.80493206
0.9340088,-0.34029528,-0.10875411,20.2939,0.34133378,0.9398944,-0.009497354,4.927497,0.10544927,-0.02825084,0.9940236,0.89055264
0.93192214,-0.34634745,-0.1075416,21.019434,0.34737378,0.9376774,-0.009641433,5.2002883,0.1041786,-0.028372064,0.9941541,0.97389585
0.9296855,-0.35282865,-0.10581802,21.74217,0.3538786,0.93524516,-0.009313586,5.48073,0.10225189,-0.028788023,0.99434215,1.0568897
0.9272126,-0.3600795,-0.10305486,22.456083,0.3611219,0.93247527,-0.009009795,5.768226,0.09934035,-0.02886137,0.99463516,1.1391824
0.92395836,-0.36965242,-0.09827904,23.256985,0.37082988,0.92867696,-0.0066781314,6.0866327,0.093738064,-0.03027449,0.9951368,1.2201753
0.9211241,-0.37770408,-0.094184294,23.992374,0.37903306,0.92537445,-0.004047725,6.401807,0.08868458,-0.031970505,0.9955468,1.303591
0.9179211,-0.38608348,-0.09143926,24.741535,0.38763756,0.92181164,-0.00082678173,6.731663,0.08460899,-0.03468637,0.9958106,1.3765677
0.91447276,-0.3944768,-0.090158165,25.491173,0.39609015,0.91821176,3.8111466e-06,7.0620847,0.08278278,-0.035714246,0.9959278,1.4515556
0.91043013,-0.40371785,-0.09016571,26.269058,0.4054228,0.9141292,0.0006515673,7.413756,0.08216006,-0.03714844,0.995927,1.5269983
0.9069288,-0.41168484,-0.08942482,27.025703,0.4133926,0.9105528,0.0006342062,7.7694836,0.081164934,-0.037542734,0.9959938,1.5951811
0.90298337,-0.4205085,-0.08828762,27.815153,0.42224824,0.90647966,0.001139471,8.144352,0.079551786,-0.038308214,0.99609476,1.6670532
0.8993216,-0.42876583,-0.085916586,28.595112,0.43041676,0.90263003,0.00076822354,8.522964,0.07722151,-0.037670817,0.9963025,1.7397323
0.89599466,-0.43642294,-0.08203567,29.376417,0.4379873,0.8989805,0.0011992981,8.905659,0.07322507,-0.037005145,0.9966292,1.809231
0.8924404,-0.44452938,-0.07710496,30.185452,0.4460342,0.8950123,0.0025865675,9.313588,0.0678601,-0.036699805,0.9970202,1.8727646
0.8890897,-0.4518807,-0.07297107,30.986671,0.45327887,0.89136404,0.0029491407,9.725027,0.06371113,-0.035698295,0.9973303,1.940673
0.885558,-0.45913467,-0.07059683,31.808578,0.46041128,0.8877035,0.002057008,10.157118,0.061724614,-0.03432517,0.99750346,2.0061846
0.88233095,-0.46547,-0.069507405,32.632473,0.46671692,0.8844048,0.0019375628,10.591968,0.06057081,-0.034149848,0.99758023,2.0676122
0.8794176,-0.47121075,-0.067725495,33.45144,0.4724031,0.8813809,0.00181993,11.038744,0.058834385,-0.033594206,0.9977031,2.1212015
0.8765204,-0.47682768,-0.065947354,34.302917,0.47791085,0.8784082,0.0007430053,11.5067835,0.057574406,-0.032168206,0.9978236,2.1832871
0.87397593,-0.48154235,-0.0654577,35.14743,0.48256767,0.87585884,-0.00016576785,11.977294,0.057411537,-0.031442888,0.9978561,2.2426763
0.8720421,-0.48501837,-0.065585725,35.99449,0.48600173,0.87395734,-0.0010930898,12.455165,0.0578493,-0.030921549,0.9978471,2.30225
0.87041026,-0.48787412,-0.06608013,36.86466,0.48887354,0.872354,-0.0011908786,12.9490795,0.05822627,-0.03126827,0.99781436,2.3589268
0.8701474,-0.48842612,-0.06546205,37.73088,0.48941454,0.87205076,-0.0010675599,13.445245,0.057607662,-0.03110914,0.99785525,2.4190345
0.86982864,-0.48922387,-0.06371775,38.621197,0.49016047,0.8716318,-0.0010637433,13.949965,0.056058828,-0.030306637,0.9979682,2.4776018
0.8694434,-0.49006918,-0.062467005,39.513275,0.49091673,0.8712044,-0.0020237677,14.457009,0.05541332,-0.028906535,0.9980458,2.5402062
0.86904216,-0.49082366,-0.062126625,40.416164,0.4915673,0.8708318,-0.0037419358,14.970757,0.055938475,-0.027287504,0.99806213,2.6016169
0.867918,-0.49286494,-0.06167933,41.352272,0.49349225,0.86973196,-0.0056731566,15.5025215,0.05644059,-0.025514426,0.9980808,2.666097
0.8665507,-0.49553186,-0.05949709,42.26313,0.49606514,0.86826134,-0.0064861556,16.029007,0.054873127,-0.023893839,0.9982082,2.7273157
0.8645801,-0.49940622,-0.055647016,43.18839,0.49988976,0.8660695,-0.0058600768,16.563448,0.05112075,-0.022750858,0.9984341,2.7919178
0.8619117,-0.50450826,-0.050808754,44.106976,0.50488585,0.8631652,-0.00604868,17.10387,0.04690797,-0.020439185,0.9986909,2.8572316
0.85846156,-0.5105934,-0.048374448,45.011433,0.51089,0.85961825,-0.0069550024,17.649155,0.045134753,-0.018743407,0.9988059,2.9155047
0.8529431,-0.5197158,-0.04884059,45.92697,0.51989096,0.8541738,-0.010044612,18.207964,0.04693871,-0.016824286,0.9987569,2.9772718
0.84735864,-0.52858275,-0.05084796,46.82298,0.52864915,0.8487374,-0.013235036,18.768196,0.050152395,-0.0156659,0.9986195,3.0412264
0.84103954,-0.53860396,-0.050597705,47.732094,0.53865606,0.8424134,-0.01376798,19.350706,0.050039694,-0.015675336,0.99862504,3.0991085
0.83530766,-0.547784,-0.046858583,48.627777,0.547915,0.83646,-0.011145271,19.941677,0.04530055,-0.01636478,0.99884015,3.1554034
0.830711,-0.5549384,-0.044322148,49.499496,0.5552026,0.8316839,-0.0072398223,20.539356,0.040879693,-0.018593559,0.99899185,3.215714
0.82641035,-0.5611849,-0.04603669,50.384415,0.56150985,0.8274427,-0.0067616175,21.143309,0.04188726,-0.02026217,0.9989177,3.269547
0.822732,-0.5662049,-0.05025995,51.2559,0.5665386,0.82398933,-0.008713144,21.75166,0.04634711,-0.02130561,0.998699,3.3240612
0.81952536,-0.5702059,-0.056968853,52.114697,0.57057077,0.8211717,-0.011239884,22.357214,0.05319028,-0.023293378,0.99831355,3.3868358
0.8161861,-0.57480353,-0.05868019,52.988796,0.57519436,0.81793344,-0.011690935,22.98145,0.0547165,-0.024210522,0.99820924,3.4487824
0.8132258,-0.57932043,-0.055259973,53.856266,0.5796924,0.8147656,-0.01067967,23.598284,0.051210895,-0.02334879,0.99841577,3.5151758
0.81008714,-0.584139,-0.05042329,54.73122,0.5845284,0.8113322,-0.008180073,24.235476,0.04568836,-0.022847258,0.9986953,3.5765543
0.80724794,-0.588273,-0.047830068,55.598625,0.5886662,0.808347,-0.0068947244,24.872301,0.042719297,-0.022590179,0.9988326,3.6372206
0.80452794,-0.5918901,-0.049019586,56.456184,0.5923488,0.80565846,-0.006135527,25.514551,0.043124627,-0.024100477,0.99877995,3.6924314
0.8006033,-0.5971059,-0.050008032,57.31867,0.5975274,0.80181175,-0.0076959217,26.165648,0.044692334,-0.023719775,0.9987201,3.7477934
0.7967076,-0.60216343,-0.051556956,58.173996,0.60252553,0.79803777,-0.009952966,26.817291,0.047137734,-0.023134766,0.9986214,3.8073819
0.79251033,-0.6076552,-0.051812455,59.01836,0.60798126,0.79387504,-0.0110297995,27.47102,0.04783495,-0.02275976,0.9985969,3.863839
0.7879322,-0.61367345,-0.05069213,59.881752,0.6139613,0.78925234,-0.011519862,28.14256,0.047078338,-0.022046123,0.9986488,3.92336
0.7833441,-0.6195681,-0.050094716,60.725536,0.6198494,0.78463554,-0.011587183,28.811874,0.046485167,-0.021974416,0.9986782,3.9826958
0.7779438,-0.62629926,-0.05054539,61.562828,0.6265589,0.7792741,-0.0124992635,29.499722,0.04721701,-0.02194593,0.9986446,4.045426
0.7724966,-0.6329738,-0.05094512,62.398987,0.6331891,0.77387345,-0.013853649,30.189781,0.048194088,-0.02155599,0.99860644,4.105021
0.76723003,-0.6393368,-0.051075805,63.234337,0.6394952,0.76864284,-0.015316513,30.893353,0.04905148,-0.020911435,0.99857837,4.166618
0.7611949,-0.64646953,-0.051591907,64.07112,0.6465841,0.76266056,-0.016686019,31.602016,0.050134134,-0.02065719,0.99852985,4.2281337
0.7553367,-0.65330464,-0.051592458,64.89795,0.65331984,0.7568463,-0.018904757,32.319035,0.051398147,-0.019426912,0.9984902,4.2921324
0.74914837,-0.6604246,-0.051170427,65.728165,0.66040176,0.7506528,-0.019763054,33.05662,0.05146325,-0.01898757,0.9984954,4.356543
0.7430907,-0.66736627,-0.04940519,66.55482,0.6673055,0.74451244,-0.020130249,33.798496,0.050217044,-0.018009746,0.99857694,4.4191327
0.7370891,-0.67409104,-0.04799231,67.360176,0.6739824,0.7384537,-0.020846814,34.53921,0.049492765,-0.016980004,0.9986311,4.4845977
0.7303677,-0.68139255,-0.047639538,68.1876,0.6812139,0.73174196,-0.022405718,35.30937,0.05012695,-0.016088292,0.9986143,4.5505934
0.7238055,-0.6883045,-0.048424233,69.00359,0.6880623,0.7252498,-0.0241598,36.087902,0.051748976,-0.015831886,0.99853575,4.619211
0.7183416,-0.69394344,-0.049296338,69.80599,0.6937379,0.7198296,-0.02395225,36.880062,0.052106485,-0.016992833,0.998498,4.680679
0.7124898,-0.70000464,-0.048519086,70.61223,0.6998137,0.7139342,-0.02365308,37.68049,0.05119671,-0.017101733,0.99854326,4.7458563
0.70784736,-0.70467603,-0.048846945,71.41334,0.7045132,0.7093054,-0.023404172,38.482204,0.05113977,-0.017846722,0.9985332,4.8111115
0.7027633,-0.70968527,-0.049725935,72.22366,0.7095259,0.704276,-0.023853328,39.307053,0.05194915,-0.018518578,0.9984792,4.880538
0.69744855,-0.71479714,-0.05131114,73.02224,0.71457607,0.699083,-0.02578418,40.133057,0.054301206,-0.018682558,0.998351,4.9507947
0.6927656,-0.7191826,-0.053427257,73.81293,0.71890086,0.69455767,-0.027785406,40.961082,0.05709109,-0.01916011,0.9981863,5.0219655
0.6874738,-0.7241951,-0.0540698,74.60949,0.7238886,0.689322,-0.02866084,41.80339,0.05802754,-0.019436916,0.998127,5.092954
0.68288386,-0.72860396,-0.05299291,75.400795,0.7283115,0.68466413,-0.02825529,42.651985,0.056869257,-0.019300248,0.9981963,5.1657314
0.67807144,-0.7331887,-0.051534466,76.181145,0.7328626,0.6797772,-0.028569816,43.510128,0.05597902,-0.018395295,0.99826366,5.2404237
0.67292595,-0.7379516,-0.05099483,76.97145,0.73758495,0.67461765,-0.029330248,44.37509,0.056046315,-0.017875923,0.9982694,5.3177443
0.6683742,-0.742123,-0.050315443,77.74718,0.7416912,0.67004997,-0.030464254,45.24547,0.056322087,-0.016956987,0.9982699,5.3894634
0.6638163,-0.7462509,-0.049597126,78.53512,0.74577844,0.66546583,-0.031154515,46.13111,0.05625428,-0.016307581,0.9982846,5.465158
0.6599188,-0.7497855,-0.04828357,79.31223,0.7492372,0.6615148,-0.03228935,47.0255,0.056150384,-0.01486749,0.99831295,5.5366974
0.65636754,-0.75298345,-0.04690409,80.08848,0.7522734,0.65792453,-0.034942035,47.9147,0.057170127,-0.012349874,0.9982894,5.6150975
0.65164876,-0.7571103,-0.046264775,80.86469,0.7561531,0.65322,-0.03920455,48.81799,0.059903238,-0.009435648,0.99816096,5.6958356
0.647284,-0.76096463,-0.044257224,81.64768,0.7597367,0.6487716,-0.04354734,49.72571,0.06185081,-0.0054363315,0.998072,5.772671
0.6409672,-0.7665248,-0.04004106,82.4215,0.76505613,0.6422157,-0.04742228,50.63803,0.06206534,-0.00023752544,0.9980736,5.853754
0.63289106,-0.7734044,-0.03601325,83.19276,0.7717159,0.6338968,-0.05128556,51.570568,0.062493157,0.0046661827,0.998036,5.9388485
0.62404877,-0.78070533,-0.03263077,83.953354,0.77896214,0.6248561,-0.052665886,52.512978,0.061506066,0.0074479533,0.9980805,6.0244946
0.6154216,-0.7876371,-0.02977508,84.70583,0.7859922,0.61608446,-0.051546577,53.47806,0.05894395,0.008319903,0.9982282,6.1020217
0.60635036,-0.79465574,-0.029395372,85.442505,0.79303086,0.60701096,-0.051388294,54.4493,0.0586793,0.007847882,0.9982476,6.188917
0.5968964,-0.8017137,-0.031184811,86.17387,0.80001956,0.59767574,-0.05247392,55.429043,0.06070745,0.0063730427,0.9981368,6.2649484
0.5866187,-0.80927044,-0.03102323,86.89336,0.8074361,0.58739394,-0.05492095,56.42094,0.06266874,0.007168385,0.9980102,6.3519053
0.57698613,-0.81615776,-0.031243335,87.60738,0.81423193,0.57778645,-0.05648208,57.427017,0.06415024,0.007150061,0.9979163,6.430694
0.5675925,-0.8228467,-0.027652675,88.31637,0.8208831,0.56817627,-0.057687134,58.4441,0.06317924,0.010043176,0.99795336,6.5204306
0.55709165,-0.83006066,-0.025510166,89.00869,0.8281327,0.5575671,-0.05758711,59.475624,0.062024403,0.010955501,0.9980162,6.6079907
0.5468239,-0.83688194,-0.02479697,89.691795,0.83492464,0.5472713,-0.05827632,60.51987,0.06234105,0.011163292,0.9979942,6.6953416
0.5368716,-0.8432893,-0.0251929,90.355034,0.84125835,0.53735447,-0.05946154,61.565968,0.063680775,0.010729479,0.9979143,6.78102
0.52643955,-0.8498074,-0.026295187,91.01518,0.84773326,0.5270126,-0.06005933,62.63646,0.064896725,0.009326307,0.99785006,6.869333
0.51647794,-0.8558596,-0.02752225,91.66134,0.85372424,0.5171485,-0.060937714,63.706264,0.066387184,0.007976578,0.99776375,6.961038
0.5067571,-0.86163664,-0.02796559,92.29565,0.85949683,0.5074804,-0.06107283,64.79597,0.06681455,0.0069127595,0.9977431,7.0541267
0.49810183,-0.86669344,-0.02719792,92.924385,0.86467636,0.49880618,-0.059400264,65.888954,0.06504828,0.006069986,0.9978654,7.142142
0.49060643,-0.87103105,-0.024758983,93.54236,0.8691434,0.49118313,-0.05770759,66.993195,0.062426265,0.006792611,0.9980282,7.2349815
0.4826399,-0.8754829,-0.024313545,94.15287,0.8735883,0.4832044,-0.05795076,68.10553,0.062483285,0.0067293257,0.99802506,7.3248324
0.47487956,-0.8797327,-0.023715362,94.76491,0.8776695,0.47540283,-0.06074322,69.22441,0.06471212,0.00803147,0.99787337,7.418837
0.46870694,-0.88307655,-0.022185052,95.35686,0.88079596,0.4691113,-0.064299196,70.341324,0.067188345,0.010596979,0.9976858,7.511022
0.46196964,-0.88662785,-0.021854041,95.94932,0.8841422,0.4623348,-0.067381874,71.47311,0.06984651,0.011806304,0.9974897,7.6069193
0.45707977,-0.88916963,-0.021398123,96.536934,0.8864486,0.45738384,-0.07078129,72.61002,0.07272371,0.01338436,0.99726415,7.70992
0.45231527,-0.89164716,-0.019458381,97.10978,0.8889057,0.4524835,-0.071458705,73.72963,0.072520524,0.015025196,0.9972555,7.812985
0.4480997,-0.8938452,-0.01580463,97.68298,0.8913039,0.4480536,-0.06947197,74.86276,0.069178484,0.01704364,0.9974605,7.914293
0.44500053,-0.8954693,-0.010563834,98.25002,0.8931324,0.44463977,-0.06790507,75.99326,0.065503985,0.020782888,0.9976376,8.016078
0.4417649,-0.8970937,-0.008306201,98.80298,0.8948326,0.44127554,-0.06746539,77.11632,0.06418808,0.022371175,0.99768883,8.111046
0.4389005,-0.8985087,-0.0071209553,99.34499,0.8963007,0.4383526,-0.0670314,78.22893,0.06334976,0.023037594,0.9977273,8.205634
0.43646452,-0.89971286,-0.0042143147,99.89352,0.89761007,0.435755,-0.06644489,79.351265,0.061617713,0.025218023,0.997783,8.299873
0.43399116,-0.90091646,-0.0018492489,100.428055,0.89892495,0.43316582,-0.065592885,80.46224,0.059894726,0.026804393,0.99784654,8.388453
0.43207338,-0.9018397,8.230563e-05,100.96566,0.89986664,0.4311214,-0.06614713,81.58364,0.05961861,0.028654477,0.9978117,8.481888
0.42952317,-0.9030545,0.002151494,101.491425,0.9011253,0.4284468,-0.06638923,82.68754,0.059031278,0.030454475,0.9977932,8.569357
0.4275255,-0.903984,0.006085585,102.013054,0.9022195,0.42624816,-0.06567809,83.7853,0.056777954,0.03356958,0.997824,8.656074
0.42595765,-0.9046981,0.009147161,102.52977,0.9030596,0.4245254,-0.06528885,84.877914,0.05518347,0.036070704,0.9978262,8.741147
0.42451352,-0.9053608,0.010598977,103.03491,0.90373784,0.42298,-0.065931395,85.953285,0.055208515,0.037567455,0.9977696,8.826637
0.42332467,-0.90590405,0.011674812,103.53717,0.9042509,0.42168579,-0.06717546,87.03357,0.055931386,0.03899398,0.9976746,8.909482
0.422926,-0.90609217,0.011524072,104.036674,0.9043614,0.42124724,-0.068427645,88.1061,0.05714723,0.03936175,0.99759126,8.996327
0.42309386,-0.9060274,0.010400306,104.523415,0.904216,0.4214545,-0.06907071,89.16901,0.058196668,0.038627513,0.9975593,9.080516
0.42534107,-0.9049996,0.007928362,105.00804,0.9031135,0.42385104,-0.06882896,90.214676,0.05892971,0.036435995,0.9975987,9.167253
0.42870244,-0.903429,0.0057119755,105.4745,0.90147716,0.42734137,-0.06869885,91.1986,0.059623532,0.034600582,0.99762285,9.249196
0.4339222,-0.9009448,0.003522971,105.9519,0.8989078,0.43267074,-0.069008544,92.22476,0.060648557,0.033111162,0.9976116,9.333883
0.4399916,-0.89800006,0.002392726,106.437614,0.8959277,0.43879154,-0.06911475,93.248405,0.0610151,0.032553617,0.9976076,9.417194
0.44666478,-0.8947017,0.0013719426,106.92933,0.892663,0.44554198,-0.068165146,94.247475,0.060376167,0.03167165,0.9976748,9.498539
0.45453817,-0.8907286,0.00015386683,107.42438,0.8887327,0.45350757,-0.0669808,95.24004,0.059591893,0.030582076,0.997756,9.576471
0.46360308,-0.8860441,-0.00074398215,107.93553,0.8840739,0.46262735,-0.06626117,96.224495,0.059054468,0.030061146,0.9978038,9.6554575
0.47274345,-0.88119966,-0.001773963,108.44922,0.8792305,0.47181916,-0.065891154,97.20215,0.058900222,0.02958989,0.997827,9.732625
0.4826061,-0.8758332,-0.003145261,108.97072,0.8737946,0.48172134,-0.0665487,98.16625,0.059800662,0.029368497,0.99777997,9.81097
0.49263063,-0.8702139,-0.006726343,109.49334,0.8680092,0.49190575,-0.06774969,99.118546,0.06226541,0.027537042,0.9976815,9.891254
0.5039661,-0.8636629,-0.010345253,110.03749,0.8613596,0.50343525,-0.06792557,100.061775,0.06387292,0.025321202,0.9976386,9.973149
0.5161608,-0.85639066,-0.013247094,110.5961,0.8541427,0.5158273,-0.06605849,101.00753,0.06340504,0.02278189,0.99772966,10.0518675
0.5286906,-0.84869766,-0.014178618,111.16028,0.84657824,0.5284347,-0.063745104,101.93994,0.061592747,0.02169812,0.99786735,10.133033
0.5410582,-0.8408688,-0.014080442,111.73579,0.8388661,0.5408058,-0.061920986,102.85584,0.05968216,0.021691242,0.9979836,10.208259
0.5526481,-0.83328706,-0.014670331,112.32612,0.8313305,0.55242366,-0.060985282,103.75571,0.058922432,0.021507503,0.9980327,10.288641
0.5640705,-0.8255802,-0.01562799,112.922905,0.82360303,0.5638745,-0.061033305,104.64043,0.05920006,0.021555822,0.99801517,10.364725
0.57520026,-0.8178473,-0.016517553,113.52331,0.8157929,0.57500786,-0.06204323,105.51881,0.060239557,0.022212371,0.9979386,10.440867
0.5859773,-0.8101701,-0.016044028,114.126976,0.80803347,0.5856914,-0.06363202,106.351845,0.060949557,0.024322797,0.9978463,10.5149355
0.5967487,-0.80225176,-0.016897751,114.7489,0.80015343,0.5965082,-0.06272105,107.19292,0.060397677,0.023907902,0.9978899,10.596454
0.6071621,-0.7944132,-0.01625753,115.3676,0.79240614,0.6068861,-0.06150879,108.01635,0.05872982,0.024463227,0.997976,10.670267
0.61697,-0.78685755,-0.014346387,115.994835,0.78502655,0.6166153,-0.059333824,108.82949,0.055533424,0.02534488,0.998137,10.743527
0.6272063,-0.77870786,-0.015129964,116.626236,0.7769543,0.6269132,-0.05764997,109.62118,0.05437761,0.024403123,0.99822414,10.814149
0.63687134,-0.7707636,-0.017919002,117.26006,0.7690085,0.63673466,-0.056537516,110.40216,0.05498666,0.022227244,0.99824166,10.886309
0.64606684,-0.7630008,-0.020738905,117.90472,0.76122916,0.6460816,-0.055769887,111.17154,0.055951446,0.020244002,0.9982302,10.954181
0.6553607,-0.7550519,-0.02004302,118.544685,0.7532808,0.6553096,-0.056026526,111.92181,0.055437274,0.021619547,0.9982301,11.023518
0.66423965,-0.7472502,-0.020141982,119.18911,0.74559295,0.66421854,-0.053912506,112.65231,0.053664766,0.020793086,0.99834454,11.089731
0.6730007,-0.73939234,-0.019285865,119.83693,0.7378444,0.67295176,-0.05218417,113.370346,0.051562987,0.020889994,0.9984533,11.151476
0.6812742,-0.7317811,-0.019102475,120.48907,0.7302886,0.68121964,-0.05118608,114.07452,0.050469942,0.020921415,0.9985085,11.217295
0.6888542,-0.72462904,-0.01989133,121.14236,0.7231547,0.68883795,-0.050510734,114.772224,0.050303403,0.020410003,0.99852747,11.27866
0.6964097,-0.7173581,-0.020345353,121.79606,0.71594596,0.6964295,-0.049081985,115.46004,0.04937842,0.019614974,0.9985896,11.340477
0.70332694,-0.7106091,-0.019212388,122.45667,0.7093226,0.7033211,-0.046931025,116.12984,0.04686205,0.019380046,0.99871546,11.3988495
0.7107507,-0.70320034,-0.018598123,123.119316,0.70205194,0.7107565,-0.044159643,116.794464,0.044271775,0.018329624,0.99885345,11.457074
0.71843666,-0.695349,-0.018487047,123.77841,0.69427,0.7184532,-0.042613566,117.436386,0.04291334,0.017780116,0.99892265,11.509821
0.72554195,-0.68792295,-0.018820781,124.43551,0.686878,0.7255783,-0.041673236,118.06715,0.042323887,0.017308068,0.9989561,11.570965
0.7336039,-0.6792838,-0.020055108,125.08354,0.6783416,0.7337276,-0.03870953,118.68029,0.041009698,0.014793215,0.99905133,11.615793
0.74258566,-0.6694876,-0.0188759,125.73744,0.6686767,0.74269325,-0.035779595,119.28478,0.03797296,0.013947508,0.9991835,11.665762
0.75170064,-0.6592553,-0.018221632,126.39436,0.65858006,0.75182045,-0.032252617,119.86438,0.03496207,0.012243875,0.9993157,11.708695
0.76180285,-0.6475394,-0.018778237,127.05129,0.6469468,0.76196206,-0.029588677,120.43732,0.033468105,0.010392185,0.9993878,11.757915
0.77135545,-0.6360813,-0.020368524,127.704765,0.63549423,0.77156657,-0.028877039,120.98467,0.034083784,0.009330349,0.9993775,11.7969
0.78112805,-0.6239895,-0.02189863,128.36786,0.62336856,0.7813786,-0.029342037,121.51916,0.035420213,0.009268938,0.9993316,11.840826
0.79130375,-0.61103106,-0.0219766,129.0421,0.6104284,0.791553,-0.028686691,122.048645,0.034924075,0.009284712,0.9993489,11.883028
0.80102974,-0.59824187,-0.021482076,129.71281,0.59769255,0.8012669,-0.027143428,122.55537,0.03345119,0.008902986,0.9994027,11.914512
0.811185,-0.58445597,-0.019840438,130.40132,0.5839888,0.8113803,-0.024916975,123.0505,0.030660992,0.008625652,0.9994947,11.952342
0.8206402,-0.5711657,-0.017973417,131.09795,0.57075965,0.8207877,-0.02329599,123.53847,0.028058209,0.0088590905,0.9995691,11.990177
0.8297538,-0.55791396,-0.0156313,131.79636,0.55756927,0.82984746,-0.021716112,124.014145,0.025087295,0.00930346,0.99964404,12.024749
0.8379608,-0.5455598,-0.013783153,132.49887,0.54524827,0.8380116,-0.021040516,124.47753,0.023029283,0.010115853,0.99968565,12.052745
0.8451011,-0.5344766,-0.0119409645,133.2147,0.5341847,0.84510726,-0.02103152,124.922966,0.021332232,0.011395046,0.9997096,12.083032
0.85170233,-0.5239036,-0.0114833405,133.93204,0.52361953,0.85169667,-0.020910667,125.36867,0.020735478,0.011796727,0.99971753,12.114734
0.8585425,-0.5126113,-0.011751952,134.65738,0.5123452,0.85855037,-0.019888038,125.8155,0.020284459,0.011053634,0.99973524,12.136758
0.86495036,-0.50171536,-0.012095998,135.39081,0.50147784,0.8649788,-0.018262671,126.24566,0.019625429,0.009730394,0.9997622,12.163441
0.8712271,-0.49073514,-0.012089018,136.12837,0.49052238,0.87126464,-0.016956585,126.6659,0.018853908,0.008843066,0.9997853,12.182098
0.87696695,-0.4804067,-0.011925449,136.88184,0.48018667,0.8769947,-0.017401353,127.08378,0.018818265,0.009533933,0.99977964,12.211269
0.8820962,-0.47091585,-0.0121890195,137.64133,0.4706761,0.88211775,-0.018283866,127.48705,0.019362293,0.010391011,0.99976075,12.2364
0.886582,-0.4624039,-0.012607236,138.40755,0.46214947,0.886604,-0.018794099,127.88995,0.01986807,0.010836044,0.99974614,12.26261
0.88990957,-0.45597574,-0.012290349,139.17958,0.45573863,0.8899314,-0.018071001,128.29495,0.019177487,0.010480333,0.9997634,12.284332
0.8930874,-0.44978252,-0.009725669,139.9707,0.44960302,0.893081,-0.01629999,128.69556,0.016017243,0.010184588,0.99982214,12.309143
0.89630646,-0.44338402,-0.007023479,140.76796,0.4432823,0.8962963,-0.0124898255,129.09335,0.011832892,0.008081293,0.9998996,12.32711
0.8994071,-0.4370848,-0.005272312,141.58379,0.43702638,0.89939946,-0.009532763,129.49915,0.008908528,0.0062696617,0.99994296,12.342518
0.902779,-0.4300907,-0.0040269815,142.40623,0.43005958,0.9027757,-0.006875991,129.89642,0.0065927505,0.004475627,0.99997056,12.35947
0.90590185,-0.42348486,-0.0025422643,143.24881,0.42347068,0.9058983,-0.00484016,130.3013,0.0043527586,0.0033081055,0.99998736,12.365384
0.90914875,-0.41647643,-0.0001247939,144.10353,0.4164739,0.909142,-0.0035804133,130.70193,0.0016046077,0.0032031252,0.99999595,12.378411
0.9126888,-0.4086535,0.0023757645,144.977,0.40866002,0.91268253,-0.0031983808,131.09288,-0.0008612922,0.003889976,0.9999944,12.389458
0.91609293,-0.4009561,0.003475684,145.86171,0.40096766,0.91608715,-0.003450823,131.48938,-0.0018004023,0.0045548803,0.99999034,12.397947
0.9195927,-0.39286116,0.0036894479,146.75627,0.39287516,0.9195837,-0.004195103,131.88101,-0.001744664,0.0053072465,0.9999867,12.389549
0.92365324,-0.38320976,0.004393087,147.67001,0.38323236,0.9236304,-0.0065214606,132.25624,-0.0015585021,0.007707106,0.99997145,12.410573
0.9274771,-0.3738675,0.0036954866,148.5961,0.37388608,0.92744154,-0.0080053285,132.63419,-0.00043441745,0.008806413,0.9999635,12.408045
0.9320622,-0.3622978,0.0021603215,149.54573,0.3623028,0.93201935,-0.008894977,133.0072,0.0012091659,0.0090733245,0.9999605,12.421625
0.9370372,-0.34923545,0.00048755127,150.49693,0.34923044,0.93701106,-0.007138869,133.37985,0.0020363012,0.0068596182,0.9999767,12.425855
0.94293153,-0.33299306,0.00046578306,151.47557,0.33299303,0.94292337,-0.003712263,133.73898,0.0007969583,0.0036554802,0.9999953,12.431772
0.949221,-0.31460944,0.0022272123,152.47159,0.31461,0.9492223,0.00038406672,134.07666,-0.002234948,0.0003361106,0.99999976,12.432474
0.9556027,-0.29464847,0.003217043,153.49582,0.294638,0.95560384,0.00351816,134.41023,-0.0041108336,-0.0024141246,0.999991,12.437691
0.9618414,-0.27358752,0.003948415,154.53065,0.2735656,0.9618393,0.0054502874,134.71188,-0.005288864,-0.004162184,0.99997973,12.447453
0.967638,-0.25229678,0.0052456306,155.5729,0.252259,0.9676355,0.007039057,135.00201,-0.0068517798,-0.005488022,0.9999639,12.440157
0.97305185,-0.23045242,0.008147803,156.65755,0.23039055,0.9730672,0.00794457,135.26569,-0.0097591905,-0.0058533214,0.9999377,12.450323
0.97797924,-0.20839702,0.011480532,157.73134,0.20828678,0.9780165,0.010152447,135.49942,-0.01334387,-0.0075376574,0.999885,12.437147
0.9823768,-0.18625262,0.015817584,158.8371,0.18607308,0.98246145,0.012209043,135.73077,-0.017814107,-0.009050671,0.9998028,12.439702
0.98630106,-0.16385041,0.019178117,159.9505,0.1635947,0.9864259,0.014267651,135.91797,-0.02125552,-0.010934776,0.99971676,12.421331
0.9897408,-0.14155066,0.019520976,161.07973,0.1412525,0.98984677,0.015933875,136.10802,-0.021578193,-0.013013032,0.999685,12.408929
0.99267936,-0.11943824,0.018077835,162.23456,0.11915861,0.99274975,0.015872072,136.26122,-0.019842466,-0.013601759,0.9997131,12.395265
0.9950147,-0.09820981,0.017466731,163.38657,0.09793403,0.995065,0.016046531,136.3853,-0.018956425,-0.01425596,0.9997212,12.375568
0.9967879,-0.07767168,0.019634793,164.58595,0.07738957,0.9968928,0.0147838,136.49133,-0.020722028,-0.013216798,0.9997004,12.364537
0.99809813,-0.057662927,0.021902336,165.77379,0.057335228,0.99823856,0.0153455,136.57169,-0.02274858,-0.014060551,0.99964494,12.345615
0.9990339,-0.037296638,0.023341127,166.96693,0.03693401,0.9991941,0.015816562,136.62437,-0.023912175,-0.01493921,0.99960506,12.332836
0.9995605,-0.016881462,0.02446202,168.18561,0.016458845,0.9997145,0.01741297,136.66585,-0.024748946,-0.017002707,0.9995517,12.310148
0.99967253,0.0038590264,0.025386432,169.41507,-0.0043129306,0.9998323,0.017886177,136.67548,-0.025313104,-0.017989816,0.9995203,12.28922
0.99937737,0.024414094,0.02556091,170.67499,-0.024933118,0.9994861,0.020225296,136.6722,-0.025053943,-0.02085002,0.9994713,12.265478
0.99869937,0.04447892,0.025014853,171.9283,-0.045019582,0.9987559,0.021522434,136.63083,-0.024026388,-0.022620602,0.9994581,12.23954
0.9976548,0.064282335,0.023604896,173.19331,-0.064794764,0.9976649,0.021669773,136.56483,-0.022156745,-0.023148429,0.9994892,12.225568
0.99629337,0.08325875,0.021725519,174.47853,-0.083767995,0.99620414,0.023738954,136.4808,-0.019666528,-0.025470864,0.99948484,12.202822
0.994525,0.10246505,0.020625545,175.76743,-0.102954775,0.99439013,0.024330178,136.3694,-0.018016798,-0.026320463,0.99949396,12.185953
0.99239165,0.12176074,0.018378684,177.05208,-0.12218713,0.9922122,0.024264043,136.21764,-0.015281101,-0.026325066,0.99953943,12.1785965
0.99004096,0.14012194,0.013756834,178.36127,-0.14043806,0.98975736,0.025708921,136.05452,-0.010013505,-0.02738486,0.9995776,12.162871
0.98732907,0.1584892,0.008185486,179.66666,-0.158655,0.9869587,0.027287439,135.86372,-0.0037539394,-0.02824034,0.9995969,12.17168
0.98439085,0.17596942,0.0037296314,180.99478,-0.17600064,0.98393637,0.02994156,135.65065,0.0015991057,-0.030130604,0.9995475,12.165657
0.9810511,0.1937588,0.00087273517,182.31859,-0.19368649,0.98054624,0.03190837,135.41261,0.0053267935,-0.031472765,0.9994932,12.184818
0.97733337,0.21171449,-0.0009624548,183.64546,-0.21155652,0.97676474,0.034321673,135.13971,0.008206507,-0.033340085,0.99941313,12.197764
0.9734629,0.22885455,-0.00035207922,184.98735,-0.22871092,0.9729082,0.03383025,134.85028,0.008084768,-0.032851953,0.9994303,12.218202
0.96920365,0.24626978,-0.0002885849,186.33243,-0.24612619,0.9686811,0.032900676,134.52599,0.00838201,-0.031816415,0.99946135,12.238156
0.9645914,0.263717,-0.004636081,187.67583,-0.26343355,0.96413034,0.032543,134.17128,0.013051945,-0.030169386,0.9994623,12.274884
0.96010584,0.27952725,-0.008125381,189.01581,-0.27910966,0.9596614,0.0339318,133.8069,0.017282488,-0.030310232,0.9993939,12.303613
0.9549312,0.29674295,-0.0073973644,190.3653,-0.29629877,0.9544089,0.03625169,133.40862,0.017817557,-0.032426022,0.99931806,12.326363
0.9493322,0.31421983,-0.0062382095,191.73425,-0.3137687,0.9487314,0.038228475,132.98271,0.017930541,-0.034334145,0.99925226,12.3680105
0.9433859,0.33161616,-0.007641241,193.08165,-0.3310237,0.9426774,0.042264234,132.53387,0.021218736,-0.037342027,0.99908,12.394663
0.9369851,0.34923103,-0.010059952,194.42941,-0.34851208,0.93630606,0.04328862,132.05437,0.024536926,-0.03705475,0.99901474,12.443452
0.93042564,0.3662914,-0.011970896,195.77673,-0.36546713,0.929778,0.044161968,131.54854,0.027306424,-0.036714435,0.9989554,12.483047
0.9232585,0.3838481,-0.01609317,197.12749,-0.38285825,0.92274165,0.044396542,131.01933,0.03189136,-0.034828056,0.9988871,12.54135
0.91486853,0.4032427,-0.020381903,198.46342,-0.4019774,0.91440994,0.04766923,130.46089,0.037859667,-0.03541799,0.998658,12.605104
0.9053708,0.42405796,-0.021980533,199.80205,-0.4225797,0.9048756,0.051286113,129.86383,0.041637912,-0.037144396,0.99844486,12.669398
0.89385515,0.4478726,-0.020918543,201.13843,-0.4462928,0.89324045,0.05429482,129.23268,0.04300243,-0.039195884,0.99830866,12.735781
0.8810937,0.47252178,-0.020037089,202.46674,-0.47076043,0.8803036,0.058768112,128.56863,0.045407914,-0.042347513,0.9980734,12.815241
0.86727524,0.49744168,-0.01973971,203.77226,-0.49546367,0.8663338,0.06312682,127.86708,0.048503064,-0.044967987,0.9978131,12.8931465
0.8525978,0.5222004,-0.019696563,205.05948,-0.5200142,0.85154796,0.06674365,127.12574,0.051626097,-0.046662964,0.99757856,12.980904
0.8378434,0.5455556,-0.01979213,206.3377,-0.54324394,0.83677965,0.068478376,126.3454,0.053920373,-0.04662217,0.9974591,13.069405
0.8220634,0.5690507,-0.019932402,207.59491,-0.5666383,0.82101995,0.06964764,125.52076,0.055997893,-0.045960277,0.9973754,13.162887
0.8059843,0.5915053,-0.022694694,208.82664,-0.5888179,0.8050772,0.071748555,124.66109,0.06071058,-0.044465132,0.9971675,13.265854
0.78978556,0.6128457,-0.025753394,210.03455,-0.6098376,0.7890346,0.074338995,123.77426,0.0658786,-0.043006442,0.9969034,13.3727665
0.7733074,0.63344026,-0.027448168,211.22414,-0.630228,0.77268183,0.0760215,122.848236,0.069363706,-0.041489348,0.9967313,13.48374
0.7572538,0.6524929,-0.028705807,212.39362,-0.6491022,0.7567348,0.0776054,121.88534,0.07235957,-0.040133953,0.9965738,13.60416
0.74151397,0.67030287,-0.02924668,213.53708,-0.666834,0.7410916,0.07822669,120.89314,0.074109964,-0.03850348,0.9965095,13.725225
0.7255344,0.6875469,-0.029723343,214.67595,-0.6840182,0.7252133,0.07866753,119.87364,0.07564329,-0.036744665,0.99646074,13.851475
0.71071297,0.7027808,-0.031474337,215.77408,-0.6991297,0.7105775,0.079379514,118.82347,0.07815127,-0.034411382,0.99635047,13.981669
0.69551426,0.7177102,-0.03400375,216.85895,-0.71387047,0.69561744,0.08067889,117.7529,0.08155758,-0.031839028,0.99616295,14.115683
0.68043596,0.7318991,-0.036535203,217.91835,-0.7278032,0.68076557,0.082851745,116.656746,0.08551094,-0.029784858,0.99589497,14.26032
0.66543376,0.7455091,-0.037660748,218.95671,-0.74117494,0.6658752,0.085285425,115.52702,0.08865833,-0.028838588,0.99564755,14.39512
0.6496081,0.75936157,-0.03719615,219.98372,-0.755017,0.65008897,0.085658275,114.392456,0.08922633,-0.027560577,0.995633,14.550304
0.6338092,0.7727044,-0.03489925,220.9779,-0.76831216,0.6341376,0.08700376,113.21908,0.08935903,-0.02833025,0.99559957,14.701367
0.61702704,0.78635556,-0.030443752,221.95119,-0.78201056,0.61702573,0.08799078,112.04381,0.08797654,-0.030485336,0.995659,14.855422
0.59873796,0.80054843,-0.025284858,222.89282,-0.796277,0.5983551,0.08898156,110.847725,0.08636329,-0.033142854,0.9957153,15.001973
0.5815342,0.81325537,-0.02092648,223.8017,-0.8089952,0.5808168,0.09045628,109.64941,0.08571842,-0.035673965,0.9956836,15.155519
0.56340724,0.82596576,-0.018897362,224.67526,-0.82150894,0.56250435,0.0933576,108.44111,0.087739944,-0.03707396,0.9954564,15.310789
0.5459034,0.8376943,-0.01619056,225.5141,-0.8329987,0.54471844,0.096946985,107.22437,0.09003113,-0.039436933,0.995161,15.46305
0.52658266,0.8500222,-0.01331625,226.31319,-0.8454071,0.52524453,0.09699782,105.99878,0.08944449,-0.039819676,0.9951987,15.619756
0.5057082,0.8626554,-0.009443543,227.0826,-0.8582636,0.5041841,0.09584128,104.755295,0.08743918,-0.040362634,0.99535507,15.770985
0.48484436,0.8745836,-0.0058138394,227.81796,-0.87045956,0.48318437,0.09400241,103.50792,0.08502201,-0.040515788,0.99555826,15.920244
0.46330413,0.88619936,-0.0020809004,228.51575,-0.88231564,0.46149212,0.09245325,102.25826,0.08289221,-0.04099792,0.9957181,16.067015
0.44188112,0.897076,-0.00037140516,229.1643,-0.8933174,0.4400688,0.09125275,100.99879,0.08202398,-0.039991047,0.995831,16.206852
0.42156243,0.90680027,0.0016392159,229.79019,-0.90312153,0.41968948,0.09075178,99.73504,0.08160566,-0.039737917,0.99587554,16.34743
0.39999917,0.9165163,0.0016659293,230.37398,-0.9128595,0.39824092,0.08997421,98.47221,0.081799276,-0.03751033,0.99594605,16.482588
0.3789243,0.9254295,0.0009476977,230.91638,-0.9217024,0.3773072,0.09004299,97.21451,0.08297075,-0.034992937,0.9959408,16.619719
0.35817838,0.93365544,0.00013353105,231.42476,-0.92992616,0.35673612,0.089333005,95.94692,0.08335849,-0.032121293,0.9960052,16.758514
0.33667246,0.9416241,0.00036021994,231.90482,-0.93802947,0.33535498,0.087415315,94.68364,0.08219144,-0.029768197,0.9961753,16.89156
0.31612948,0.94871825,0.0005519528,232.351,-0.94511205,0.31487826,0.08728467,93.42075,0.082634635,-0.028114889,0.9961867,17.022001
0.29621944,0.9551202,0.0019528836,232.76562,-0.9511424,0.2947993,0.09178916,92.165474,0.08709386,-0.029047184,0.99578,17.15815
0.27658448,0.960988,0.0027256436,233.15085,-0.95623267,0.27493298,0.10017255,90.92526,0.095515124,-0.030312506,0.9949698,17.294792
0.25768873,0.96621585,0.005273564,233.50864,-0.9607293,0.25563756,0.10794549,89.690895,0.102950394,-0.032882787,0.9941462,17.441004
0.23858422,0.97108257,0.008971561,233.84102,-0.96524733,0.23611681,0.11202678,88.45435,0.1066688,-0.035387583,0.99366814,17.59292
0.2188581,0.9756639,0.0136188585,234.14178,-0.96981996,0.21596856,0.11318294,87.22457,0.107487135,-0.037978828,0.9934843,17.744833
0.19963005,0.97969544,0.018684551,234.42955,-0.9739822,0.19630724,0.11325063,85.99082,0.10728308,-0.040806636,0.99339426,17.898962
0.18005715,0.98338354,0.023250017,234.6796,-0.9777966,0.17635898,0.11320268,84.76944,0.10722118,-0.043116726,0.99330336,18.051344
0.16162767,0.98652434,0.0255064,234.90822,-0.9811046,0.15784785,0.11189855,83.54871,0.106364384,-0.043110337,0.99339575,18.203184
