09:
  ARE: 0.0011375034664236868
  ATE: 0.015383450567608991
  STD_ARE: 0.0006892316620153993
  STD_ATE: 0.009513662818677621
  nsecs_per_frame: 0.37016941030995043
  rot_err: 2.4841331770441935e-05
  tr_err: 0.005792248950494057
AVG:
  ARE: 0.0011375034664236868
  ATE: 0.015383450567608991
  STD_ARE: 0.0006892316620153993
  STD_ATE: 0.009513662818677621
  nsecs_per_frame: 0.37016941030995043
  rot_err: 2.4841331770441935e-05
  tr_err: 0.005792248950494057
