09:
  ARE: 0.0010613579875191235
  ATE: 0.014746025093803036
  STD_ARE: 0.0006411165881087793
  STD_ATE: 0.009200059544034493
  nsecs_per_frame: 0.7409032260300152
  rot_err: 2.4597117325370758e-05
  tr_err: 0.005224292093003894
AVG:
  ARE: 0.0010613579875191235
  ATE: 0.014746025093803036
  STD_ARE: 0.0006411165881087793
  STD_ATE: 0.009200059544034493
  nsecs_per_frame: 0.7409032260300152
  rot_err: 2.4597117325370758e-05
  tr_err: 0.005224292093003894
