0,1,2,3,4,5,6,7,8,9,10,11
1.0,0.0,0.0,0.0,0.0,1.0,0.0,0.0,0.0,0.0,1.0,0.0
0.99999905,-2.9485856e-05,0.0013860455,1.316272,3.0127132e-05,0.9999999,-0.00046264654,0.0040086056,-0.0013860316,0.00046268787,0.9999989,0.013559781
0.9999988,3.938363e-06,0.0015674732,2.6285272,-1.4071738e-06,0.9999987,-0.001614818,0.010303263,-0.0015674775,0.0016148138,0.9999975,0.025756937
0.9999995,-0.00042425125,0.0009121739,3.946019,0.0004266184,0.99999654,-0.0025964566,0.012579575,-0.0009110692,0.0025968447,0.9999962,0.04721206
0.9999997,0.00024542736,0.0007593279,5.2631893,-0.00024318305,0.9999956,-0.0029542632,0.015103964,-0.0007600497,0.002954078,0.9999953,0.059886537
0.99999917,-0.00021390873,0.0012723801,6.589604,0.00021802507,0.9999947,-0.0032358752,0.023550125,-0.0012716813,0.0032361501,0.99999386,0.07156729
0.99999684,1.5392929e-05,0.002544488,7.920787,-4.0263403e-06,0.99999,-0.004467081,0.021043599,-0.0025445314,0.0044670566,0.9999867,0.09297568
0.99999565,0.00029124555,0.002959302,9.247273,-0.0002776288,0.99998933,-0.0046006883,0.027776822,-0.0029606102,0.0045998464,0.999985,0.103688456
0.9999986,-0.0004750835,0.0016276554,10.579488,0.00048100975,0.9999932,-0.0036425502,0.0348185,-0.001625914,0.0036433279,0.99999195,0.12246011
0.9999999,-9.107945e-05,-0.00070369674,11.9120245,9.048151e-05,0.99999964,-0.0008496302,0.046475556,0.0007037734,0.00084956596,0.9999994,0.13510396
0.9999984,-0.0004810916,-0.0017788255,13.259077,0.00048548926,0.99999684,0.002472676,0.054123964,0.0017776297,-0.0024735355,0.9999953,0.15491521
0.99999833,-0.00042573985,-0.0018088276,14.595371,0.000434849,0.99998724,0.005038593,0.06476474,0.0018066588,-0.0050393706,0.99998564,0.17071235
0.99999946,0.00019037683,-0.0010624223,15.934487,-0.00018426307,0.9999835,0.00575181,0.0731516,0.0010634994,-0.0057516107,0.9999829,0.18833084
0.9999989,0.00012380703,0.0014928496,17.293686,-0.0001292469,0.99999344,0.0036443279,0.074092425,-0.0014923885,-0.0036445172,0.99999225,0.20699918
0.9999939,0.0006370023,0.0034315775,18.644012,-0.00063531584,0.9999998,-0.00049255206,0.072665505,-0.00343189,0.00049036765,0.999994,0.22504877
0.99999857,-9.531213e-06,0.0017108726,19.993814,1.4097255e-05,0.9999966,-0.0026688925,0.074473634,-0.0017108411,0.0026689111,0.99999493,0.2451011
0.99999976,0.00044455982,-0.00061853,21.348417,-0.00044683073,0.9999933,-0.0036759856,0.07965109,0.0006168913,0.003676259,0.9999931,0.25570187
0.99999875,0.00049755967,-0.0015634703,22.712921,-0.00049990654,0.9999989,-0.0015009486,0.085137606,0.0015627214,0.0015017265,0.9999977,0.2867248
0.9999993,0.0011856551,-0.00050561014,24.080206,-0.0011852033,0.9999991,0.0008933747,0.09632851,0.0005066689,-0.00089277583,0.9999995,0.2873659
0.99999124,0.0022216868,0.0035783388,25.456991,-0.0022258596,0.999997,0.0011624785,0.09913572,-0.0035757448,-0.001170434,0.99999297,0.3011321
0.9999862,0.0022501748,0.0047697043,26.830412,-0.002245743,0.9999972,-0.0009343483,0.09762267,-0.0047717923,0.00092362263,0.9999882,0.30975428
0.99998903,0.0023172894,0.0040837135,28.202372,-0.002299227,0.9999877,-0.0044222698,0.09698764,-0.0040939106,0.00441283,0.9999819,0.33731502
0.9999978,0.0018272075,0.0010868188,29.581547,-0.0018217764,0.99998605,-0.004977773,0.10283602,-0.0010958994,0.0049757794,0.999987,0.33764654
0.9999957,0.0028671785,-0.00066708366,30.963562,-0.0028704656,0.9999836,-0.0049791983,0.10128541,0.0006527957,0.004981089,0.99998736,0.3678692
0.9999932,0.0030424115,-0.0021297778,32.34603,-0.0030468088,0.9999934,-0.0020642192,0.1091703,0.0021234823,0.002070692,0.9999956,0.37462425
0.9999873,0.0033585876,-0.0037712657,33.736084,-0.0033610358,0.9999943,-0.0006429112,0.113229655,0.0037690834,0.00065557647,0.9999926,0.40149164
0.9999864,0.003656593,-0.0037260952,35.134003,-0.003656094,0.99999344,0.00014082814,0.11466129,0.0037265841,-0.00012720498,0.999993,0.4192256
0.99999255,0.0031540263,-0.0022594256,36.525024,-0.0031548077,0.9999951,-0.0003422192,0.11370277,0.0022583338,0.0003493429,0.9999974,0.4450386
0.999995,0.003125372,-0.00069649174,37.92533,-0.0031247553,0.9999949,0.0008852679,0.11527783,0.0006992539,-0.0008830886,0.99999934,0.4629574
0.9999963,0.0027232834,-0.0005451805,39.322132,-0.0027213765,0.99999046,0.0034695219,0.120981276,0.00055462285,-0.0034680262,0.99999386,0.48302138
0.9999959,0.0028671573,-0.00067654223,40.720737,-0.0028631163,0.99997866,0.0059015034,0.121514514,0.0006934474,-0.005899542,0.9999824,0.5028548
0.9999946,0.0033437612,-0.00044015187,42.12516,-0.0033401148,0.9999623,0.008041206,0.12869899,0.0004670223,-0.008039691,0.9999677,0.5204997
0.99999654,0.0027248494,-0.0003298559,43.525696,-0.0027216729,0.99995345,0.009277283,0.1325189,0.00035511894,-0.009276351,0.999957,0.53849024
0.99999654,0.0027152977,-0.00031116774,44.930927,-0.0027126512,0.9999628,0.00821341,0.1342776,0.00033345722,-0.008212536,0.9999664,0.5601362
0.99999833,0.0017670958,-0.0009195633,46.334732,-0.0017600278,0.99996954,0.0076317713,0.13487591,0.0009330203,-0.0076301387,0.9999706,0.58083814
0.9999993,0.0013674229,-0.0004833531,47.740868,-0.0013639065,0.9999734,0.007203116,0.13732098,0.0004931891,-0.0072024507,0.99997413,0.6003316
1.0000002,2.1590386e-05,0.00028044631,49.15723,-2.3626024e-05,0.99997395,0.0072582285,0.14376263,-0.0002802828,-0.007258237,0.9999738,0.6181064
0.9999997,-0.001000689,0.00037820762,50.577637,0.0009976672,0.9999686,0.00790578,0.1526209,-0.00038610742,-0.0079054,0.9999689,0.63777006
0.99999857,-0.0018000259,0.0005072752,51.998913,0.0017958273,0.9999655,0.008158145,0.16086572,-0.000521943,-0.008157221,0.99996686,0.65524596
0.9999938,-0.0033216437,0.0013958758,53.427155,0.0033100455,0.9999611,0.008230323,0.17205648,-0.0014231595,-0.008225651,0.99996537,0.6728284
0.9999912,-0.0035960611,0.0022909055,54.855618,0.0035801504,0.9999701,0.006911616,0.18398182,-0.0023156912,-0.006903354,0.99997365,0.68951863
0.9999875,-0.0044032885,0.0025001445,56.275635,0.004390366,0.9999775,0.005150841,0.19251306,-0.0025227687,-0.0051398017,0.9999838,0.70722187
0.9999851,-0.005111886,0.0020517956,57.698948,0.005105658,0.99998283,0.0030293805,0.2011455,-0.002067246,-0.0030188626,0.99999344,0.7258127
0.99998736,-0.004612393,0.0021438985,59.11954,0.0046085455,0.9999882,0.0017962889,0.2153118,-0.0021521584,-0.0017863896,0.9999962,0.74272096
0.99998593,-0.0045608683,0.0028091,60.540062,0.0045587667,0.99998975,0.00075399166,0.2253954,-0.00281251,-0.00074117945,0.9999958,0.7611162
0.9999872,-0.0037822702,0.0034456549,61.96275,0.0037853904,0.99999285,-0.0008996808,0.23641437,-0.0034422267,0.0009127069,0.99999374,0.7777286
0.99998814,-0.003721568,0.00324143,63.37428,0.0037294494,0.99999046,-0.0024289484,0.24153239,-0.0032323594,0.0024410018,0.9999919,0.7974145
0.999992,-0.0032700312,0.0024320502,64.7863,0.0032784091,0.99998903,-0.0034489653,0.2484902,-0.0024207456,0.0034569036,0.9999912,0.8148492
0.9999955,-0.0022778916,0.0020966402,66.202965,0.0022850581,0.9999919,-0.0034224077,0.26030922,-0.0020888275,0.0034271758,0.9999921,0.8375276
0.9999966,-0.0018809063,0.0019814316,67.60756,0.0018847765,0.9999967,-0.0019536025,0.27221054,-0.0019777508,0.0019573239,0.99999624,0.855684
0.9999949,-0.0010914025,0.0031315195,69.01504,0.0010884173,0.99999934,0.00095455383,0.28245795,-0.0031325591,-0.0009511453,0.99999475,0.87627316
0.9999908,-0.0006799921,0.004322064,70.423004,0.00066168304,0.99999124,0.0042360155,0.29225627,-0.004324906,-0.0042331186,0.9999818,0.8929696
0.9999878,0.00017231517,0.005025776,71.83211,-0.00021183438,0.99996954,0.0078636715,0.30419508,-0.005024266,-0.007864639,0.9999566,0.90979683
0.9999899,0.0005543752,0.004558983,73.235725,-0.0006096384,0.99992675,0.01212921,0.31686288,-0.0045519234,-0.012131862,0.99991614,0.9237456
0.9999919,0.001212978,0.00396475,74.6349,-0.0012751983,0.99987596,0.015728459,0.3293187,-0.0039451797,-0.015733378,0.9998685,0.9418202
0.9999915,0.0019345155,0.0037937686,76.03334,-0.0020005186,0.99984586,0.017471619,0.33756018,-0.0037593846,-0.017479047,0.99984026,0.9567296
0.9999894,0.0021713122,0.004209205,77.4363,-0.002245633,0.9998408,0.01773298,0.34295884,-0.0041700304,-0.01774223,0.99983406,0.973931
0.99998933,0.002342546,0.004138192,78.82753,-0.0024115501,0.99985737,0.016749322,0.34686327,-0.004098365,-0.016759109,0.99985135,0.99261546
0.99999344,0.0021174527,0.0031510126,80.22158,-0.0021672724,0.99987197,0.015891988,0.3503679,-0.0031169588,-0.0158987,0.999869,1.0080223
0.99999416,0.0018226469,0.003109275,81.61703,-0.0018704066,0.99987984,0.015427074,0.35417315,-0.0030807832,-0.015432788,0.9998764,1.0291364
0.99999404,0.0016798268,0.0032242902,83.004616,-0.0017283619,0.99988496,0.015109517,0.3587747,-0.003198538,-0.015114988,0.99988085,1.0452312
0.9999961,0.0010419816,0.0028376314,84.40185,-0.0010835738,0.9998921,0.014695356,0.3655148,-0.0028220133,-0.014698362,0.99988824,1.0642898
0.999996,0.0006481106,0.0029998338,85.79105,-0.00069310394,0.99988765,0.015021879,0.37381935,-0.002989761,-0.015023886,0.9998829,1.0785605
0.9999937,-0.0006766848,0.003670374,87.17987,0.00062413904,0.9998983,0.01429841,0.37984613,-0.0036796753,-0.0142960185,0.9998912,1.0990118
0.9999882,-0.0017842521,0.004663601,88.56305,0.0017250826,0.9999192,0.012660833,0.38847592,-0.0046858117,-0.01265263,0.9999092,1.1169828
0.99998105,-0.0030981726,0.0054409816,89.91941,0.0030421566,0.9999434,0.010273468,0.39591333,-0.005472499,-0.010256715,0.99993265,1.1333658
0.9999791,-0.0038562708,0.005319504,91.299164,0.0038122553,0.9999594,0.008259805,0.4042845,-0.0053511364,-0.008239349,0.99995196,1.1482229
0.9999806,-0.004060008,0.00485947,92.667366,0.0040259515,0.99996823,0.006997613,0.41481256,-0.004887723,-0.0069779116,0.99996394,1.1635379
0.99998116,-0.0044140434,0.0044371663,94.028755,0.00438752,0.99997336,0.00596956,0.42743254,-0.004463396,-0.0059499783,0.9999726,1.1810122
0.9999825,-0.004621284,0.0039124945,95.388794,0.0045967624,0.9999707,0.006253497,0.44012362,-0.003941278,-0.006235401,0.999973,1.1953554
0.9999838,-0.0048145074,0.003308058,96.76107,0.004793697,0.99996966,0.0062701507,0.45056742,-0.003338145,-0.006254189,0.9999751,1.2132671
0.99998665,-0.0046330863,0.0026593723,98.11677,0.004613945,0.99996454,0.0071591837,0.46493116,-0.0026924477,-0.007146814,0.99997103,1.2334554
0.9999889,-0.004076246,0.0027201453,99.45874,0.004052845,0.999956,0.0085534165,0.4790847,-0.002754892,-0.008542291,0.99995995,1.2484599
0.9999847,-0.0039389944,0.004130786,100.81902,0.0039007142,0.9999506,0.009234371,0.49394798,-0.004166954,-0.009218108,0.99994904,1.2684412
0.99997723,-0.004193187,0.005471596,102.12725,0.004139485,0.9999444,0.009789265,0.5031734,-0.0055123353,-0.009766383,0.99993736,1.282128
0.99998325,-0.0040594484,0.0043474203,103.49694,0.0040182667,0.99994826,0.009439709,0.5150414,-0.004385512,-0.009422073,0.99994624,1.3002483
0.99999183,-0.0038462968,0.0018592228,104.841835,0.0038285402,0.9999488,0.009461119,0.5286987,-0.0018955186,-0.009453916,0.99995375,1.3156251
0.9999924,-0.0040871343,0.00069990964,106.14883,0.0040809074,0.99995494,0.008677444,0.53985536,-0.00073534664,-0.008674515,0.9999624,1.3309268
0.99999136,-0.0039982684,0.0017994415,107.50916,0.003986102,0.99997044,0.006714332,0.5509012,-0.0018262349,-0.0067070974,0.99997616,1.3530309
0.99998933,-0.0032389422,0.0035562287,108.82686,0.0032255007,0.9999886,0.0037785617,0.55658126,-0.0035684244,-0.0037670517,0.9999869,1.3668374
0.9999883,-0.0024111678,0.0044046296,110.179665,0.0024021748,0.99999595,0.0020455047,0.5655701,-0.00440954,-0.0020349033,0.9999886,1.3862221
0.9999938,-0.001847776,0.0032795514,111.51061,0.0018421754,0.99999774,0.0017093514,0.5756055,-0.0032827004,-0.001703303,0.9999935,1.4035023
1.0000002,-0.00077171356,0.0007920768,112.81023,0.0007692232,0.99999565,0.003137436,0.5849937,-0.00079449615,-0.003136829,0.9999951,1.4172757
1.0000004,0.00012842345,-0.00095857837,114.17036,-0.00012291915,0.9999844,0.005741736,0.5952737,0.0009592967,-0.0057416186,0.9999834,1.4390858
0.99999857,0.0016552561,-0.0013679576,115.46147,-0.001643449,0.9999627,0.0085890815,0.60792005,0.001382119,-0.008586815,0.9999625,1.4550674
0.9999958,0.0031295521,0.00056772947,116.82739,-0.003135,0.9999474,0.009858847,0.6154061,-0.0005368477,-0.009860576,0.9999516,1.4738326
0.99998975,0.003919372,0.0026531268,118.13074,-0.003944875,0.99994636,0.009675633,0.6164189,-0.002615061,-0.00968599,0.99995005,1.490695
0.99998313,0.0048299683,0.0035078328,119.49795,-0.0048625856,0.9999454,0.009349493,0.6163311,-0.003462481,-0.009366384,0.99995047,1.509228
0.99997985,0.005813893,0.0029037006,120.82961,-0.005842123,0.99993575,0.009809206,0.6183464,-0.002846483,-0.009825963,0.99994797,1.5239639
0.9999734,0.006991315,0.0024924867,122.12024,-0.007018443,0.99991524,0.011045398,0.6145615,-0.0024150533,-0.011062585,0.9999362,1.5372531
0.9999665,0.008035046,0.0021120813,123.488304,-0.008061882,0.99988365,0.013018934,0.6178423,-0.0020072279,-0.013035509,0.9999134,1.5520754
0.9999541,0.009606449,0.0012098533,124.8188,-0.009622639,0.99985415,0.014171481,0.61684185,-0.0010735408,-0.014182455,0.99989927,1.5696633
0.99994653,0.010424402,0.00045278756,126.168884,-0.010430132,0.9998284,0.015364305,0.61278546,-0.0002925488,-0.015368187,0.9998823,1.5861617
0.9999355,0.011443218,0.00021429862,127.51126,-0.011445129,0.99982893,0.014587926,0.60830045,-4.733212e-05,-0.014589418,0.999894,1.6053535
0.99992275,0.012462577,0.0010586387,128.81718,-0.012476232,0.9998242,0.014053665,0.59601533,-0.0008833095,-0.014065769,0.9999011,1.6240491
0.9999123,0.013168855,0.0019884664,130.19324,-0.013193107,0.99983287,0.012719281,0.58537847,-0.0018206363,-0.012744382,0.99991757,1.639535
0.9999057,0.013607464,0.0023682942,131.52881,-0.013634123,0.99984026,0.011629543,0.5763715,-0.0022096673,-0.011660719,0.99993,1.6581017
0.9999069,0.013478009,0.0025986421,132.89113,-0.013503479,0.9998592,0.010045726,0.565261,-0.0024628795,-0.010079865,0.99994665,1.6754255
0.9999102,0.013062895,0.003344579,134.22417,-0.013089646,0.9998824,0.008104595,0.54966164,-0.0032383143,-0.008147634,0.9999621,1.6895448
0.9999137,0.012882404,0.002988915,135.54942,-0.012901604,0.9998966,0.0064952,0.53547174,-0.0029049306,-0.006533191,0.99997497,1.7074862
0.99992824,0.011685155,0.0030444316,136.91168,-0.011700678,0.9999193,0.0051307958,0.5271636,-0.00298423,-0.0051660417,0.99998266,1.721044
0.99993914,0.010500459,0.0037032445,138.2544,-0.010513793,0.9999392,0.0035988945,0.51444995,-0.003665226,-0.0036376058,0.9999871,1.7362674
0.9999501,0.009260632,0.004029759,139.61916,-0.009271064,0.99995464,0.0025769214,0.50347465,-0.0040057087,-0.0026141498,0.999989,1.7523175
0.99996006,0.008186631,0.0038697927,140.96376,-0.008193702,0.9999657,0.0018140657,0.49692038,-0.0038548054,-0.0018456993,0.9999913,1.7662113
0.999972,0.0067708804,0.0035073042,142.32047,-0.006776911,0.9999765,0.001709254,0.49542242,-0.0034956457,-0.001732973,0.9999928,1.7814432
0.99998003,0.005827401,0.0028674912,143.68224,-0.005831126,0.9999832,0.0012911882,0.4921062,-0.0028599165,-0.0013078819,0.99999547,1.7922747
0.999988,0.00509366,0.0005666777,145.0167,-0.0050935503,0.9999881,-0.0002014538,0.4890144,-0.0005676991,0.00019856333,1.0000002,1.8119752
0.99999386,0.0038087098,-0.00023802544,146.36124,-0.003809941,0.9999793,-0.0053907074,0.48461255,0.00021748545,0.0053915703,0.9999859,1.835569
0.9999944,0.0029310475,0.002211776,147.70471,-0.0029020486,0.9999123,-0.01300391,0.47235325,-0.002249696,0.0129973935,0.99991345,1.8523068
0.9999937,0.0011968681,0.0036808655,149.0475,-0.0011222515,0.9997963,-0.02020817,0.4621886,-0.0037042985,0.020203874,0.99978954,1.8676995
1.0000008,2.973713e-05,0.00091939245,150.37851,-8.478062e-06,0.99973387,-0.023118068,0.45557117,-0.00091983675,0.023118034,0.9997328,1.8866305
0.99999774,0.00048475235,-0.0026021847,151.7372,-0.0005431675,0.99974793,-0.022493677,0.45777038,0.0025906167,0.022494994,0.99974406,1.9057413
0.9999881,0.0011541556,-0.004993649,153.08784,-0.0012522293,0.99980664,-0.01968071,0.46842754,0.0049699564,0.01968669,0.9997943,1.9227047
0.99998736,0.0021767286,-0.004784166,154.44073,-0.0022674906,0.99981713,-0.019047834,0.4685133,0.0047418163,0.019058403,0.9998076,1.9512457
0.99999595,0.002535983,-0.0020280043,155.79314,-0.0025804883,0.9997502,-0.022250907,0.46701232,0.0019710623,0.022256006,0.99975085,1.9713511
0.99999607,0.0029695265,0.0012463739,157.1264,-0.0029341213,0.9996184,-0.027509319,0.45743048,-0.0013275892,0.0275055,0.9996213,1.9977385
0.9999937,0.003078502,0.0023770353,158.48842,-0.0030045041,0.9995305,-0.03053165,0.44955367,-0.00246991,0.030524256,0.9995315,2.0177195
0.9999941,0.0028759385,0.0024666733,159.83446,-0.0027944944,0.99947196,-0.03241028,0.44303653,-0.0025585797,0.03240313,0.99947214,2.0358493
0.9999881,0.0042225113,0.0029346133,161.1918,-0.004129309,0.9995099,-0.031072365,0.44287035,-0.003064376,0.031059815,0.9995133,2.046221
0.9999858,0.0050764186,0.0023044215,162.55211,-0.0050097923,0.99959517,-0.028053036,0.44777033,-0.0024458966,0.028041035,0.99960434,2.0597217
0.99998266,0.006110493,0.00023175617,163.89388,-0.006103096,0.99968964,-0.024206964,0.44818285,-0.00037960417,0.024205081,0.9997075,2.0756989
0.9999793,0.006613617,-0.00058434985,165.26376,-0.0066245506,0.9997533,-0.02126252,0.4487263,0.0004435784,0.02126591,0.99977434,2.0931695
0.9999762,0.007074788,0.000532155,166.63467,-0.0070630056,0.99978435,-0.019596558,0.44519964,-0.0006706844,0.019592293,0.99980843,2.1098557
0.9999763,0.0070759365,0.00043469368,167.99593,-0.007066874,0.99981123,-0.018170463,0.4433679,-0.0005631876,0.01816692,0.99983543,2.129711
0.9999798,0.006315603,-0.0018502134,169.36504,-0.0063441675,0.9998554,-0.015860353,0.44257855,0.0017497704,0.015871737,0.99987316,2.1491508
0.99997205,0.0059976783,-0.00477722,170.72371,-0.0060551893,0.9999096,-0.012115721,0.44374034,0.004704108,0.012144285,0.99991584,2.1706908
0.9999677,0.0056028226,-0.006014171,172.10745,-0.0056419484,0.99996424,-0.006507831,0.45134473,0.0059774774,0.0065415404,0.99996144,2.194258
0.9999706,0.0059201857,-0.0051597715,173.48914,-0.005931236,0.99998146,-0.002128203,0.4577215,0.005147062,0.0021587405,0.9999851,2.2177846
0.9999766,0.0063469848,-0.00308363,174.88576,-0.006344989,0.999981,0.00065795286,0.46684933,0.0030877367,-0.0006383697,0.9999957,2.24055
0.99998295,0.006021392,-0.000888044,176.30473,-0.0060199765,0.999982,0.001592607,0.47566888,0.00089761155,-0.0015872297,0.99999905,2.2629156
0.99998623,0.005522112,3.7596707e-05,177.69699,-0.005522114,0.9999862,-4.051067e-05,0.47157753,-3.7824055e-05,4.0303334e-05,1.0000007,2.2843997
0.99999374,0.0039400826,0.00023453165,179.10774,-0.003939418,0.9999898,-0.0027843849,0.46234748,-0.00024550364,0.0027834384,0.99999684,2.3004804
0.99999195,0.002137887,-0.0038195348,180.48221,-0.0021531116,0.99999124,-0.003985347,0.46253434,0.003810968,0.003993531,0.9999855,2.3205233
0.9999701,0.00038575951,-0.007917182,181.87862,-0.00040113518,0.9999995,-0.0019401191,0.46972355,0.007916408,0.0019432339,0.9999675,2.3456728
0.99996006,-7.760743e-05,-0.009099048,183.27422,9.664649e-05,0.99999934,0.0020923926,0.4843533,0.009098854,-0.0020931824,0.99995714,2.3689947
0.9999688,-0.000475727,-0.008069275,184.64803,0.0005243111,0.9999833,0.0060202703,0.49460286,0.008066254,-0.0060242983,0.99995005,2.3981023
0.9999899,-0.0004928332,-0.004792438,186.0599,0.00053154165,0.9999688,0.008079799,0.5040539,0.004788292,-0.0080822455,0.99995667,2.424819
0.999998,7.912167e-06,-0.00266498,187.4491,1.4300516e-05,0.9999669,0.008336214,0.51338154,0.0026649483,-0.008336215,0.9999625,2.449101
1.0,2.9673602e-05,-0.0017071357,188.86668,-1.6679889e-05,0.9999727,0.007612956,0.51894075,0.0017073079,-0.00761291,0.9999704,2.4675345
1.0000008,-9.0151425e-06,-0.0010899231,190.27454,1.572782e-05,0.99998266,0.006162171,0.52154815,0.0010898429,-0.0061621787,0.9999812,2.488144
1.0000013,0.0001465722,-0.0004545296,191.66621,-0.00014496579,0.99999535,0.0035398998,0.52308106,0.00045504197,-0.0035398302,0.99999446,2.5110772
1.0000013,0.000106795196,-0.00037490932,193.0802,-0.00010634722,1.0000008,0.001203971,0.52854276,0.00037503405,-0.0012039293,1.0,2.5310109
1.0000012,0.0005048443,0.00046252343,194.47969,-0.0005038728,0.9999992,-0.0021058316,0.5294728,-0.0004635885,0.002105597,0.99999845,2.5487137
0.9999994,0.00065296114,0.001880861,195.89938,-0.0006414383,0.99998266,-0.0061223763,0.5260561,-0.001884825,0.006121153,0.9999803,2.5667892
0.99999845,0.0010813237,0.0021488483,197.29608,-0.0010614479,0.99995846,-0.00923091,0.5263575,-0.0021587387,0.0092285955,0.99995583,2.5869367
0.99999887,0.0010320144,-0.0019613963,198.72359,-0.0010465354,0.9999736,-0.0074151107,0.5346933,0.0019536845,0.0074171405,0.99997133,2.604408
0.99997485,0.0014625759,-0.0071314108,200.14824,-0.001466137,1.0000005,-0.00049366057,0.5440506,0.007130673,0.0005041049,0.9999752,2.6274736
0.9999673,0.0031215264,-0.0076474496,201.57056,-0.003054596,0.99995875,0.008748643,0.5601918,0.007674423,-0.008724974,0.9999333,2.6465914
0.9999845,0.0041520526,-0.004076127,203.03824,-0.0040871073,0.9998683,0.015815359,0.5773877,0.004141244,-0.015798414,0.99986744,2.6714303
0.99998826,0.004824966,-0.0017297867,204.45139,-0.0047943196,0.99984044,0.01730633,0.5807435,0.0018130062,-0.017297791,0.99984956,2.6945643
0.9999907,0.0044587315,-0.0012567743,205.91084,-0.0044381735,0.99986523,0.01591473,0.57828236,0.0013275585,-0.015908968,0.9998734,2.7153566
0.9999953,0.0032614446,-0.001266077,207.36314,-0.0032449681,0.9999144,0.012807906,0.57464755,0.0013077352,-0.012803707,0.999918,2.7375937
0.9999974,0.0023043815,-0.0016509301,208.78821,-0.0022862956,0.9999399,0.010876617,0.5738496,0.0016758881,-0.010872789,0.99994034,2.7616818
0.9999971,0.0017361504,-0.0023641468,210.26476,-0.0017096086,0.99993765,0.011184378,0.5801572,0.0023834088,-0.011180277,0.9999355,2.782143
0.9999976,0.0014526764,-0.0023008415,211.68814,-0.0014250848,0.99992925,0.01194996,0.5829546,0.00231803,-0.011946625,0.99992675,2.8013554
0.99999946,0.0011350174,-0.0015854881,213.1659,-0.0011139842,0.9999139,0.013206459,0.5898238,0.0016003344,-0.013204654,0.9999124,2.823509
0.99999934,0.0010527608,-0.0017312161,214.6559,-0.0010306344,0.99992007,0.012734189,0.5964444,0.001744477,-0.012732364,0.9999183,2.8474672
0.99999726,0.0006354706,-0.0028044565,216.08199,-0.00059951126,0.99991953,0.012805585,0.60251707,0.0028123592,-0.012803836,0.99991494,2.868391
0.99999624,0.00030816585,-0.0031845542,217.57297,-0.00026953715,0.9999282,0.0121242665,0.6065712,0.0031880517,-0.012123332,0.9999223,2.8940175
0.999996,-0.00010192153,-0.0032761688,219.03775,0.00014221866,0.99992603,0.01230306,0.6133182,0.0032746624,-0.0123034455,0.99991983,2.914887
0.999995,-0.0006681653,-0.0035053291,220.52475,0.00071196246,0.9999232,0.0125088645,0.62251467,0.0034966914,-0.012511266,0.99991655,2.9406025
0.9999939,-0.00070620526,-0.0037947975,221.98729,0.00075349666,0.9999236,0.012475904,0.6295842,0.0037856859,-0.012478656,0.9999159,2.964784
0.99999285,-0.001156505,-0.00397002,223.50626,0.0012098897,0.99991024,0.013471619,0.63909715,0.003954072,-0.013476292,0.9999023,2.9883196
0.99999183,-0.0014773355,-0.004116064,224.99695,0.0015335423,0.9999069,0.013686514,0.6481796,0.0040954486,-0.013692679,0.9998988,3.0158741
0.99999106,-0.001627538,-0.0042460333,226.488,0.001686067,0.9999049,0.0138179455,0.6581982,0.0042231274,-0.013824944,0.99989647,3.037339
0.999991,-0.0018900055,-0.004155933,227.98872,0.001944955,0.99991196,0.013258385,0.66622496,0.004130496,-0.013266313,0.9999044,3.0672662
0.99999005,-0.0017562406,-0.004428787,229.48108,0.0018111125,0.99992305,0.012416882,0.6748018,0.0044066263,-0.012424747,0.999914,3.0914118
0.9999909,-0.0019457069,-0.0041691912,230.99432,0.0019938834,0.9999327,0.011582984,0.68446267,0.0041463613,-0.01159116,0.99992514,3.1202881
0.9999939,-0.0017270792,-0.0034806565,232.48714,0.0017610453,0.99995244,0.0097798,0.69241023,0.0034635898,-0.009785842,0.9999471,3.1468241
0.9999953,-0.0015050835,-0.0031750328,233.98723,0.0015355626,0.9999544,0.009619787,0.70326686,0.0031603994,-0.009624591,0.99994963,3.1713452
0.9999938,-0.0017879439,-0.0034677042,235.49435,0.0018221707,0.99995124,0.009892851,0.71171933,0.0034498365,-0.009899083,0.999946,3.1963775
0.9999924,-0.0012601926,-0.0040752133,236.98482,0.0013041579,0.99994266,0.01080445,0.72108823,0.0040613515,-0.010809653,0.99993426,3.2218735
0.99999475,-0.0012178024,-0.003461478,238.51407,0.0012593488,0.9999288,0.012026444,0.73012054,0.0034465746,-0.012030709,0.9999227,3.2487311
1.0000002,-0.0004962881,-0.0015256312,240.03433,0.00051482406,0.99992764,0.012175116,0.7345938,0.001519472,-0.012175871,0.99992573,3.2711647
1.0000012,0.00035082316,-0.0008344796,241.53125,-0.00034097524,0.9999325,0.011775747,0.7454429,0.00083854963,-0.011775444,0.9999314,3.2935567
0.99999887,0.0005705043,-0.0022873445,243.06757,-0.0005419376,0.999924,0.012471547,0.75274575,0.0022942773,-0.01247026,0.9999207,3.3170428
0.999994,0.0013409115,-0.0036868446,244.57452,-0.0012932182,0.9999178,0.012909041,0.7558257,0.0037038391,-0.01290416,0.99991107,3.3429656
0.999995,0.0012730814,-0.0034506428,246.12079,-0.0012257096,0.99990743,0.0136968875,0.7602633,0.0034677489,-0.01369255,0.9999015,3.364869
0.99999803,0.0012912857,-0.0024103343,247.64996,-0.001258282,0.9999081,0.013645603,0.7669638,0.0024277242,-0.013642504,0.9999052,3.3921978
0.9999997,0.0010459678,-0.0017355962,249.16766,-0.0010220754,0.9999075,0.01371212,0.7723453,0.001749771,-0.013710303,0.9999057,3.4173024
1.0000002,0.00069666654,-0.0016420549,250.719,-0.0006732994,0.9999011,0.014190101,0.7777245,0.0016517714,-0.014188957,0.9998992,3.4410021
1.0000004,0.0008181833,-0.0014614458,252.2653,-0.0007956075,0.99988335,0.015384049,0.78150976,0.0014738559,-0.015382849,0.99988186,3.462277
1.0000006,0.0007194178,-0.0013972669,253.82623,-0.00069585216,0.9998607,0.016795611,0.7878075,0.0014091491,-0.016794601,0.9998593,3.48802
1.0000004,0.0011709544,-0.0012611509,255.33598,-0.0011489878,0.99985194,0.017282505,0.7940253,0.0012811954,-0.017281014,0.99985117,3.504551
1.0000008,0.0009829971,-0.0010831598,256.9131,-0.00096529274,0.9998698,0.01622909,0.7961123,0.0010989665,-0.016228013,0.99986905,3.5324051
1.0000012,0.0010652766,-0.00044202688,258.47934,-0.0010587348,0.9998956,0.01455177,0.7976856,0.00045747845,-0.014551279,0.99989545,3.5502024
1.000001,0.0012749898,0.0005466279,260.0203,-0.0012811796,0.99993545,0.0114707,0.80265063,-0.00053196907,-0.011471378,0.99993557,3.578263
1.0000015,0.0008688944,-0.00022816562,261.54553,-0.00086654956,0.9999507,0.0100968825,0.80619633,0.00023692413,-0.010096671,0.9999505,3.5967093
1.0000007,0.00084242475,-0.0013280236,263.1029,-0.0008297705,0.99995655,0.009502972,0.8047221,0.0013359654,-0.009501848,0.99995553,3.6219904
1.0000013,0.0011865654,0.0002692492,264.65497,-0.0011885951,0.99997205,0.0076552816,0.80790347,-0.00026016042,-0.0076555866,0.9999723,3.6462324
0.99999917,0.0014037514,0.001963277,266.17365,-0.0014132533,0.99998933,0.0048452034,0.81011575,-0.0019564526,-0.004847956,0.999988,3.6596553
0.9999996,0.0015183276,0.0016398161,267.72852,-0.0015246331,0.9999935,0.0038490882,0.8064837,-0.0016339598,-0.0038515711,0.99999297,3.6830668
1.0000006,0.0016197866,0.00056529045,269.26782,-0.0016214963,0.9999961,0.0030319788,0.81028265,-0.00056037836,-0.0030328839,0.9999969,3.7033253
0.99999857,0.0025850134,0.00028680736,270.84097,-0.0025861296,0.9999909,0.0039522643,0.8148854,-0.00027659003,-0.003952985,0.9999938,3.7231505
0.9999961,0.0033998522,0.00041962008,272.35953,-0.0034022843,0.99997866,0.0059311553,0.8213754,-0.00039944774,-0.0059325406,0.99998397,3.7450073
0.999993,0.0042380546,5.3926153e-05,273.9038,-0.004238336,0.9999672,0.007189641,0.82379115,-2.3456836e-05,-0.0071897972,0.9999758,3.7648005
0.99998635,0.005599524,-0.00013410143,275.46222,-0.0055981227,0.9999473,0.008843594,0.82435435,0.00018361122,-0.008842697,0.99996257,3.7885923
0.999984,0.0060088537,-0.0003439568,277.00775,-0.0060054846,0.99994284,0.009086211,0.82563716,0.00039853124,-0.009083973,0.99996036,3.8101087
0.9999767,0.0070649683,-0.0010357617,278.55997,-0.007054832,0.9999323,0.009487699,0.8250151,0.0011027163,-0.009480141,0.99995613,3.8324687
0.9999705,0.007812301,-0.0014855537,280.10294,-0.0077983593,0.99992967,0.009172664,0.81953585,0.0015571021,-0.00916078,0.9999585,3.8579073
0.9999648,0.008537707,-0.0013777161,281.64844,-0.0085249245,0.999925,0.009034506,0.8137531,0.0014547403,-0.009022416,0.99995995,3.8814933
0.9999543,0.009784924,-0.00028072984,283.19888,-0.009782531,0.99992585,0.007547486,0.80447525,0.00035455712,-0.007544371,0.99997324,3.9046402
0.99995637,0.009575088,8.278171e-05,284.7475,-0.009575424,0.99993676,0.0062618647,0.79390746,-2.2821087e-05,-0.006262363,0.9999821,3.928073
0.99994665,0.010306821,-0.00222411,286.2978,-0.010294755,0.9999348,0.0053731925,0.78326094,0.0022793368,-0.00534999,0.99998486,3.954751
0.9999473,0.009547397,-0.004322322,287.84164,-0.009524556,0.99994296,0.005275983,0.77001375,0.004372433,-0.005234518,0.99997854,3.976484
0.9999537,0.008779973,-0.0044741076,289.39343,-0.008757627,0.9999514,0.004991466,0.76242536,0.0045177,-0.0049520344,0.9999793,4.00011
0.9999541,0.008770468,-0.0044008456,290.94427,-0.008753396,0.99995637,0.003885338,0.7541857,0.004434715,-0.0038466228,0.99998456,4.028743
0.99996406,0.0071202945,-0.0050580124,292.50916,-0.0071008257,0.99996954,0.0038581344,0.74653316,0.0050853128,-0.0038220652,0.9999815,4.055674
0.999964,0.00696136,-0.005287188,294.0756,-0.0069392375,0.99996936,0.0041925185,0.74169904,0.0053161946,-0.004155663,0.999979,4.0833793
0.9999712,0.0060344026,-0.0050598104,295.6474,-0.006012085,0.9999744,0.0044160313,0.74070096,0.0050863125,-0.0043854676,0.99997926,4.1087136
0.999977,0.0051663723,-0.004882568,297.22333,-0.0051472345,0.99998134,0.0039257566,0.73437303,0.004902743,-0.0039005193,0.9999822,4.138764
0.99998486,0.0045680525,-0.0037342187,298.80627,-0.004553789,0.9999846,0.0038215239,0.72919124,0.0037516053,-0.0038044464,0.99998754,4.164531
0.99999344,0.0035279782,-0.002278161,300.38425,-0.003516992,0.99998456,0.0048120213,0.73517966,0.0022950934,-0.00480396,0.9999876,4.1894627
0.99998987,0.0043973424,-0.0023537646,301.97586,-0.004384771,0.9999786,0.0053231493,0.73389983,0.0023771124,-0.0053127557,0.99998486,4.21283
0.99998677,0.004970958,-0.00253542,303.56528,-0.004955926,0.99997264,0.005904066,0.73789346,0.0025646891,-0.0058914013,0.99998116,4.2362494
0.99998385,0.0054478818,-0.0027015887,305.15842,-0.005434183,0.9999748,0.0050553177,0.73168325,0.0027290506,-0.005040536,0.9999854,4.2586617
0.99997765,0.0059283846,-0.0037778132,306.75665,-0.00591796,0.999981,0.0027668693,0.720706,0.0037941309,-0.002744438,0.9999909,4.280707
0.99996907,0.0060236817,-0.0055030487,308.3483,-0.006017906,0.99998367,0.0010669156,0.71275634,0.0055093667,-0.0010337582,0.9999862,4.311507
0.9999619,0.0060451827,-0.0066644833,309.9551,-0.006039515,0.9999837,0.00087141973,0.70659876,0.006669621,-0.00083112915,0.9999794,4.3382754
0.99996716,0.0038219688,-0.007471872,311.56696,-0.0038100488,0.9999938,0.001610094,0.7088845,0.007477955,-0.0015815638,0.9999728,4.3707194
0.9999762,0.00166989,-0.0070401453,313.17896,-0.001653387,0.9999982,0.0023506067,0.709609,0.0070440355,-0.0023388995,0.9999745,4.400654
0.99999243,0.0018263943,-0.0040864963,314.79666,-0.0018125906,0.999995,0.0033812989,0.71172965,0.004092637,-0.003373852,0.99998796,4.426604
1.0000011,0.0014239805,-0.00087795657,316.42712,-0.0014220104,0.9999988,0.0022510435,0.71025896,0.0008811555,-0.0022497866,0.9999991,4.4546795
1.0000001,0.0021362416,-6.792558e-05,318.04935,-0.0021361616,0.9999992,0.00129128,0.710974,7.068084e-05,-0.001291127,1.0000012,4.476901
1.0000001,0.0018649468,-0.001056497,319.67966,-0.0018645291,1.0000005,0.00040514063,0.7098581,0.0010572475,-0.000403165,1.0000014,4.5032043
0.9999979,0.0026645423,-0.0013954174,321.303,-0.002664836,0.99999875,-0.00020192532,0.7072823,0.0013948712,0.00020564758,1.0000011,4.5226088
0.99999887,0.0024225991,-0.0011188422,322.94067,-0.0024231588,0.9999993,-0.00049083825,0.7067874,0.0011176466,0.0004935521,1.0000013,4.5469136
0.9999976,0.002967476,-0.0009850147,324.56558,-0.0029679858,0.99999785,-0.00050709787,0.70273334,0.0009835024,0.0005100234,1.0000014,4.5778112
0.99999344,0.0038661729,-0.0017710237,326.18433,-0.0038646036,0.9999945,0.0008937955,0.70900244,0.0017744619,-0.0008869381,1.0000001,4.601111
0.99999106,0.004080259,-0.0024978614,327.8122,-0.004076575,0.99999297,0.0014818485,0.71018654,0.0025038805,-0.0014716437,0.99999785,4.6287317
0.9999878,0.005337946,-0.0009877575,329.43225,-0.0053372215,0.9999879,0.00074412377,0.705209,0.0009917121,-0.0007388359,1.0000013,4.6559854
0.9999904,0.004925841,0.00015856019,331.0557,-0.004925754,0.99999017,-0.00060236634,0.6995715,-0.00016152799,0.0006015826,1.0000019,4.6816564
0.99998987,0.0049456083,-0.00092415407,332.6773,-0.0049465015,0.9999898,-0.0009564704,0.6957731,0.0009194089,0.000961034,1.0000012,4.707738
0.9999868,0.005538347,-0.0008863351,334.29333,-0.005538646,0.9999871,-0.0003254725,0.6946085,0.00088451576,0.00033038104,1.0000017,4.739656
0.9999863,0.004865154,-0.002993701,335.9103,-0.00486089,0.9999896,0.0014329246,0.694733,0.00300063,-0.0014183442,0.99999666,4.7524905
0.9999762,0.0046737688,-0.0055702375,337.52356,-0.0046544475,0.9999856,0.00347821,0.701961,0.005586395,-0.0034521865,0.9999806,4.790975
0.99998325,0.003453281,-0.0051821857,339.1315,-0.0034295456,0.99998605,0.004583988,0.701943,0.005197926,-0.004566121,0.9999783,4.8195777
0.99999666,0.0026903958,-0.002181514,340.74738,-0.002679235,0.9999858,0.005107431,0.7005521,0.002195215,-0.0051015494,0.9999869,4.8529825
1.0000004,0.0020511567,0.0005987005,342.35153,-0.0020548957,0.99998057,0.0062959488,0.7088301,-0.0005857759,-0.006297158,0.9999823,4.87412
1.0000026,0.00024679222,-0.00024796723,343.96136,-0.00024508813,0.9999787,0.0068901195,0.7164015,0.000249659,-0.006890052,0.9999785,4.8987703
1.0000007,-0.0009445971,-0.0017145426,345.5589,0.00095601345,0.99997973,0.0066762036,0.7264169,0.0017081939,-0.0066778236,0.99997854,4.9259996
0.99999744,-0.0031372427,-0.0007842524,347.16177,0.0031414626,0.99998266,0.0054530464,0.73317885,0.0007671264,-0.005455476,0.9999871,4.9480376
0.9999942,-0.004098113,8.563352e-05,348.7591,0.004097759,0.9999873,0.003680746,0.742192,-0.000100719,-0.0036803586,0.9999955,4.9805293
0.9999944,-0.003996005,-0.0007024952,350.358,0.0039983597,0.9999887,0.003400167,0.7557226,0.0006888955,-0.0034029423,0.99999624,5.0037775
0.9999905,-0.0047180555,-0.0014326024,351.95688,0.0047223107,0.9999869,0.002989653,0.7681735,0.0014184715,-0.0029963762,0.99999684,5.031311
0.9999915,-0.004379703,-0.0017883306,353.55054,0.0043847724,0.99998885,0.0028468112,0.7849089,0.0017758347,-0.002854615,0.9999967,5.051716
0.99998975,-0.004747013,-0.0018174176,355.1532,0.004751034,0.9999888,0.002221045,0.79680437,0.0018068459,-0.0022296454,0.9999983,5.0809126
0.9999879,-0.004909378,-0.0023501932,356.7468,0.004913236,0.99998915,0.0016432498,0.80706924,0.002342091,-0.0016547667,0.99999833,5.1118813
0.9999884,-0.004478812,-0.0029612826,358.3357,0.0044830353,0.99999154,0.0014246618,0.82269424,0.0029548658,-0.0014379112,0.9999971,5.140285
0.99998724,-0.004842547,-0.0027851628,359.9294,0.0048452504,0.9999904,0.000968741,0.83516896,0.0027804342,-0.0009822152,0.99999815,5.1680017
0.99998724,-0.004241692,-0.003649378,361.522,0.0042457334,0.999993,0.0011032528,0.8499045,0.0036446596,-0.0011187241,0.9999953,5.190088
0.9999815,-0.0047460683,-0.004491713,363.1154,0.004746286,0.9999914,4.0133717e-05,0.8590384,0.0044914684,-6.1446335e-05,0.9999925,5.2249017
0.99998516,-0.0047892733,-0.0035322905,364.70975,0.004783731,0.99999,-0.0015729403,0.870115,0.0035397757,0.0015560201,0.9999951,5.246548
0.9999912,-0.00436522,-0.00206704,366.31104,0.004357421,0.9999862,-0.003757688,0.87966496,0.002083406,0.0037486423,0.9999934,5.280493
0.9999873,-0.004765605,-0.0029138324,367.90363,0.0047547277,0.9999845,-0.0037249892,0.8919781,0.002931528,0.003711082,0.99999136,5.30533
0.9999886,-0.0039019333,-0.0036630374,369.51028,0.0038926362,0.99999195,-0.0025389215,0.91021323,0.0036729013,0.002524632,0.99999255,5.330965
0.9999903,-0.0040663127,-0.002969709,371.1068,0.0040631215,0.9999939,-0.0010763229,0.9223972,0.0029740564,0.0010642488,0.9999975,5.355036
0.9999957,-0.0031243155,-0.0021994205,372.7139,0.003124418,0.9999979,4.7715497e-05,0.9383052,0.002199258,-5.4580858e-05,1.0000001,5.380698
0.999995,-0.0032890406,-0.0022940845,374.31522,0.0032902085,0.99999726,0.0005098349,0.9515793,0.0022923923,-0.0005173725,0.9999998,5.4062634
0.9999941,-0.0030801215,-0.002908955,375.91724,0.003081819,0.9999979,0.00058267295,0.96519953,0.0029071432,-0.0005916263,0.99999815,5.4340053
0.99999475,-0.0022487491,-0.0034085154,377.5248,0.0022518274,0.9999999,0.00090237136,0.9758942,0.003406473,-0.00091003283,0.99999636,5.459931
0.9999944,-0.0024129031,-0.0034074576,379.13104,0.0024172694,0.9999991,0.0012807252,0.9865356,0.0034043514,-0.0012889444,0.99999595,5.4876814
0.9999959,-0.001716847,-0.0033873443,380.73416,0.0017248336,0.99999857,0.002359059,0.9948703,0.0033832765,-0.0023648778,0.99999404,5.515291
0.99999714,-0.0018601514,-0.0029111276,382.33942,0.0018699935,0.99999535,0.003385018,1.005934,0.0029048065,-0.0033904347,0.99999255,5.5414567
0.9999965,-0.0016126349,-0.0032817437,383.94424,0.0016267275,0.9999923,0.004298969,1.0140556,0.0032747737,-0.0043042717,0.9999879,5.5701985
0.9999955,-0.00063467433,-0.0038485583,385.5572,0.00065498456,0.99998873,0.005280746,1.0236238,0.0038451494,-0.005283219,0.99998116,5.59904
0.9999957,-0.00078352884,-0.0037685905,387.1739,0.0008070096,0.99998313,0.006235569,1.0254451,0.0037636275,-0.0062385555,0.9999759,5.6265073
0.99999845,-1.7111539e-05,-0.0030553245,388.7927,3.9530336e-05,0.999976,0.0073406138,1.0361722,0.003055114,-0.0073406915,0.99997085,5.65242
0.9999997,-0.00026323483,-0.0026317884,390.41986,0.00028522013,0.99996793,0.008360263,1.042101,0.0026294936,-0.0083609745,0.99996406,5.6784277
0.99999875,0.00010282939,-0.0030053314,392.04715,-7.46946e-05,0.9999591,0.009363175,1.049975,0.0030061603,-0.009362898,0.99995416,5.7055297
0.9999989,0.0009057502,-0.0028292208,393.68094,-0.0008786457,0.99995685,0.009569809,1.0614526,0.002837756,-0.00956727,0.9999528,5.732696
