'04':
  ARE: 0.0007751117768780511
  ATE: 0.015857549053557466
  STD_ARE: 0.00043102348261683885
  STD_ATE: 0.009920697532977443
  nsecs_per_frame: 0.8273398981762988
  rot_err: 2.786633327064292e-05
  tr_err: 0.00413918564735077
AVG:
  ARE: 0.0007751117768780511
  ATE: 0.015857549053557466
  STD_ARE: 0.00043102348261683885
  STD_ATE: 0.009920697532977443
  nsecs_per_frame: 0.8273398981762988
  rot_err: 2.786633327064292e-05
  tr_err: 0.00413918564735077
