'04':
  ARE: 0.0008492991988790046
  ATE: 0.02187388514539781
  STD_ARE: 0.000492716136029829
  STD_ATE: 0.02402384758930937
  nsecs_per_frame: 0.4247218410027423
  rot_err: 3.606602445739842e-05
  tr_err: 0.006152359182846959
AVG:
  ARE: 0.0008492991988790046
  ATE: 0.02187388514539781
  STD_ARE: 0.000492716136029829
  STD_ATE: 0.02402384758930937
  nsecs_per_frame: 0.4247218410027423
  rot_err: 3.606602445739842e-05
  tr_err: 0.006152359182846959
