'06':
  ARE: 0.0007061275071553124
  ATE: 0.011500572721519981
  STD_ARE: 0.00045279279733034214
  STD_ATE: 0.00799695345143377
  nsecs_per_frame: 0.46604866920873106
  rot_err: 1.8332851785816414e-05
  tr_err: 0.0030740778241328186
AVG:
  ARE: 0.0007061275071553124
  ATE: 0.011500572721519981
  STD_ARE: 0.00045279279733034214
  STD_ATE: 0.00799695345143377
  nsecs_per_frame: 0.46604866920873106
  rot_err: 1.8332851785816414e-05
  tr_err: 0.0030740778241328186
