0,1,2,3,4,5,6,7,8,9,10,11
1.0,0.0,0.0,0.0,0.0,1.0,0.0,0.0,0.0,0.0,1.0,0.0
0.9999873,0.0016873034,-0.0047414764,0.9680541,-0.0016799874,0.9999974,0.0015465284,0.005604621,0.004744074,-0.0015385433,0.99998754,0.012561808
0.99998116,0.002571061,-0.0055650193,1.9287459,-0.002571945,0.99999666,-0.00015173038,0.0061681177,0.0055646105,0.00016604026,0.9999845,0.028258499
0.9999932,0.0029419602,-0.0022175459,2.8940792,-0.0029461086,0.9999939,-0.001869866,0.0058375397,0.0022120306,0.0018763863,0.9999958,0.039784446
0.999994,0.0013304405,0.0032015783,3.850256,-0.0013118527,0.99998236,-0.0058007585,0.0019902652,-0.0032092403,0.0057965233,0.9999781,0.05192846
0.9999925,4.4198358e-05,0.003879368,4.791998,-1.2261677e-05,0.99996614,-0.008231951,-0.0013656433,-0.0038796018,0.008231841,0.99995863,0.06601226
0.9999996,-2.1527776e-05,0.0009413749,5.733395,3.1316045e-05,0.999946,-0.010398522,-0.0021551445,-0.0009411012,0.010398545,0.9999456,0.07553179
0.9999959,-0.0018549822,-0.0021967075,6.667541,0.0018327872,0.9999478,-0.0100632915,0.0011548825,0.0022152588,0.010059223,0.999947,0.08703995
0.99999124,-0.0027418952,-0.0031568718,7.5989885,0.002709253,0.9999434,-0.010298511,0.0070657968,0.003184929,0.010289867,0.99994206,0.10044657
0.9999946,-0.002868883,-0.0016048391,8.524997,0.002852148,0.9999426,-0.010335212,0.013770586,0.0016343961,0.010330578,0.9999454,0.112260275
0.99999124,-0.004124758,0.00074549444,9.452804,0.004132227,0.9999384,-0.010310369,0.023152836,-0.00070292223,0.010313358,0.99994665,0.1252151
0.99998343,-0.005261232,0.0023105338,10.376563,0.005284295,0.99993527,-0.010091083,0.030428696,-0.0022572938,0.010103126,0.99994653,0.13780914
0.99998116,-0.005247906,0.0031774857,11.29868,0.005284581,0.9999184,-0.0116455555,0.03608011,-0.003116113,0.011662127,0.9999273,0.14787877
0.99997246,-0.0065948227,0.0034015276,12.211435,0.006635504,0.99990505,-0.012089878,0.04701195,-0.0033214756,0.012112116,0.99992126,0.15973824
0.9999714,-0.0072233537,0.002230975,13.1227,0.007251026,0.9998938,-0.012654585,0.05738038,-0.0021393313,0.012670401,0.9999175,0.1689838
0.9999659,-0.008241871,0.00042622254,14.024118,0.008246859,0.9998758,-0.013440609,0.0633403,-0.00031539568,0.013443668,0.99990964,0.17874739
0.999949,-0.01003406,-0.0011002991,14.932927,0.010017522,0.9998501,-0.014129379,0.0775006,0.0012419074,0.014117638,0.99989957,0.18970592
0.9999318,-0.011518445,-0.0018682742,15.833654,0.011492959,0.9998479,-0.013123581,0.09033849,0.0020191513,0.013101216,0.9999121,0.2015539
0.9999117,-0.0129988035,-0.0027074416,16.732128,0.0129653,0.9998435,-0.012045892,0.10481915,0.0028635983,0.01200973,0.9999237,0.21495587
0.99988514,-0.014875642,-0.002855895,17.636417,0.014843377,0.99982935,-0.011005486,0.12550335,0.0030191196,0.010961835,0.9999353,0.22765149
0.9998676,-0.016109232,-0.0022041183,18.52475,0.016083416,0.9998072,-0.011268763,0.14301145,0.0023852226,0.011231827,0.999934,0.24101432
0.99985534,-0.01696157,-0.0011223903,19.412146,0.016948065,0.99979466,-0.011112889,0.1599478,0.00131065,0.011092264,0.99993753,0.25408655
0.9998245,-0.01871423,-0.00053350395,20.300907,0.018707622,0.99977016,-0.01047671,0.18115532,0.00072944316,0.0104648955,0.9999449,0.26695663
0.999795,-0.02023337,-0.00043534758,21.183502,0.020227617,0.99973917,-0.010612982,0.19983853,0.0006499686,0.010602005,0.99994355,0.2810104
0.99976605,-0.021609373,-0.000770259,22.051575,0.021600395,0.9997147,-0.010207016,0.22129941,0.0009906046,0.010187994,0.99994755,0.29367915
0.99974006,-0.022780905,-0.0007161161,22.927784,0.022772633,0.99969095,-0.009978548,0.24489862,0.0009432133,0.009959649,0.99994993,0.30534333
0.9997264,-0.023367258,0.0008176805,23.785212,0.023374343,0.9996756,-0.010125729,0.26734382,-0.0005808066,0.010142075,0.9999484,0.31453803
0.9996895,-0.024647769,0.003580062,24.63949,0.024686377,0.9996329,-0.0111739505,0.29276454,-0.0033033367,0.011258864,0.99993116,0.3270082
0.9996771,-0.024944201,0.0047894446,25.487217,0.02499494,0.99962884,-0.010843508,0.31753182,-0.0045171864,0.010959722,0.9999298,0.33736855
0.9996644,-0.02557675,0.00405027,26.324663,0.025616668,0.9996206,-0.010131217,0.34265897,-0.0037896119,0.010231574,0.9999406,0.3475685
0.9996422,-0.026682086,0.0017376536,27.136871,0.026696654,0.9996034,-0.008981779,0.37290692,-0.001497313,0.009024959,0.9999582,0.35730165
0.9996216,-0.027494501,0.00016106544,27.947342,0.027494892,0.9995874,-0.008328229,0.40151843,6.798065e-05,0.00832951,0.99996537,0.3667494
0.9996049,-0.028097888,-0.00025325236,28.75449,0.02809503,0.9995744,-0.007871516,0.42793268,0.00047431677,0.007861292,0.99996907,0.37521625
0.9995614,-0.029594237,-0.00071619183,29.546268,0.029587582,0.9995304,-0.0079921475,0.4579332,0.00095237634,0.007967453,0.9999679,0.39011502
0.99949855,-0.031619243,-0.001538667,30.328205,0.031607088,0.9994734,-0.007373116,0.48747507,0.0017709885,0.007320787,0.99997175,0.40378565
0.9994541,-0.03298548,-0.0017294474,31.103022,0.03297239,0.9994311,-0.007120627,0.51588535,0.0019633404,0.007059716,0.9999733,0.41745654
0.9993741,-0.035359427,-0.0007942408,31.860426,0.03535305,0.99935067,-0.0069825565,0.5499794,0.0010406238,0.0069501083,0.9999755,0.42723727
0.99930674,-0.03720719,0.0010484895,32.60983,0.037213974,0.99928,-0.007412194,0.5789016,-0.0007719487,0.007446075,0.99997216,0.4380241
0.999246,-0.038742784,0.0024283812,33.35462,0.03875861,0.9992254,-0.0068382956,0.60905504,-0.0021615669,0.0069272607,0.9999739,0.44803017
0.9991443,-0.041255284,0.0028250094,34.085217,0.04127132,0.9991309,-0.0058659627,0.64845496,-0.002580554,0.0059775356,0.99997896,0.46041387
0.9990845,-0.042720925,0.0021254532,34.80628,0.042727903,0.99908125,-0.0033409733,0.6877488,-0.0019807725,0.00342873,0.9999923,0.46884614
0.9989944,-0.044806454,0.0013774375,35.513077,0.044808842,0.9989942,-0.0017327436,0.72867954,-0.0012984152,0.0017927213,0.9999977,0.47684833
0.9989327,-0.04612914,0.0021907524,36.21157,0.046132002,0.9989346,-0.0012605819,0.7655731,-0.0021302707,0.001360299,0.9999969,0.48345238
0.99889845,-0.046760846,0.0038306867,36.904377,0.046761416,0.99890614,-5.2464195e-05,0.80016077,-0.0038240459,0.00023153296,0.9999927,0.49263787
0.9988594,-0.04754329,0.0043463283,37.58816,0.047529828,0.9988649,0.0031551118,0.8439099,-0.0044914023,-0.002944936,0.9999856,0.5006653
0.9989191,-0.046412554,0.0023883458,38.249786,0.046396993,0.9989038,0.006210015,0.88634086,-0.0026739533,-0.0060924953,0.9999778,0.51148915
0.99901843,-0.044282913,-0.0007039379,38.90518,0.04428727,0.9989839,0.008356581,0.9201053,0.0003331668,-0.008379559,0.9999648,0.51845074
0.9991031,-0.04225667,-0.0025844825,39.554684,0.04227764,0.99906826,0.008679077,0.954618,0.0022153237,-0.008780563,0.999959,0.5243389
0.99922013,-0.03942623,-0.0020204382,40.196323,0.039444126,0.99917436,0.009744963,0.9853284,0.0016345608,-0.009817061,0.9999505,0.53228426
0.9993597,-0.03576592,0.0005732411,40.83837,0.035754316,0.9992613,0.014092665,1.0149587,-0.0010768577,-0.014063151,0.9999006,0.5435442
0.99946296,-0.032520816,0.003957406,41.46561,0.03244035,0.99929434,0.018937279,1.0489461,-0.004570473,-0.018798735,0.9998129,0.55115545
0.9995941,-0.028033892,0.005015846,42.070114,0.02790878,0.99933463,0.023483815,1.0793792,-0.0056708558,-0.023334304,0.9997117,0.5608259
0.99973136,-0.022527158,0.00538741,42.657307,0.022371428,0.9993741,0.027404802,1.0988843,-0.0060013942,-0.027276926,0.99960995,0.565122
0.9998277,-0.017001854,0.007403499,43.227116,0.01676486,0.9993795,0.030976705,1.1227987,-0.007925571,-0.030847259,0.99949276,0.56910247
0.9999062,-0.010441821,0.008833509,43.782436,0.010115898,0.99929446,0.036169976,1.1381165,-0.009204961,-0.036077235,0.99930674,0.5745106
0.9999548,-0.0030661519,0.008965768,44.314564,0.0027127443,0.99922895,0.039167874,1.1452731,-0.009078953,-0.039141793,0.9991926,0.5809146
0.99994844,0.003956614,0.009325009,44.829136,-0.0043446478,0.9991095,0.041966293,1.1560036,-0.009150664,-0.042004652,0.99907565,0.5865914
0.9998919,0.0114322165,0.009227354,45.319523,-0.011852204,0.9988329,0.046822906,1.1619229,-0.008681297,-0.046927214,0.9988607,0.59166807
0.99978906,0.019242905,0.007157322,45.787453,-0.019587766,0.99846953,0.051721215,1.158805,-0.006151103,-0.05185051,0.99863607,0.59345984
0.9996202,0.027114864,0.0048748865,46.237366,-0.027334183,0.99823844,0.052660257,1.1534061,-0.0034384236,-0.052773524,0.9986007,0.60083
0.999357,0.035511144,0.0049037123,46.661404,-0.0357228,0.9979305,0.053467654,1.1405836,-0.0029948666,-0.053608462,0.99855775,0.6015564
0.9990594,0.042888463,0.0063501806,47.070747,-0.043164,0.9976783,0.05268021,1.1240318,-0.0040760646,-0.052904774,0.9985915,0.60972
0.99867326,0.050913207,0.0076815784,47.44998,-0.051254448,0.99722755,0.05394782,1.1078073,-0.0049136267,-0.054269977,0.9985145,0.61247295
0.99818194,0.05966123,0.008534026,47.80929,-0.060048036,0.9966106,0.056229115,1.0922058,-0.0051504048,-0.056639347,0.9983817,0.6160813
0.997631,0.068207674,0.008917016,48.13931,-0.06862718,0.9957612,0.06123778,1.0806643,-0.0047023343,-0.061704665,0.99808365,0.6201709
0.996964,0.07722888,0.009897175,48.445778,-0.077712744,0.9948278,0.065409966,1.0618511,-0.0047944486,-0.06598053,0.99780965,0.62311894
0.9961835,0.08660687,0.010820725,48.73892,-0.08712794,0.99409443,0.06469254,1.0309892,-0.0051540066,-0.06538845,0.99784684,0.6294305
0.99522924,0.09704172,0.010059353,49.007576,-0.09748736,0.9931958,0.06370654,1.004718,-0.0038087172,-0.06438328,0.99791825,0.63534135
0.9939725,0.109421305,0.0067250617,49.2731,-0.10962773,0.9920306,0.06210614,0.96557194,0.00012426713,-0.062469054,0.9980471,0.6394535
0.9924271,0.12277794,0.0036812215,49.539085,-0.12276765,0.9904741,0.062364127,0.93257004,0.004010785,-0.06234379,0.99804693,0.6422675
0.99041337,0.13810815,0.0026474367,49.797913,-0.1379937,0.98836696,0.06394207,0.8944072,0.0062142825,-0.06369442,0.9979504,0.64390945
0.98800397,0.1544042,0.002675947,50.06005,-0.15424703,0.98586476,0.06541205,0.84844804,0.0074617746,-0.065040134,0.99785507,0.649815
0.9852042,0.17136264,0.0026977279,50.307396,-0.17116787,0.9830505,0.06567698,0.8036898,0.008602578,-0.065167,0.9978376,0.65435576
0.98191214,0.18931656,0.0027515253,50.55502,-0.1890921,0.9798026,0.06504811,0.74693865,0.009618733,-0.06439182,0.9978787,0.6601379
0.97800153,0.20857184,0.0032659122,50.806065,-0.20835012,0.97596025,0.06396953,0.6824055,0.010154841,-0.06324274,0.99794686,0.66675377
0.9735262,0.22854741,0.003553903,51.046173,-0.22830151,0.9714832,0.06402435,0.6229162,0.011180041,-0.06314074,0.9979423,0.6707591
0.9682444,0.24998143,0.0034340378,51.29169,-0.24966599,0.9661251,0.06534144,0.5543924,0.013016436,-0.06412385,0.9978574,0.67402273
0.96207345,0.2727683,0.0034522605,51.54234,-0.27238995,0.9599,0.06630261,0.46981722,0.014771422,-0.06472834,0.9977939,0.68036664
0.9548552,0.29703966,0.004335971,51.778706,-0.29665226,0.95263183,0.06701054,0.3876318,0.0157742,-0.06527162,0.99774325,0.6888366
0.946511,0.3226105,0.0062694284,52.022762,-0.3222497,0.94410247,0.069469325,0.30047274,0.016492544,-0.06777379,0.9975648,0.69572204
0.93680084,0.3497678,0.008153523,52.276665,-0.34943274,0.93423975,0.071366966,0.19632459,0.017344512,-0.069705725,0.9974172,0.7053227
0.9257185,0.3780988,0.009287099,52.51635,-0.37775645,0.92311656,0.07180651,0.0928003,0.018576872,-0.06998087,0.9973757,0.7135756
0.91287726,0.40813082,0.00916154,52.74977,-0.40773037,0.91040796,0.07009607,-0.024587229,0.02026762,-0.06772454,0.9974986,0.7254689
0.8976953,0.44054732,0.007800535,52.986782,-0.44003627,0.89546454,0.06716843,-0.17708737,0.022605762,-0.0637293,0.99771154,0.7374771
0.8803538,0.4742838,0.005630511,53.20918,-0.4735886,0.8782815,0.06584557,-0.31309146,0.026284311,-0.06063394,0.9978143,0.7467635
0.8607087,0.50908077,0.0041187317,53.456547,-0.50817865,0.8586412,0.067006536,-0.47934818,0.030575223,-0.059766155,0.99774444,0.75561994
0.8389439,0.5442083,0.0031769676,53.680527,-0.54312354,0.8368728,0.068270594,-0.63950723,0.034494705,-0.059000675,0.9976621,0.76363754
0.8145736,0.5800468,0.003893908,53.913723,-0.57883,0.81239104,0.070545904,-0.8265072,0.037756544,-0.05971873,0.9975013,0.7755094
0.78768575,0.6160401,0.006721683,54.16096,-0.6147516,0.785229,0.074134536,-1.0442791,0.04039178,-0.062526874,0.99722594,0.7909128
0.7579989,0.6521727,0.010391587,54.399673,-0.6508417,0.75521106,0.077854715,-1.2487986,0.042926867,-0.065777056,0.99691087,0.80127907
0.72512656,0.688501,0.012546069,54.63204,-0.68713635,0.7222551,0.07868377,-1.4998727,0.04511238,-0.06567654,0.996821,0.8189168
0.68870133,0.72491294,0.013832485,54.87836,-0.72360206,0.6860023,0.07616328,-1.7907255,0.04572261,-0.06246296,0.99699974,0.8406727
0.6494887,0.76022065,0.015116017,55.107147,-0.7589463,0.646927,0.07406633,-2.0742025,0.04652778,-0.059577495,0.9971391,0.86142904
0.6073179,0.7942871,0.01650441,55.33589,-0.7929992,0.6048125,0.07317117,-2.4149513,0.04813683,-0.05752615,0.99718314,0.8773077
0.5616351,0.82721454,0.016782666,55.539085,-0.82585025,0.55924284,0.07224084,-2.747857,0.050373077,-0.054432955,0.9972463,0.9006056
0.5135352,0.85789007,0.017483447,55.739338,-0.8565217,0.51128,0.070450075,-3.1264195,0.051499482,-0.05115354,0.9973624,0.92515105
0.46452773,0.8853248,0.020331202,55.941246,-0.8841152,0.46233782,0.06770455,-3.5430021,0.050540637,-0.049425762,0.9974986,0.95184493
0.4153441,0.9093319,0.024575323,56.1105,-0.90835464,0.4131452,0.06482897,-3.9447877,0.04879788,-0.04924944,0.99759406,0.9779431
0.36569005,0.9302286,0.030733924,56.275654,-0.9294876,0.36328965,0.06382223,-4.386078,0.048203956,-0.051905964,0.9974882,0.9956513
0.31596383,0.9482293,0.032046974,56.423523,-0.9474174,0.3135288,0.06402992,-4.8615923,0.0506674,-0.050593004,0.9974336,1.0097877
0.26840007,0.96297544,0.025273167,56.528587,-0.96196187,0.26654622,0.05985324,-5.325771,0.05090074,-0.040376432,0.9978875,1.0483762
0.22373639,0.9745253,0.015541737,56.60685,-0.9734096,0.22261879,0.053986322,-5.8172,0.049151156,-0.027207166,0.9984211,1.0745438
0.18063243,0.98351294,0.008554632,56.682262,-0.982331,0.1799682,0.05135305,-6.346693,0.04896683,-0.017679483,0.99864423,1.1111538
0.14238302,0.98978555,0.007111204,56.73832,-0.9884551,0.14180782,0.053355765,-6.861774,0.05180234,-0.014626036,0.9985506,1.1210947
0.10859129,0.99408543,0.0010607317,56.786476,-0.9926795,0.10838037,0.053300336,-7.3916783,0.052870125,-0.006840888,0.99857837,1.1583866
0.07896989,0.9968604,-0.0056711105,56.81306,-0.9955305,0.0791571,0.05150678,-7.953423,0.051793974,0.0015783166,0.9986569,1.1934586
0.053425975,0.9985207,-0.01005931,56.832394,-0.99731344,0.05386107,0.049645197,-8.51745,0.05011355,0.007379984,0.99871665,1.2217053
0.033383038,0.9993362,-0.014555678,56.839203,-0.9982417,0.03405266,0.04851434,-9.090952,0.048977777,0.012910577,0.9987169,1.2500458
0.016954025,0.9997329,-0.015678873,56.84333,-0.99861914,0.017710319,0.049456473,-9.681793,0.04972092,0.014818786,0.9986537,1.2801241
0.0035887416,0.9998633,-0.016109897,56.845005,-0.9987503,0.004386387,0.049781654,-10.269941,0.049845498,0.01591116,0.99863064,1.3092655
-0.008614785,0.9998365,-0.01587038,56.841164,-0.9986931,-0.0078036794,0.05050725,-10.874602,0.050375126,0.016284794,0.9985981,1.3353546
-0.017704811,0.99964416,-0.01993323,56.824303,-0.9984308,-0.01661745,0.053475466,-11.495377,0.05312518,0.020848773,0.9983707,1.3732617
-0.024757247,0.999418,-0.023452098,56.800816,-0.9982171,-0.0234399,0.054890607,-12.124972,0.05430893,0.02476928,0.9982174,1.4113481
-0.029502664,0.9992843,-0.023657069,56.782837,-0.9981064,-0.028173909,0.054677233,-12.7608,0.05397157,0.02522545,0.9982243,1.4422474
-0.033130117,0.9992236,-0.021302236,56.770763,-0.998141,-0.031988792,0.051873744,-13.423313,0.051152013,0.022981271,0.9984269,1.4793785
-0.03540302,0.9991803,-0.01960902,56.754177,-0.9983761,-0.034485187,0.045339514,-14.090926,0.0446261,0.02118238,0.99877965,1.5104054
-0.03656279,0.9991205,-0.020509336,56.73041,-0.9985812,-0.03573317,0.0394762,-14.771202,0.038708583,0.021923648,0.9990105,1.5453815
-0.037201397,0.9990419,-0.02303129,56.70166,-0.99864084,-0.036325406,0.037370406,-15.458029,0.036497947,0.024390273,0.9990365,1.5765237
-0.037374035,0.99893254,-0.027130648,56.67158,-0.9985696,-0.036294725,0.039256293,-16.151222,0.03822966,0.028559064,0.9988612,1.6144624
-0.036681555,0.99894655,-0.027555484,56.64716,-0.9982794,-0.0353675,0.046765678,-16.854671,0.045741823,0.029223567,0.99852616,1.6442293
-0.03506769,0.9990226,-0.026891416,56.62801,-0.99796534,-0.03357208,0.05420037,-17.558973,0.05324458,0.028737439,0.99816835,1.6805207
-0.033076648,0.9990748,-0.027468089,56.60738,-0.99795026,-0.031508576,0.055696625,-18.282183,0.054779604,0.0292541,0.99807036,1.7109373
-0.030455017,0.99914557,-0.027921487,56.589165,-0.9982543,-0.02899041,0.05145379,-19.029503,0.050600354,0.029439826,0.9982855,1.7526011
-0.0276354,0.9992226,-0.028097052,56.5744,-0.99862736,-0.026346589,0.04526492,-19.773647,0.044489443,0.029309452,0.99858034,1.7955977
-0.024627727,0.9993499,-0.026308581,56.56573,-0.99877787,-0.023469118,0.043492235,-20.515703,0.042846497,0.027347594,0.9987079,1.8345711
-0.022031154,0.99919736,-0.033438783,56.5464,-0.9986098,-0.02039214,0.048602413,-21.24494,0.0478815,0.034463126,0.9982589,1.8795884
-0.01942803,0.999164,-0.035953645,56.534523,-0.9983864,-0.017469253,0.054027382,-21.969421,0.05335413,0.03694534,0.99789256,1.9229517
-0.016879337,0.9994103,-0.029882398,56.533363,-0.99835694,-0.01521029,0.055240937,-22.716438,0.054753836,0.030765781,0.99802643,1.9604352
-0.012697948,0.9996146,-0.024659872,56.542934,-0.99857384,-0.0113986535,0.052150708,-23.465843,0.051849514,0.025286956,0.99833536,1.9993249
-0.008277761,0.9995297,-0.029502185,56.53521,-0.9988183,-0.006852401,0.048106663,-24.202011,0.04788187,0.029865593,0.99840707,2.0463886
-0.0052026017,0.99936926,-0.035109296,56.53088,-0.9987887,-0.0034760344,0.04907275,-24.944063,0.048919745,0.03532214,0.9981786,2.094475
-0.0022981483,0.9993862,-0.03493691,56.534805,-0.9985711,-0.00042898324,0.05342764,-25.6805,0.05337985,0.03500984,0.99796104,2.1430452
0.0014081597,0.9995166,-0.031034207,56.54869,-0.9984756,0.003116934,0.055096183,-26.422401,0.055166274,0.030909378,0.9979993,2.1783586
0.0047868057,0.99954337,-0.02981281,56.557896,-0.99851555,0.0063944403,0.05407984,-27.163582,0.054245774,0.029509744,0.9980922,2.226831
0.008549914,0.9993821,-0.034074448,56.563164,-0.998585,0.010320958,0.052156836,-27.920282,0.052476276,0.033580367,0.9980581,2.2710648
0.011880582,0.9991617,-0.03915962,56.570145,-0.9985511,0.013909822,0.051973067,-28.659525,0.05247419,0.038485486,0.9978811,2.320828
0.015167601,0.9989963,-0.042132378,56.576824,-0.9984445,0.017392464,0.052962843,-29.40224,0.053642455,0.041263606,0.997708,2.3688676
0.018094733,0.998925,-0.042666167,56.593704,-0.9983875,0.020347627,0.052984577,-30.166008,0.053795747,0.04163871,0.9976842,2.4152687
0.021431072,0.9988128,-0.043731946,56.61076,-0.9983602,0.023701884,0.052096177,-30.914755,0.053070836,0.042543843,0.99768484,2.4568996
0.024903718,0.99858266,-0.047021937,56.6278,-0.9983297,0.027294192,0.050909035,-31.655142,0.052120283,0.045675658,0.9975965,2.5075624
0.027998649,0.9985673,-0.045584686,56.651234,-0.9982111,0.030339528,0.051507533,-32.420486,0.052816737,0.044061083,0.9976325,2.5502267
0.031128906,0.99862146,-0.042243775,56.68201,-0.9980547,0.0333389,0.052671727,-33.159225,0.05400747,0.04052206,0.99771875,2.5929792
0.033333417,0.9984754,-0.043980014,56.70874,-0.9979574,0.03565019,0.05300058,-33.90191,0.054487664,0.04212357,0.9976263,2.6416755
0.036349878,0.9984429,-0.04229415,56.7415,-0.99786174,0.038563207,0.05276067,-34.66194,0.054309517,0.04028595,0.9977119,2.6870637
0.0374642,0.99846244,-0.040834494,56.77848,-0.9977989,0.039613284,0.053168193,-35.39474,0.054704037,0.038752787,0.9977511,2.7303624
0.042149276,0.9983589,-0.03874508,56.8191,-0.99759644,0.04418752,0.053361587,-36.195644,0.05498607,0.036402874,0.9978241,2.7838712
0.04458855,0.99832964,-0.036714796,56.860077,-0.99739426,0.04657214,0.05508537,-36.937046,0.056703255,0.03416302,0.9978072,2.828192
0.047688175,0.99819106,-0.03658751,56.901516,-0.9970226,0.049789663,0.058869097,-37.68868,0.06058431,0.033671282,0.9975958,2.8784907
0.05097993,0.99803364,-0.036441978,56.945488,-0.9967191,0.05314105,0.061038177,-38.46033,0.062854744,0.033210758,0.99747074,2.9292529
0.053885527,0.9980606,-0.031137679,56.99857,-0.9964438,0.055768013,0.0631525,-39.23247,0.06476654,0.027623992,0.9975188,2.9819775
0.05617387,0.9980581,-0.026881753,57.05519,-0.99633205,0.05777607,0.06311,-40.002754,0.0645406,0.023238061,0.9976452,3.0246022
0.060150776,0.99775994,-0.029239586,57.10422,-0.99608314,0.061899256,0.063129604,-40.788425,0.06479813,0.025327811,0.99757767,3.0882556
0.06386113,0.9975263,-0.029343339,57.15839,-0.9957706,0.065638945,0.064273685,-41.57256,0.0660408,0.025114689,0.99750155,3.1504817
0.067412384,0.99739444,-0.025650518,57.224995,-0.9954785,0.06896202,0.065309435,-42.35439,0.06690821,0.02113191,0.99753606,3.202902
0.07204414,0.9970943,-0.024711184,57.288673,-0.9952289,0.073498875,0.064155534,-43.151985,0.06578538,0.019971287,0.99763465,3.2513459
0.076545075,0.99672747,-0.025948994,57.352013,-0.9949412,0.07805363,0.06323203,-43.949673,0.06505053,0.020977657,0.9976622,3.3234053
0.08128871,0.99643016,-0.022741003,57.427486,-0.9942839,0.082655355,0.067573674,-44.736385,0.069212146,0.017118063,0.99745584,3.37018
0.08718161,0.9959604,-0.021457188,57.507767,-0.99318695,0.088569745,0.07572169,-45.53926,0.07731631,0.01470948,0.9968989,3.4379585
0.09490454,0.9952595,-0.021208217,57.590252,-0.9920534,0.09632304,0.08093595,-46.33606,0.08259517,0.013358513,0.9964945,3.499816
0.101318896,0.9947061,-0.017096905,57.682564,-0.9911972,0.1024032,0.08390634,-47.135418,0.085213,0.008445114,0.9963278,3.568207
0.10921619,0.993908,-0.014723181,57.784336,-0.99047744,0.11006381,0.08269852,-47.95724,0.08381528,0.005550961,0.9964667,3.6403441
0.11697146,0.9930291,-0.0144494735,57.882416,-0.98974156,0.117760725,0.08088624,-48.770584,0.082024045,0.0048398627,0.99661946,3.7166328
0.12398965,0.99217683,-0.014480527,57.98605,-0.9891291,0.12474456,0.07785222,-49.58138,0.079049595,0.0046702414,0.9968607,3.7881324
0.13225645,0.99112993,-0.012949448,58.10428,-0.9885065,0.1328485,0.07214405,-50.40929,0.073224485,0.0032590951,0.99731106,3.8607447
0.1398527,0.9901179,-0.0102834115,58.227177,-0.98792887,0.1402266,0.06581433,-51.229706,0.06660598,0.00095496,0.9977798,3.9222271
0.14673436,0.98912126,-0.01030359,58.348854,-0.9871709,0.14709145,0.062098257,-52.034534,0.06293829,0.0010594513,0.99801767,3.9913738
0.15401156,0.9880102,-0.010683608,58.482136,-0.9859098,0.15438005,0.0643968,-52.837994,0.065274045,0.0006152181,0.99786794,4.0528827
0.15962236,0.9871062,-0.011830477,58.612583,-0.9845613,0.16005942,0.070839845,-53.62322,0.07182005,0.00034020253,0.99741834,4.1151032
0.16426636,0.9863445,-0.011792313,58.745796,-0.9834869,0.1646871,0.07503287,-54.395393,0.075950325,-0.0007277966,0.99711215,4.175249
0.16971856,0.98542464,-0.011486637,58.886864,-0.98239505,0.17009667,0.077236034,-55.176296,0.07806416,-0.0018239815,0.99694747,4.2462087
0.17480843,0.9845509,-0.0099798115,59.033833,-0.98148334,0.17505151,0.07775431,-55.948994,0.07830009,-0.003797105,0.9969234,4.31088
0.17927252,0.98372096,-0.012352446,59.169823,-0.98086536,0.17969239,0.07491438,-56.70849,0.0759145,-0.0013140121,0.9971143,4.382825
0.18427959,0.9827905,-0.012727294,59.316288,-0.9803635,0.18471803,0.06902883,-57.476192,0.070191845,-0.00024323538,0.9975343,4.443607
0.18806258,0.9821001,-0.010486529,59.46573,-0.98015094,0.18834946,0.061862405,-58.237877,0.062730186,-0.0013556292,0.99803036,4.512447
0.19086266,0.98159444,-0.006485206,59.618942,-0.97982883,0.1909091,0.059055284,-58.96867,0.05920639,-0.004917071,0.9982345,4.565613
0.19440694,0.9809061,-0.005233866,59.77082,-0.9791554,0.19437395,0.058922518,-59.707542,0.058814757,-0.0063301967,0.9982497,4.6273937
0.19614111,0.9805675,-0.0037877618,59.921562,-0.97871906,0.19600557,0.060740232,-60.42531,0.0603023,-0.008206525,0.9981473,4.6788673
0.198173,0.9801651,-0.0014114464,60.080223,-0.9780874,0.19784582,0.064811684,-61.137493,0.063805394,-0.011463439,0.9978974,4.7338104
0.20007028,0.97978026,-0.0008345435,60.231045,-0.9773761,0.19963841,0.06985013,-61.833206,0.068604395,-0.013159308,0.997558,4.7878747
0.20142347,0.9795033,-0.00041913206,60.375473,-0.9766995,0.2008788,0.07552769,-62.516323,0.07406383,-0.0148037225,0.9971445,4.8428454
0.20287067,0.97920316,-0.0017285496,60.52115,-0.97627467,0.20239936,0.07694791,-63.199245,0.07569752,-0.013922972,0.99703455,4.9030914
0.2043856,0.9788896,-0.00013248122,60.669685,-0.9759798,0.20378809,0.07702247,-63.869205,0.07542352,-0.015613026,0.9970302,4.9552627
0.20473178,0.9788173,1.5541096e-05,60.81173,-0.97610724,0.20416337,0.07436819,-64.53953,0.07278971,-0.015240742,0.9972318,5.0201316
0.20573223,0.9786071,0.00079681334,60.95454,-0.97607064,0.20513986,0.07212732,-65.1928,0.070420854,-0.015616701,0.997396,5.0734487
0.2050397,0.9787527,0.0004096775,61.093998,-0.97628605,0.20449284,0.07104059,-65.84069,0.06944739,-0.014966143,0.99747425,5.1296654
0.20386103,0.97899866,0.00071373745,61.227375,-0.97659844,0.20330971,0.07013602,-66.48285,0.06851795,-0.014995076,0.9975381,5.1852813
0.20206544,0.97936976,0.0016284434,61.36247,-0.97696203,0.20145118,0.070435196,-67.103935,0.068654045,-0.015823489,0.9975159,5.2364364
0.19962813,0.97986865,0.0020629717,61.491753,-0.9772392,0.19893698,0.07366186,-67.72009,0.07176855,-0.016721042,0.99728197,5.286451
0.19753495,0.9802947,0.0006016221,61.61341,-0.97735506,0.19689465,0.07751115,-68.32638,0.075865336,-0.015899204,0.9969922,5.341972
0.19503179,0.9807949,-0.0014470379,61.731113,-0.9777707,0.19454543,0.07819806,-68.92411,0.076977804,-0.013836277,0.99693763,5.3938513
0.19298878,0.9811995,-0.0010456032,61.849854,-0.9782625,0.19249295,0.07711864,-69.52159,0.07587006,-0.013860199,0.9970223,5.442028
0.1908939,0.9816094,0.0008282005,61.968727,-0.9788971,0.19030328,0.0744536,-70.106094,0.07292675,-0.015023505,0.997225,5.4919558
0.1890268,0.98197097,0.000412868,62.08416,-0.9795143,0.1885238,0.070772626,-70.68674,0.06941882,-0.013782374,0.99749327,5.5434623
0.18666056,0.9824201,-0.0026144732,62.193497,-0.98003197,0.18639074,0.06923826,-71.25519,0.06850836,-0.010361817,0.99759763,5.5986004
0.18472292,0.98277014,-0.006210508,62.301647,-0.9802267,0.18469325,0.07100863,-71.81169,0.070932195,-0.00702924,0.9974573,5.6443267
0.18170407,0.983296,-0.010539497,62.3998,-0.9805961,0.18198594,0.07287356,-72.359146,0.07357432,-0.0029064473,0.99728644,5.691346
0.17962965,0.9836795,-0.01031088,62.49855,-0.98082054,0.1798936,0.075016156,-72.90188,0.07564671,-0.0033620181,0.99713,5.7313933
0.17852464,0.9838876,-0.009619561,62.6053,-0.9808801,0.17873135,0.07698998,-73.44501,0.07746881,-0.004308991,0.99698645,5.7805934
0.17756505,0.9840463,-0.011042521,62.70589,-0.98108876,0.17788708,0.076282926,-73.99805,0.07703027,-0.0027115024,0.99702597,5.8242936
0.1772686,0.9840187,-0.016775614,62.79477,-0.98121655,0.17802979,0.07427923,-74.54803,0.07607872,0.003293138,0.99709725,5.872879
0.17905012,0.9835968,-0.02183471,62.889423,-0.9809435,0.18018028,0.072682895,-75.10255,0.07542485,0.008404754,0.9971169,5.916405
0.18078254,0.98321444,-0.024605561,62.987,-0.9806474,0.18210877,0.071868084,-75.65783,0.07514263,0.011136911,0.99711144,5.964083
0.1838389,0.9826798,-0.023282439,63.09402,-0.9800885,0.18505867,0.07195749,-76.208565,0.07501979,0.009590286,0.9971367,6.011559
0.18979096,0.9815823,-0.02177285,63.2103,-0.9789442,0.19088459,0.07231466,-76.76858,0.07513888,0.007589757,0.997145,6.058181
0.19587411,0.9803439,-0.0236144,63.32173,-0.97777396,0.19708297,0.07151442,-77.33543,0.0747627,0.009081748,0.9971608,6.1043553
0.20319307,0.9788802,-0.0224596,63.444016,-0.97628534,0.20429708,0.071607,-77.90112,0.07468309,0.0073769568,0.9971808,6.1498666
0.21149987,0.97710496,-0.023064652,63.5763,-0.9745872,0.21261884,0.070504054,-78.48076,0.07379383,0.0075669447,0.99724555,6.191845
0.22098374,0.97505105,-0.020976108,63.715603,-0.97255564,0.22192137,0.06988617,-79.0645,0.07279762,0.004956749,0.99733514,6.2444797
0.22970477,0.9730614,-0.019639004,63.85791,-0.9705353,0.23052353,0.07012682,-79.64853,0.07276494,0.0029519042,0.9973455,6.290828
0.24011344,0.9706039,-0.016495831,64.02324,-0.9678368,0.2406736,0.07325027,-80.239815,0.0750671,-0.0016230894,0.9971779,6.3380165
0.2492823,0.9683317,-0.013801714,64.18338,-0.96535146,0.24959977,0.07611896,-80.8378,0.07715331,-0.0056516007,0.997004,6.3826804
0.26043755,0.96541953,-0.01165147,64.358284,-0.9622692,0.26053447,0.07846986,-81.446846,0.07879196,-0.009224652,0.9968491,6.429223
0.27094862,0.96252775,-0.011204553,64.54125,-0.959223,0.27095458,0.08045328,-82.0668,0.08047446,-0.011051047,0.9966961,6.486708
0.28081405,0.9597211,-0.008786155,64.72951,-0.95634586,0.28057432,0.08172212,-82.689255,0.08089563,-0.01454613,0.9966172,6.5396156
0.29062942,0.95679224,-0.0090225525,64.92815,-0.95336926,0.2903654,0.08229739,-83.32121,0.081361376,-0.01531623,0.9965678,6.5934496
0.3006996,0.9536928,-0.006926099,65.13916,-0.9502385,0.30021405,0.08316336,-83.957825,0.08139164,-0.018425759,0.9965127,6.6463003
0.31329247,0.94963527,-0.0062388764,65.376205,-0.9465208,0.31278452,0.07913377,-84.64005,0.07709966,-0.018886806,0.9968453,6.700125
0.32222667,0.9466254,-0.008285312,65.59235,-0.94401234,0.3219666,0.071945526,-85.294136,0.07077305,-0.015361341,0.99737495,6.758084
0.33357593,0.9426752,-0.009430004,65.83772,-0.9403629,0.33343133,0.067373954,-85.97922,0.06665599,-0.013606708,0.99768406,6.816435
0.34389135,0.93895334,-0.010178852,66.092186,-0.93683803,0.34381256,0.06423013,-86.66564,0.06380868,-0.012552249,0.99788404,6.8623257
0.35236832,0.9357551,-0.014044944,66.349365,-0.9337322,0.3525386,0.062118962,-87.35612,0.06307949,-0.008774525,0.99797076,6.9166965
0.360877,0.9323936,-0.020205347,66.61979,-0.9305956,0.36143574,0.057914272,-88.06129,0.0613018,-0.0020968877,0.99811786,6.9590735
0.3686688,0.92916936,-0.026944678,66.89598,-0.9279439,0.3695813,0.048247043,-88.797386,0.054787878,0.0072160307,0.99847275,7.0095034
0.37463468,0.9266285,-0.03173161,67.17887,-0.92570496,0.3757468,0.04338917,-89.51539,0.05212864,0.013119096,0.99855494,7.0632634
0.38189182,0.9234982,-0.036167525,67.4757,-0.92264044,0.38322932,0.043217722,-90.237915,0.0537719,0.016865214,0.9984116,7.1064496
0.38886112,0.9203855,-0.040939514,67.78023,-0.9192583,0.3905711,0.04915575,-90.95746,0.061231993,0.01851932,0.9979526,7.158273
0.3958253,0.9171406,-0.046625398,68.08365,-0.91577166,0.39799875,0.05437943,-91.67526,0.06843042,0.021173568,0.99743205,7.2076173
0.40111125,0.91486543,-0.046146516,68.40162,-0.9133377,0.40328327,0.056345034,-92.39228,0.070158236,0.01954683,0.99734515,7.266184
0.405531,0.9132086,-0.039913658,68.73057,-0.911424,0.40729302,0.058451235,-93.10167,0.06963471,0.012674565,0.99749285,7.323811
0.40985137,0.91145766,-0.03557169,69.064835,-0.90939003,0.41133165,0.06175605,-93.79729,0.070919774,0.0070378156,0.997458,7.382089
0.4136665,0.9097377,-0.03543817,69.38893,-0.9074302,0.41514778,0.064966455,-94.4942,0.073814504,0.0052832905,0.9972588,7.4524493
0.41752794,0.90797925,-0.035251476,69.706535,-0.905353,0.41900188,0.06907433,-95.17021,0.0774885,0.0030746295,0.9969893,7.5126123
0.42137492,0.9062807,-0.033120733,70.030556,-0.9034183,0.4226741,0.07197111,-95.84039,0.07922532,-0.00040488713,0.9968574,7.5799193
0.42517754,0.90453994,-0.032095414,70.35039,-0.9017299,0.4263848,0.07125416,-96.50698,0.078137234,-0.001354223,0.99694246,7.639765
0.4292313,0.90263253,-0.031838518,70.660324,-0.9000927,0.4304101,0.067662306,-97.15953,0.07477782,-0.00038510852,0.99720097,7.709895
0.43307623,0.90082973,-0.030813387,70.980064,-0.89846826,0.43417048,0.06518228,-97.80808,0.07209639,-0.0005439985,0.9973983,7.770516
0.436103,0.89940804,-0.0296329,71.29432,-0.8971065,0.43710595,0.06431389,-98.44284,0.07079714,-0.0014635645,0.99749047,7.8350596
0.43990895,0.8975946,-0.028336268,71.61101,-0.89516824,0.440805,0.066051506,-99.06718,0.07177823,-0.0036908798,0.99741465,7.8906646
0.4425387,0.8962654,-0.029439397,71.91718,-0.8937833,0.44350496,0.06672963,-99.68191,0.072863966,-0.0032179588,0.9973376,7.9511914
0.44444257,0.89526695,-0.031092541,72.21938,-0.89289516,0.44552705,0.065129526,-100.290665,0.07216087,-0.0011839031,0.9973932,8.005007
0.44584832,0.89451325,-0.032622036,72.513954,-0.89220893,0.44703966,0.06416101,-100.88551,0.0719762,0.0004996505,0.99740714,8.063795
0.4478472,0.8935487,-0.03166374,72.81908,-0.8912383,0.4489646,0.06421194,-101.476746,0.071592376,-0.00053715205,0.99743474,8.117723
0.44960383,0.8926195,-0.03295399,73.112335,-0.89035326,0.45080906,0.063563764,-102.05707,0.071594186,0.0007622332,0.9974345,8.172624
0.45188022,0.8914391,-0.033758402,73.39994,-0.8890472,0.45313898,0.06525494,-102.622574,0.07346804,0.00052544405,0.99729836,8.224127
0.45485094,0.88982534,-0.03634128,73.68743,-0.8874108,0.45629373,0.065545574,-103.18497,0.07490639,0.0024362337,0.99718857,8.279274
0.45771772,0.88823545,-0.039135173,73.970695,-0.88589984,0.45935902,0.06456763,-103.7336,0.075328335,0.0051161572,0.99714667,8.336307
0.46047434,0.8866982,-0.041580435,74.24726,-0.88447475,0.4622841,0.06321466,-104.272575,0.075274274,0.007668188,0.9971344,8.387037
0.46367297,0.8849687,-0.042859957,74.53222,-0.8828043,0.4655651,0.06248308,-104.80939,0.07524964,0.008865312,0.99712634,8.43932
0.4669072,0.88322854,-0.04363754,74.811005,-0.8810819,0.4688479,0.062247265,-105.33351,0.0754379,0.009384624,0.9971074,8.491622
0.46991962,0.88159376,-0.04435362,75.085655,-0.8794952,0.47190085,0.06161387,-105.84737,0.07524888,0.010055302,0.9971152,8.542344
0.4735307,0.8795501,-0.046470705,75.36435,-0.87751025,0.475657,0.061029878,-106.35853,0.075782925,0.01187908,0.99705476,8.592723
0.47695994,0.8776818,-0.046723027,75.64364,-0.8755275,0.47911373,0.062450018,-106.86413,0.077196866,0.011121223,0.996955,8.640092
0.48138967,0.8750845,-0.04990224,75.92094,-0.87296087,0.48378018,0.06240585,-107.369286,0.07875209,0.013521264,0.99680364,8.694636
0.48578027,0.8726514,-0.049961388,76.202446,-0.8702409,0.48820707,0.06582523,-107.861725,0.08183397,0.0115019325,0.9965807,8.743571
0.49095133,0.86975527,-0.049916375,76.490555,-0.86682266,0.4934171,0.07180762,-108.35007,0.08708465,0.008014682,0.99616975,8.796445
0.49682453,0.86648643,-0.04863836,76.77946,-0.86289215,0.49919176,0.078885734,-108.83474,0.0926333,0.00277736,0.9956975,8.8485155
0.5028843,0.8630691,-0.047095533,77.079895,-0.85882246,0.5050781,0.08554729,-109.31884,0.097620174,-0.0025736324,0.9952215,8.899353
0.5090234,0.85952616,-0.0459226,77.3803,-0.8547906,0.51104623,0.090349205,-109.804886,0.10112611,-0.0067356043,0.99485195,8.95667
0.51514435,0.856051,-0.04244847,77.693535,-0.8512603,0.5167777,0.09107638,-110.301796,0.09990249,-0.01078275,0.9949399,9.014932
0.5212108,0.852699,-0.03525204,78.01565,-0.8480908,0.52212167,0.09016121,-110.79951,0.09528626,-0.01709605,0.9953042,9.072905
0.5272528,0.8492723,-0.027203746,78.344955,-0.84503365,0.52743703,0.0879005,-111.300224,0.08899973,-0.023357697,0.99575883,9.132906
0.5341819,0.8451508,-0.019204091,78.689705,-0.8412711,0.5336894,0.08623667,-111.80994,0.083132006,-0.029910238,0.9960907,9.193272
0.5405368,0.84117895,-0.015392756,79.03549,-0.83757544,0.5397654,0.08437396,-112.32415,0.07928205,-0.032714665,0.99631643,9.249747
0.54666424,0.8372619,-0.012234744,79.38016,-0.83350986,0.5454964,0.08771082,-112.83666,0.080110915,-0.037750628,0.996072,9.30208
0.5532994,0.83291125,-0.010839315,79.75092,-0.8288868,0.55182165,0.09185745,-113.36578,0.08249046,-0.04184015,0.9957143,9.35232
0.55934453,0.82887053,-0.010304017,80.12312,-0.82457805,0.5576348,0.09546032,-113.89712,0.08487012,-0.044898793,0.99538106,9.408404
0.5656346,0.8246006,-0.00949452,80.49827,-0.8201307,0.56369853,0.09812036,-114.43463,0.08626215,-0.047713585,0.9951304,9.459165
0.5725594,0.81982714,-0.0076087764,80.90461,-0.81537634,0.5703717,0.09917453,-114.98968,0.085645795,-0.05057936,0.99504215,9.518212
0.57944995,0.8150024,-0.0027501439,81.31716,-0.8106535,0.5767,0.10127221,-115.550476,0.08412308,-0.056452848,0.9948562,9.57439
0.5862742,0.81011003,-0.0017181305,81.73356,-0.8059722,0.5834914,0.09972304,-116.11252,0.081789136,-0.057080362,0.99501497,9.6334915
0.5941659,0.80434126,-0.0008056359,82.17161,-0.80042356,0.5913703,0.09798716,-116.69393,0.07929152,-0.057575867,0.9951886,9.693413
0.601679,0.79873705,-0.00034260194,82.619644,-0.7948543,0.59879655,0.098222,-117.273026,0.07865868,-0.058825888,0.99516577,9.757012
0.609346,0.79290146,0.0018348519,83.075485,-0.7890216,0.6061326,0.100231476,-117.84825,0.07836149,-0.06252348,0.9949637,9.811381
0.61729836,0.78672534,0.0021434983,83.55742,-0.78280157,0.61394346,0.10145627,-118.44141,0.07850219,-0.06430682,0.99483895,9.871134
0.62440115,0.7810982,0.002720079,84.04414,-0.77718496,0.62091726,0.10219353,-119.03644,0.0781342,-0.06592385,0.9947621,9.926853
0.62917703,0.77725565,0.0029083914,84.53721,-0.7734376,0.6257072,0.10140556,-119.635826,0.07699822,-0.0660516,0.9948422,9.988971
0.6332914,0.77391005,0.0019644205,85.04722,-0.7701371,0.6299498,0.100252144,-120.25043,0.076348625,-0.06500179,0.9949614,10.051534
0.63633263,0.7714137,-0.0005353773,85.55834,-0.76765937,0.63330406,0.098098926,-120.866844,0.076013885,-0.06201265,0.99517775,10.112728
0.6396915,0.7686158,-0.004801114,86.080765,-0.7649027,0.63719106,0.09439087,-121.49469,0.07560952,-0.056708723,0.9955248,10.176611
0.6427853,0.76598024,-0.0099852355,86.61119,-0.7624525,0.64097744,0.08838751,-122.138176,0.07410338,-0.049200986,0.9960373,10.24111
0.64600384,0.76321435,-0.013464269,87.1493,-0.7599604,0.64470595,0.08253865,-122.78319,0.07167515,-0.043088008,0.99649805,10.304424
0.64879113,0.7608037,-0.015693327,87.70029,-0.757822,0.64784634,0.07745439,-123.4337,0.069094405,-0.03835899,0.9968735,10.3730545
0.6525011,0.7576099,-0.016369259,88.263016,-0.75473225,0.6516571,0.075634226,-124.084145,0.06796834,-0.03699702,0.9970024,10.430564
0.6546438,0.7557657,-0.016069015,88.8243,-0.7527849,0.65370643,0.07733776,-124.72769,0.0689536,-0.038532186,0.99687666,10.498664
0.6589271,0.7520839,-0.01354685,89.41311,-0.74889696,0.6576097,0.081860974,-125.36707,0.070474826,-0.043795247,0.9965529,10.557042
0.66188645,0.74954516,-0.009322485,90.01122,-0.7463169,0.6600973,0.0853287,-126.015144,0.07011143,-0.049520425,0.9963104,10.618698
0.6650415,0.7467829,-0.005803138,90.6049,-0.7438979,0.6631175,0.0830029,-126.675186,0.06583328,-0.05088348,0.9965336,10.684291
0.66859984,0.7436214,-0.00019798148,91.2092,-0.7412233,0.6664653,0.08006515,-127.32733,0.05967006,-0.053384855,0.9967908,10.74006
0.6718563,0.7406717,0.0036506022,91.818596,-0.73880875,0.6698004,0.07434675,-127.990715,0.052621283,-0.052647483,0.997227,10.800515
0.6763899,0.73653674,0.0030236354,92.43499,-0.7348891,0.6745908,0.0697389,-128.65149,0.049325466,-0.049392767,0.997562,10.8503895
0.6805351,0.73271304,-0.0015506181,93.05437,-0.7309928,0.67907953,0.06707302,-129.323,0.05019819,-0.04451207,0.9977482,10.907931
0.68541145,0.7280356,-0.013196053,93.65881,-0.72599864,0.6846631,0.06450349,-129.98149,0.05599563,-0.034631103,0.9978316,10.960401
0.6899722,0.72347695,-0.022766085,94.29486,-0.72100633,0.6897138,0.06665603,-130.64767,0.06392614,-0.029576289,0.99751765,11.0174465
0.6951152,0.71835846,-0.027834551,94.92401,-0.7157088,0.6951558,0.06721218,-131.30338,0.06763175,-0.026798734,0.9973517,11.081173
0.7012156,0.7123502,-0.029199312,95.58181,-0.7099479,0.7014321,0.062969916,-131.96738,0.065337926,-0.023425449,0.9975895,11.135431
0.7069996,0.7065693,-0.030169157,96.23181,-0.70449793,0.70737857,0.057414602,-132.62193,0.061908364,-0.019337926,0.99789584,11.209848
0.711703,0.7016019,-0.03510432,96.892044,-0.6996589,0.7124332,0.05398657,-133.27559,0.06288653,-0.0138612725,0.99792576,11.268894
0.7163485,0.69663495,-0.039283786,97.5525,-0.6944507,0.7173005,0.056713093,-133.91983,0.06768659,-0.013345598,0.9976187,11.340611
0.7198369,0.6929264,-0.041066926,98.22719,-0.6905855,0.72087526,0.058553733,-134.5653,0.070177555,-0.013788821,0.9974405,11.400941
0.7229552,0.68962497,-0.041856203,98.90731,-0.68745,0.7240714,0.05595622,-135.20903,0.068895675,-0.0116796885,0.9975568,11.470983
