0,1,2,3,4,5,6,7,8,9,10,11
0.9999998999896497,-5.509850185153077e-10,5.01426412544137e-10,2.732832693475018e-08,-5.50985109994866e-10,0.9999999999925557,8.68585030613183e-10,2.1313755881741114e-10,5.014264715247352e-10,8.685849377474553e-10,0.9999999000177948,-7.362433857016626e-09
0.9999893880111441,0.0015894793880651978,-0.004309568606670375,0.9611734511027087,-0.0015864989110047857,0.999998529295939,0.0006952207764153056,0.011432326252627224,0.004310670053540753,-0.0006883744263492985,0.9999903826929172,0.026108773136726916
0.9999840327252799,0.0021623955005597986,-0.005203349587242201,1.924063036494778,-0.002169745481316849,0.9999966804840522,-0.0014072443890420499,0.017375035837692236,0.005200291283355055,0.0014185143416568782,0.9999853867906682,0.05191758198333373
0.999997166412228,0.00217373262830441,-0.0008938963889384244,2.8871666250286747,-0.0021763165121887872,0.9999934786768523,-0.002898248108885274,0.03113883101305956,0.000887591191664702,0.0029001878664892417,0.9999953549109201,0.09368678709566589
0.9999835591282111,0.0013468147214903913,0.005555736395867918,3.847506879576703,-0.0013224253440593274,0.9999894856764636,-0.004391474966833397,0.044142828610456784,-0.005561593924285854,0.004384058815021334,0.9999748551953259,0.13724161564297863
0.9999890925444839,-5.0890564574589386e-05,0.004661156754406436,4.805338504104533,9.190467582271557e-05,0.9999613072757596,-0.008799568206163622,0.05201470089643088,-0.004660527083142609,0.008799906456707824,0.9999503001797572,0.17428794807017856
0.9999979697825225,-0.0011118854278848898,0.0016113258014460756,5.737230230944214,0.0011303902571910267,0.9999328853916931,-0.011529826047894967,0.06262294421936218,-0.0015983983633069364,0.011531629779859394,0.9999321448257852,0.2059703681249681
0.9999970684652704,-0.0019206236797514563,-0.0014582466999135627,6.674299344321736,0.0019028547899334533,0.999925125402092,-0.012089469432500092,0.07323819166406102,0.0014813587108263313,0.01208666641749115,0.999925806132638,0.22373834039083346
0.9999939859440483,-0.002717931679110031,-0.0021111513464951784,7.603809762096255,0.0026935745603606357,0.9999307549673451,-0.011455357952299433,0.08696823929916472,0.0021421409318970806,0.011449604877602023,0.9999320590886069,0.24773417073966686
0.9999931926635518,-0.0036598957623808605,0.00019431565950575635,8.533132266816393,0.003661778512091658,0.9999350930957261,-0.010786950292758958,0.09868713175805781,-0.0001548231146219158,0.010787583733384712,0.9999417142407223,0.26948268787584373
0.9999855108023302,-0.004364536492590797,0.0031216525096207986,9.463595202325465,0.004397709912184133,0.9999330639590801,-0.010700558227949259,0.11135744513595092,-0.0030747411951707617,0.010714134013038175,0.9999378252385899,0.2875562161927269
0.9999756870089317,-0.005366891514912502,0.004432031372611467,10.3866363137868,0.005414707079099865,0.9999264601115868,-0.01084840233431983,0.12455564460730412,-0.004373484402666004,0.010872137265196256,0.9999312528794821,0.3027441467174281
0.9999690174682225,-0.005988527385495088,0.00509769505647912,11.337145121863266,0.006051354204268871,0.9999047924912253,-0.012399823359004837,0.13893876142017209,-0.005022953333712434,0.01243029184324382,0.9999100900405524,0.3211000639020205
0.999963380995193,-0.006947820906022711,0.004989646398716951,12.22085013966594,0.007010015578021942,0.9998965487820851,-0.012557606345181424,0.15129436830710075,-0.004901882965437926,0.012592129681227134,0.9999086702227221,0.34627932945203266
0.9999649766822895,-0.007627327603611642,0.003414280770606186,13.130273168720345,0.0076704241943191444,0.9998887356832634,-0.012792703539324246,0.1654299515641271,-0.0033163283067000893,0.012818456939377455,0.9999122876344472,0.3754318726259448
0.9999571296458897,-0.009170442633190293,0.0012053235839606209,14.037910511195076,0.00918563549401888,0.9998697882245986,-0.01327073590851217,0.1804262547558038,-0.0010834688556761944,0.01328124487269814,0.9999111821295118,0.40924267666282027
0.9999429797829194,-0.0106732236888826,-5.768497218026727e-05,14.941762172406781,0.010671244143332329,0.9998368088626267,-0.014576849198189233,0.1942493052520391,0.00021325798534954085,0.014575399394254965,0.9998937113544537,0.43429507316326743
0.9999236742304541,-0.012337627490935614,-0.0006137478785893866,15.84232599396904,0.01232766961743589,0.9998231809548415,-0.014199503775321334,0.21150359756978662,0.0007888291379882399,0.014190856940108484,0.9998989448147041,0.45279042250239426
0.9999038470634292,-0.013775970917183127,-0.001534173591629398,16.738942175061357,0.013755047591895525,0.9998222211220784,-0.012899535814637594,0.23099599116158065,0.0017116062137229947,0.012877190839085109,0.999915531814492,0.4703684180228235
0.999878749029182,-0.01548300454590874,-0.0016171011062505547,17.630585651878494,0.015463516768618906,0.9998150613697292,-0.01143693312797666,0.24883285699479615,0.0017938822182321042,0.011410547606311843,0.9999331896010886,0.4847382769079359
0.9998544639028707,-0.01704529630078086,-0.0006514744864971872,18.522541591891876,0.017036281193448376,0.9997833178120805,-0.011960832548315498,0.2666363289478141,0.0008552101566974955,0.01194799390728439,0.9999282182850484,0.5006711543572453
0.9998308170584354,-0.01837449320691829,0.0007234293221966209,19.409842881132466,0.01838148608000739,0.999767262953795,-0.011294403818388464,0.2869922816277102,-0.0005157327009050748,0.011305798680534045,0.9999359199877692,0.5199705038362533
0.999801871710535,-0.019875432565997667,0.0010538575186301437,20.290305782273393,0.019885928686508014,0.9997404828625223,-0.011117557394874317,0.3074588485355775,-0.0008326151439221295,0.011136315522925594,0.9999375454269425,0.5393273485680645
0.9997657113012174,-0.02162070913903812,0.0010096066474279818,21.164394016658317,0.021631458699367136,0.9996910766407812,-0.012244739697820967,0.3259894791467851,-0.0007445526861165671,0.012263719349644013,0.9999244120580005,0.546992383873909
0.9997302565801807,-0.023218751623599418,0.00038058311255311774,22.033349305319813,0.02322169011959379,0.9996528133362598,-0.01244855005802444,0.34387192769171254,-9.140961651850512e-05,0.01245403835633371,0.9999223300835592,0.5545584694255438
0.9997057396797391,-0.024241013807707216,0.00083895445630888,22.89632946119952,0.024249535198343386,0.9996294934108081,-0.012363978824527803,0.3645125204030996,-0.000538928004106754,0.012380692008420834,0.9999231669094524,0.5606289827396083
0.9996762580899415,-0.025288132524875218,0.0027924350302308294,23.753278439014068,0.025320169095087983,0.9996060674371631,-0.012106229227353417,0.3851773755372094,-0.0024851920222262185,0.012173017912710452,0.9999227744728949,0.5690429514050493
0.9996427893165205,-0.026113256449177162,0.005682264854961664,24.611163449705415,0.026187282655328794,0.9995676602694079,-0.013367889381081058,0.40371028511793333,-0.0053307299910663125,0.013511930443207948,0.9998944504140717,0.5770797996415821
0.9996161857978555,-0.026794781245704363,0.007027462856485895,25.43805426637643,0.026884504880881944,0.9995540413328288,-0.012999055627036602,0.41966541842233834,-0.006676023000364487,0.013183001774451227,0.9998907728693154,0.577970020793061
0.9996032185854138,-0.02755734430552817,0.005823222715654171,26.262021659933776,0.027628647187739188,0.9995396299825551,-0.012539922136758742,0.43903918605895326,-0.005474974657186117,0.012695835673190098,0.9999043514320309,0.5795707312222687
0.9995945489772832,-0.0283092644724766,0.003030079638078223,27.075991666088125,0.028341375577143862,0.9995363044958421,-0.011138107073297479,0.4607824303301707,-0.002713363154100377,0.011219476851465165,0.9999333465268748,0.5817547056372768
0.9995759223055436,-0.029082199577850017,0.0014105955661574752,27.87242561278534,0.029095565196009397,0.99952017073738,-0.010623751021048533,0.4832534077666907,-0.0011009570277038779,0.01066029575368992,0.9999425069570765,0.590233965571321
0.9995489462249498,-0.030015415522519944,0.0009255108443695661,28.664896427564106,0.03002310765235741,0.9995002058788715,-0.009895616144286672,0.5061990859932632,-0.0006280264944274722,0.009918942153541659,0.9999505478961793,0.6035028095816002
0.9995058305008879,-0.031426829263008736,0.0005210601732102223,29.44991811023131,0.03143049332609526,0.9994549262186047,-0.010101526965121422,0.5288513817415524,-0.00020331603609411643,0.010112916165907865,0.9999487432805078,0.6165972840167052
0.9994457438918576,-0.033288694682904046,-0.00011279823476644347,30.221783447260677,0.0332859970120937,0.9993980352198896,-0.00977848371768564,0.5517906038252434,0.00043824488081816386,0.009769310262307046,0.9999521208882531,0.624153468057007
0.999382351037305,-0.035135332263946634,-0.0004996265295298834,30.988459233798622,0.03512877249283346,0.9993349795173007,-0.009779856539213448,0.5741798786211414,0.0008429137708827855,0.009756276061777085,0.9999519694453949,0.6191562796941137
0.9993076084426554,-0.037198033224710055,0.0006378495922994377,31.748615780691992,0.037202581384726756,0.9992569476865817,-0.01007331135156097,0.5999048047766871,-0.00026266745182983734,0.010090074632512797,0.9999489438707632,0.6233084143042769
0.9992274804904748,-0.03916148926718424,0.0032812806009717825,32.49290717175017,0.03919264638823163,0.9991812466239737,-0.010040197358860385,0.626908872673381,-0.002885404170088183,0.010161046314360746,0.9999441728855515,0.633103406931683
0.9991488998710502,-0.04099896323810379,0.0045092705525201894,33.23035993415892,0.041039332670604264,0.9991146459649027,-0.009256210449434837,0.6586444636176885,-0.004125784572670579,0.009433393393782928,0.9999469541640473,0.6468443151236825
0.9990667634784896,-0.04293504635224478,0.004697444024855386,33.95765269371498,0.04297069752545988,0.9990461517756193,-0.007772594104749288,0.6957722952303323,-0.004359246401909612,0.007967198297093308,0.9999586847458917,0.6616871685681446
0.9989922601721782,-0.044727600416210954,0.003713591145910223,34.698766138032084,0.04474629299085276,0.9989852931227624,-0.00511305964543662,0.7361063162262643,-0.0034811276176395533,0.005274079122568111,0.9999799467050599,0.6727010007257054
0.9989157000292376,-0.046469086739559205,0.002807874782652137,35.388310166723244,0.04647906317403027,0.9989127452936162,-0.0036022424160391123,0.7743507786246046,-0.002637428616914398,0.003728846474428703,0.9999894546771471,0.6802007890585379
0.99883906114096,-0.04798742969476567,0.004199210047654227,36.08102376609819,0.04800067450489143,0.9988424848676372,-0.003112341930479272,0.8105152951257917,-0.0040449958257634646,0.0033102967642620043,0.9999862539914038,0.6804086580306451
0.9987806104453352,-0.04903459640470021,0.005718555643800681,36.76884499281741,0.04904627953082186,0.9987946326340802,-0.001921212799940323,0.8459673496891083,-0.005617458410402919,0.0021993444385100943,0.9999817569205857,0.6794577246611486
0.9987806562249028,-0.048961041758356416,0.006310989949994005,37.44468873736799,0.04895501530810167,0.9988003891743988,0.0011060263146688402,0.8863198167404251,-0.006357571682047928,-0.0007957207605672903,0.9999793546006994,0.6855018590220034
0.9988462471431192,-0.04784730348772758,0.004094935023453747,38.10657692953423,0.047829938512567095,0.9988465481598022,0.0042371210648598995,0.9247233085203497,-0.0042929464142459645,-0.004036371956342958,0.9999826046970799,0.6846786287468374
0.9989406783971625,-0.04601017101763644,0.0006982558543337361,38.7586908976822,0.04600534008987925,0.998924275606706,0.005822138431395752,0.9560812400661638,-0.0009653814539307005,-0.005783846498788502,0.9999827459961328,0.6799534090913687
0.9990382313396089,-0.04382657392930506,-0.001288986401907447,39.39561960521368,0.04383370939844909,0.9990198280792236,0.00616092678402625,0.9846573920613221,0.001017710814080861,-0.0062115044315526925,0.999980140581169,0.681002118566914
0.9991683454556612,-0.040772930710105855,-0.00038298348208759867,40.032509388126336,0.040774650062068866,0.9991414072874312,0.007345828637365078,1.014600079781409,8.314625465196701e-05,-0.0073553349744000015,0.9999728472569094,0.6838736461789647
0.9993025256632752,-0.03724340543422425,0.002686497404617573,40.68199353471698,0.03720751102929599,0.9992311666892707,0.01235895284489115,1.04760378547577,-0.00314472092263793,-0.012250375768970749,0.9999199076474561,0.6933120185319299
0.9994187866036828,-0.033485857729104666,0.006374122886386356,41.28747755534637,0.03337505999631613,0.9993023627608288,0.01676085465766763,1.0772512157002203,-0.006930929277383474,-0.01653838273848968,0.9998391506354904,0.7008126619652875
0.999548440663242,-0.029174785073349523,0.00718512507247471,41.88626913742133,0.029013458174178434,0.9993452114491228,0.021617123251439555,1.1034522791618455,-0.007811096858836983,-0.021398904482916387,0.9997404478876369,0.7057985058191114
0.9996898614393783,-0.02378247154474349,0.007381635156673924,42.47105788260241,0.023589069445827487,0.9994024030855796,0.025266127273520348,1.1254237369406264,-0.007978115166904777,-0.025084167657414076,0.9996534354750438,0.70840417070266
0.9997917550616959,-0.018045836029835942,0.0095204876066725,43.03975482246797,0.017764032914266426,0.9994245701419193,0.028896434710097004,1.1431416895092712,-0.010036473272378223,-0.028721304639482022,0.9995369747963869,0.7118425731870291
0.999872847488944,-0.011361698194526218,0.01118430345896376,43.587985057826856,0.010977402614738865,0.9993668669070628,0.03384227488634417,1.1587287565968736,-0.01156172700405456,-0.033715206932708026,0.9993644856039952,0.7169564955099367
0.9999323744592209,-0.004206261195198556,0.01083587379643942,44.11500509445065,0.0038020941766373356,0.999306048959417,0.0370532209168629,1.1681539021547995,-0.010984210209709407,-0.03700952611621261,0.9992544765813643,0.7225730621944629
0.9999280371869523,0.003096697453280002,0.011580517627305345,44.62262949864754,-0.0035631177618853315,0.9991742027672812,0.040474944218974955,1.1720931770730612,-0.01144561465614995,-0.040513299596808536,0.9991133600457685,0.727704257408064
0.9998768446078458,0.010657690458388366,0.011517512545632403,45.10610877437429,-0.01116406279646028,0.9989320826927863,0.04483425486146792,1.1745743263368196,-0.01102738885867581,-0.044957317958794346,0.9989279726993702,0.726746471104553
0.9997871167239627,0.018538876557688797,0.009048226380202813,45.570001123451554,-0.018961700945521937,0.9986125894460482,0.04912640895376496,1.1739639107139064,-0.008124924739416135,-0.04928753263878627,0.9987514938299913,0.7254429839634887
0.9996242688947765,0.026686334655228253,0.00624289319654948,46.009295667984716,-0.02696930249631494,0.9983459755537889,0.05077438730610928,1.168093628559409,-0.004877584605225436,-0.050923689497859526,0.9986905555514365,0.7310712586704832
0.9993753724496472,0.03461387986358994,0.007108475391699306,46.431079901409504,-0.03493281904045789,0.9980799498428211,0.05114818795624312,1.1561273319247212,-0.0053243892562943405,-0.05136457425019427,0.9986656777075338,0.7366113245519806
0.9990648393312744,0.04230734662397445,0.008909127050765273,46.8283274680785,-0.042704864542925956,0.9978083341100199,0.050545418981066965,1.1376449710363326,-0.0067511589358185565,-0.05087862036747945,0.9986819265587078,0.7424303076562783
0.9986783186497997,0.05034345120498151,0.01034544792897774,47.20043086361377,-0.05081687434781036,0.9973428816555393,0.05220029668606153,1.1190766006769926,-0.007690015814402522,-0.05265704674429748,0.998582999694663,0.7459904201999187
0.9981676212296199,0.05949073111395263,0.011047218249510356,47.563388356118004,-0.06001506877581341,0.9966509188990517,0.05554443358694762,1.1014619053124395,-0.007705840758999534,-0.05610567600990262,0.9983950598713305,0.7491278602061199
0.9976225438999762,0.0679575707920641,0.011442900256351266,47.87463229410873,-0.06852523132278204,0.9958381954009216,0.06008771856520857,1.0858783097728961,-0.007311863905743414,-0.060729010153336246,0.9981274606991042,0.7537129664339166
0.9969535785374765,0.0769879573836835,0.012502921654437211,48.17309682886397,-0.07763066994644083,0.9949540399911772,0.06356076022718365,1.0652548379020972,-0.007546422495718392,-0.0643377533090048,0.9978995814713487,0.760606257296805
0.9961820846407856,0.08624724198666325,0.013509613864352671,48.4475376919754,-0.08693095561590203,0.9942266086336095,0.06290116657906707,1.03781584047842,-0.008006569530300165,-0.06383543420489594,0.9979282067256071,0.7721567468337402
0.9952025907759501,0.09707160966539873,0.012200227943447611,48.71332649275357,-0.097643267201851,0.9933054103517807,0.06172709659204054,1.0074414662004334,-0.006126598075603039,-0.06262225076386332,0.9980183988722714,0.7815847233035857
0.9939734004394442,0.10931474333851365,0.008184776621932326,48.97234893883539,-0.10961008780919543,0.9921428140270484,0.06031865266002763,0.9744248109431721,-0.0015267519547411236,-0.060852284039722454,0.9981455855335094,0.7894788680931122
0.9924186487876017,0.12280398193786835,0.004923803446760133,49.22929808605549,-0.12287447990425833,0.9905378519644346,0.06112767544878179,0.9388628128270791,0.0026295084225578602,-0.061269265444396745,0.9981176992479658,0.7964640338543313
0.9903509689663582,0.1385136187522676,0.004330994809050615,49.484461698349364,-0.13851094650832124,0.9883695845814197,0.06277196408538036,0.9021986260321018,0.004414149176424984,-0.06276618506628877,0.9980184464522242,0.8053202809755404
0.9878188998148603,0.15553895042782528,0.004614666706535905,49.74776600669931,-0.15551058917442012,0.985723748957879,0.06453807198543161,0.8586267321515316,0.005489400827368835,-0.0644695728907665,0.9979044512272626,0.8127732304330467
0.9851232357450188,0.17178624996511024,0.004648574752650763,49.98492784000167,-0.17172417055552167,0.9830152405361722,0.06474517099701506,0.8123162568661227,0.006552715216306351,-0.06458026468242875,0.9978909237188108,0.8198958875785975
0.9817722781569118,0.1900027125959662,0.004683882150083072,50.230257373634956,-0.18991122363627516,0.9797273337461263,0.06378221697993855,0.756628620798476,0.007529872975390129,-0.06350915624885037,0.997952788096964,0.8267406799152275
0.9776988001387776,0.20993861471146047,0.005544663039628209,50.47816511025779,-0.20986938426202528,0.9757228041744478,0.06260862892317205,0.6944557898657883,0.007733921670436797,-0.06237605500411972,0.9980226956867768,0.8340863639122835
0.9732868165073267,0.22951882136122603,0.00580960819828711,50.709323082175594,-0.22942438400507134,0.9712959257563614,0.06283906780066893,0.6327554169762218,0.008779906253303304,-0.06249332404694103,0.9980066577363141,0.8399876301512342
0.9680026473101236,0.2508807396546272,0.005444553966243545,50.94876369342477,-0.25070024562924886,0.9659030783996662,0.06465730539036653,0.564959998695803,0.010962373759672066,-0.06395341830819527,0.9978925742902128,0.8460114135317335
0.9618101802355372,0.2736656687357221,0.005313684187816031,51.186620447122266,-0.27341446128955493,0.9596521003305198,0.06566847192221258,0.4897605566008259,0.012871928135938956,-0.0646134639111857,0.9978272194339456,0.8532942181516066
0.9544853435254811,0.29818565402393843,0.006550775397617264,51.427395909620714,-0.29794645223652066,0.9522567284761065,0.06659586122051389,0.4061878683761037,0.013619921447900194,-0.06551657831365872,0.997758427998415,0.8622193170160382
0.9460180283131996,0.3239984307955175,0.008645349743004307,51.668928765664056,-0.3238006023652048,0.9435955245771872,0.0691427105663765,0.31738078680417264,0.01424442164278791,-0.06820964126010452,0.9975692471096157,0.872089548365702
0.935982723783518,0.3518858505554769,0.010608192938701513,51.91322287494088,-0.35172017022519425,0.9333971575861931,0.07115256626400752,0.21852608172663146,0.015135925682385228,-0.07032870854469038,0.9974089186302916,0.8831016322458909
0.9248750186982385,0.3800831633429334,0.011950513415952928,52.145381082979,-0.37992955683862073,0.9222572400659431,0.071380064243591,0.11115496302355114,0.016108918000572306,-0.07055801788340414,0.9973775412358208,0.8945537275637677
0.9120114363880775,0.41000195766961167,0.01155411712666497,52.37496802800542,-0.40977780580638057,0.909566321052534,0.06907436913689445,-0.011637897800141586,0.017811397140500493,-0.06773124805963944,0.9975445425593912,0.9048649033285423
0.8965871298140121,0.44275437909929405,0.009995284843214386,52.60355566480047,-0.44240268130650734,0.8943854475377707,0.06598910409368768,-0.14812673450223396,0.020277331632746084,-0.06358693963373327,0.9977702226482199,0.9141509884314867
0.8791732754594653,0.47643864816047815,0.007771965800241449,52.828002772308224,-0.47588442171087897,0.8770868725792459,0.06521307810396558,-0.2910855107332241,0.024253351108232554,-0.061032170295279464,0.9978410519612914,0.922808415834938
0.8595514813412921,0.5110158232359732,0.005832197336394375,53.051912792877914,-0.5102235060236973,0.8574585310700665,0.06660941815105853,-0.44452907037362,0.029037609257052968,-0.06022996166407052,0.9977619875886434,0.9315357201579448
0.8374536949189197,0.546484781646036,0.005059315862115082,53.282975421180716,-0.5455055924421284,0.8353210266681743,0.06828141562207184,-0.6142149505369862,0.033088613081434126,-0.05994242919112407,0.9976531784129081,0.9415705879559337
0.8126293407649156,0.5827496777589956,0.006015852029202241,53.518486850492344,-0.5816425885513219,0.8103544515392545,0.07083482838337402,-0.7994359068653374,0.036404011686782346,-0.06106154946821212,0.9974698076958326,0.9531406698998895
0.7855961174155528,0.6186712388325695,0.009199958797308363,53.748009799191344,-0.617523218293768,0.7830331756328756,0.0743249758377318,-0.9966260089538582,0.03877886357525964,-0.06407061112677839,0.9971915069515737,0.9680907564170096
0.7558362309853196,0.6546289153640706,0.013135567416773736,53.98838557453334,-0.6534610769373377,0.752920947493369,0.07809346646912882,-1.2161568688342648,0.04123221048114402,-0.0676094718797531,0.9968594215213135,0.9838769895792181
0.7227012408265251,0.6909980657755724,0.01498518371611217,54.22412358973034,-0.6897948081267504,0.7197413932015175,0.07845584553139627,-1.4629778026950404,0.04342739763932289,-0.06703684840960925,0.9968048659719597,1.0009043347707984
0.6860601404237151,0.7273544109648032,0.016643741192025288,54.44975527301133,-0.7262437359269108,0.6832866552241317,0.07542728026403904,-1.7412331915326282,0.0434899364809388,-0.06383508177114784,0.9970123043521554,1.013046047073205
0.64689830268705,0.7623728818721833,0.01760964900128021,54.67688427080569,-0.7612717774592258,0.6442693071878537,0.07336429372141094,-2.055505293862604,0.04458561519742015,-0.06086497981527811,0.9971496901250984,1.0117331295507803
0.6038885277871648,0.7968377400509496,0.019190612752794652,54.89350631310172,-0.7957360563863879,0.6013123302442329,0.07230194592950251,-2.3892262548009935,0.046073379479715695,-0.05893299622927797,0.9971980419686042,1.015300723571284
0.5583909982975834,0.8293669079956636,0.018708675113631446,55.10001734768762,-0.8281391969475265,0.5559532952599395,0.07142428213715926,-2.741532159778937,0.04883580090919747,-0.055376076950488594,0.9972705064424789,1.0088285763164493
0.5103353449579298,0.8597361625192281,0.02028418266332427,55.2990547499028,-0.8585497078600604,0.5079900122462039,0.06956004171409509,-3.1189896154244665,0.04949913619278102,-0.052913936641422445,0.9973714427958675,1.013341347442248
0.4616039302522629,0.8867871788915624,0.02302652525690536,55.47847627222113,-0.885753631492864,0.4593330806677268,0.06673547316783211,-3.518760266720143,0.04860332965249575,-0.05120119489402007,0.9975048890800114,1.0163363054229504
0.4116479278709456,0.9109253600414569,0.027583516938873644,55.640866118510644,-0.9101257211566581,0.40934603540258757,0.06408617086657681,-3.944838932463164,0.0470865299732933,-0.05148541776088335,0.9975630367264675,1.038965441455942
0.36210603319870804,0.9315058460984654,0.03429294901672844,55.78925814743482,-0.9309761231100302,0.3595747957138276,0.06316184083303124,-4.382570152051987,0.046504761587605824,-0.054797208156580214,0.997413871087465,1.0588278595528906
0.3126562690773717,0.9492476724446265,0.034274998354212126,55.90560873528257,-0.9485780137670504,0.31015023984343854,0.06329771695843459,-4.840382309072444,0.049454830466201215,-0.05230295609474431,0.9974058910791905,1.0791918019739488
0.265260908295619,0.9637839601969698,0.02751482394896283,55.998705927319044,-0.9629278127638052,0.26335749502220773,0.05841937938635044,-5.319020484690788,0.04905743699083862,-0.041991175256300875,0.9979127966821739,1.1062900793887482
0.2209021315832432,0.9751395924817182,0.01746276320191651,56.06379951976377,-0.9741433625505747,0.2197355658445972,0.05254505784429587,-5.819745022993703,0.047401595339433895,-0.028618552875537932,0.9984658025721601,1.1329610372516086
0.17741343112713182,0.9840700218710458,0.011431856788342796,56.12172225470191,-0.9829828845793089,0.17663125079954117,0.05045775787322358,-6.341667060403592,0.047634760685126044,-0.020189200103086818,0.9986607180733275,1.1544405979328354
0.13962474910108277,0.9901618100464746,0.009190947278208444,56.166801803454355,-0.9888872907179991,0.13895450183080274,0.05285297472401009,-6.854233966259413,0.05105588751967853,-0.016468390732925275,0.9985599490681148,1.177330475502645
0.10717822283945255,0.9942372098917169,0.0022784524659683926,56.19107846577204,-0.9928938803142174,0.10691368441413875,0.05226050012084537,-7.385914178075995,0.05171575177715611,-0.007863444784592378,0.998630792746409,1.213873080755272
0.07788047796942343,0.9969597205810743,-0.0024449029939882672,56.215569050816995,-0.9956983916349723,0.07790495122111946,0.050154421016008484,-7.936797245846779,0.05019242189496135,-0.001471657084635366,0.9987383708094573,1.2581599368045786
0.05282916449164671,0.9985739666678024,-0.007680297450938725,56.22790515238172,-0.9974486598172669,0.053136288970260626,0.04767271759287259,-8.502301699695781,0.04801286218276374,0.005142199982402475,0.9988333865380926,1.2928279974895225
0.03299621475310535,0.9993836540525318,-0.011976707926549531,56.23840785302967,-0.9982996676244115,0.033531824241684896,0.04767957734088528,-9.079252625004656,0.04805180690628947,0.01038311228725949,0.99879079100521,1.330415639681961
0.017289326304665106,0.9997482738068807,-0.01429617191748073,56.240787081057455,-0.9986224617194749,0.017974766623702336,0.04929550420666405,-9.661103173576647,0.04954007933111281,0.013424204967902253,0.9986818270716326,1.3685269686737283
0.0038306445823962088,0.9998933892065562,-0.014089559394242994,56.2421637453564,-0.9988035650526166,0.004512622469574512,0.04869402066543516,-10.265993002735822,0.048752430622805216,0.013886185290049084,0.9987142659480295,1.407647060751799
-0.007660189085622631,0.9998753985828797,-0.013800316184019381,56.24410764333864,-0.9987621936462204,-0.006971920287860853,0.04924911869362261,-10.866342860282767,0.049146782715763886,0.014160500658927763,0.9986910993734834,1.450352087068529
-0.016633655140387026,0.9996993634052166,-0.01801556036095075,56.229823781187335,-0.9984938170067489,-0.0156660443985723,0.052580492661529234,-11.484250291537222,0.05228247142974867,0.018863049103061618,0.9984540795389595,1.501507859919757
-0.023393686878440165,0.9994807913443643,-0.022156370727201488,56.1973708378484,-0.9982706020766686,-0.022158330647854763,0.054449306124462554,-12.112562462399909,0.053930106347466235,0.023391840543283117,0.9982706375262949,1.55600569409133
-0.028052403535932295,0.999362193160662,-0.022096436582778593,56.171766782784246,-0.9982070492256161,-0.026837040614796907,0.0535011755029859,-12.750671822066462,0.05287406075054512,0.023557668265918853,0.9983232141507292,1.6000641320021332
-0.03160928386340164,0.9993090735114285,-0.019549588276922426,56.15281806866144,-0.9982272417674919,-0.030576110816981316,0.05106333398500754,-13.404149408855691,0.05043031613621333,0.02112902243612172,0.9985039346803827,1.6431785975437112
-0.03380399770271226,0.9992766786264834,-0.01741607456677973,56.12840407702051,-0.9985077681943386,-0.03301992159746982,0.04349531535247381,-14.065630501421035,0.042888794145614036,0.01886041328078766,0.9989017493001819,1.6900331975200003
-0.03503684072754588,0.9992065579067114,-0.018940300156336035,56.091261358561894,-0.9987030317619859,-0.034306075561115285,0.03762082697823055,-14.746117058450913,0.03694121762087025,0.020233868588017612,0.9991124862886611,1.7319935894845686
-0.035549919516804945,0.9991339911891756,-0.021621942713322233,56.048381718300135,-0.9987646627144925,-0.03476853292129173,0.03550007910288916,-15.43150593183939,0.03471758205862133,0.022857272529176024,0.9991356724380965,1.7736123712335616
-0.03546414588012738,0.9990654499004362,-0.024706758903774922,56.00949674943566,-0.9986862444053362,-0.034514051027767015,0.03787473723234421,-16.121059723524077,0.0369866326567812,0.026017513520367887,0.9989769469078942,1.8162459458982
-0.035153701622489424,0.9990517567435776,-0.02568492730224993,55.971473308432756,-0.9983655856703005,-0.033947589210488516,0.04597448005660187,-16.81634503047016,0.045058961924565634,0.027259132936735278,0.9986122408329778,1.851569302696031
-0.033295627879367545,0.999103002082688,-0.02616460893500355,55.93959937332526,-0.9980421198071661,-0.0318506178637158,0.05382795230827116,-17.518449657251953,0.052946335405687404,0.02790562707508739,0.9982072657430832,1.8817248858047746
-0.03126537667170468,0.9991289852206755,-0.02763658259477034,55.90955702351469,-0.9980270734467754,-0.029700857825083457,0.055314567678592025,-18.238723091981818,0.05444557103595887,0.029311501869645304,0.9980863144967882,1.9167045699949334
-0.028979616004037013,0.9992205654037154,-0.026804134625118388,55.880694847966225,-0.9983513423372573,-0.027604469506948153,0.050324064789858375,-18.976332425475753,0.04954494092928792,0.02821833499915098,0.9983731455109853,1.9581410008913824
-0.026213669118668216,0.9992993488618608,-0.026715161534143685,55.854798561383355,-0.9987697635245576,-0.025055787254233127,0.042792107778281394,-19.71397823244514,0.04209276937251832,0.027804045313016765,0.9987266963729015,2.005968741963183
-0.023425518418761775,0.9994235033366401,-0.024573057346808588,55.83262434033346,-0.9988636153340024,-0.022377765638603865,0.042080148501391905,-20.44904817821987,0.041506024944913476,0.025530899812104872,0.9988119240573657,2.0471446471571317
-0.020679745856020598,0.9992523206056352,-0.0326675110309454,55.798831872168826,-0.9986737290833014,-0.019104768626287964,0.047809826137530965,-21.17480791664273,0.04714998991365309,0.033612900965207096,0.9983220544823088,2.0825390079785793
-0.01757565960520863,0.9992391771726499,-0.034815642924614795,55.77074873594817,-0.9984595763635187,-0.01570788648081241,0.053213069471162576,-21.903560371655153,0.05262572402240432,0.03569728565481195,0.9979760060860212,2.1192878933518644
-0.01503488579524205,0.9994894034794385,-0.028193031054450996,55.765433234417515,-0.9984697049967225,-0.013506915855730873,0.05362528039776988,-22.640203344490622,0.053217118805869726,0.02895615676874505,0.9981630116509729,2.162438937065779
-0.011504391337980886,0.9996252193624923,-0.02484123117310994,55.760561150972066,-0.9986408971319659,-0.010223057932312688,0.05110574712999419,-23.369731128300305,0.05083264990784474,0.025395431826912326,0.9983841862702938,2.212053315703182
-0.006804731144313661,0.999561219967854,-0.028828692658916744,55.741437935171085,-0.9989472512574741,-0.005487038810487457,0.045542647583255935,-24.111785300037578,0.04536449736009609,0.029108267731086126,0.9985462799548013,2.2655761573889466
-0.0038687753930978955,0.9994158855982195,-0.03395392569706431,55.71897004784998,-0.998839217560605,-0.002231835659421974,0.04811669165994993,-24.850470188665643,0.04801282679776832,0.03410068268773268,0.9982643920525199,2.309489086669088
-0.0009098913879520888,0.9994353998835976,-0.033586973226455014,55.71601697480524,-0.9986395394201328,0.0008429677343743521,0.05213756990876255,-25.574135823392748,0.052136466589435625,0.03358873760749261,0.9980748475535777,2.351602758987616
0.0027141781046606034,0.9995360559243137,-0.030337123330587377,55.72567710544489,-0.9985562942498801,0.00433649520715482,0.0535390616994853,-26.307591872451425,0.05364580251237063,0.03014803038736276,0.9981047306881848,2.3978560900924273
0.006645170344800701,0.9995421858101341,-0.029515170691721666,55.74128241679927,-0.9985979508919721,0.008183184082760076,0.05229790875107695,-27.045049070059328,0.05251550985792534,0.02912627604541591,0.9981951685724393,2.444474097295051
0.010399727380938105,0.9993635740478015,-0.03412240700945297,55.747531697923364,-0.9986938837040021,0.012087717442450326,0.04964141320774404,-27.78499761936982,0.05002229954202125,0.03356159670274224,0.9981839551766117,2.496363426425807
0.014139349440449792,0.9991416842329051,-0.038934791551527924,55.758275170479024,-0.9986486895691044,0.016058397390654892,0.049425471292801386,-28.51915164399781,0.050008298148936856,0.0381833544434431,0.9980186031688955,2.550867598523246
0.017526718825409557,0.9989646205113334,-0.04198120813690089,55.768774990394434,-0.9985304001567383,0.01964175412792728,0.050509539119430256,-29.254309435029047,0.051281847762055514,0.04103426923193018,0.9978407470466635,2.5980919731297867
0.020235955079595556,0.9988999838077567,-0.04229950437122678,55.7815258273775,-0.9984565606580551,0.022379389296969365,0.05082911592053814,-29.98878261521084,0.05171986133680995,0.04120566474081126,0.9978110756234354,2.6418646277734887
0.0237282620960136,0.9987430753279545,-0.04414926135711415,55.792481033175825,-0.9984275875841631,0.02591798738013189,0.04970544839842287,-30.72863836537309,0.0507872472498778,0.042900432529570036,0.9977875705238549,2.6842562987481045
0.0274276383270618,0.9985746212130048,-0.04578576945577311,55.80428423500855,-0.9984068808292323,0.02962487829455932,0.048021696667250965,-31.469963117611954,0.04930966968452117,0.044395727234052725,0.9977962433783795,2.7278619133499395
0.030274015986501743,0.9985318043991637,-0.04491793020794216,55.82609038308019,-0.9982587465746908,0.03248066736204425,0.04923796116834059,-32.208952631492046,0.05062465239835485,0.043349108046517267,0.9977764966514545,2.7612613674719384
0.03341915866037764,0.9985441188770495,-0.042341541357677794,55.85398487719997,-0.9980825604514242,0.03555214492407206,0.05066660392061108,-32.95172729224533,0.05209818952471695,0.04056713095661876,0.9978176164155509,2.7940955788970787
0.036166146512965174,0.9983599247850653,-0.04437923431241344,55.87908792713541,-0.9979700172250995,0.03841009749646585,0.050797832719387585,-33.69575582005083,0.0524191510061448,0.04245200759946816,0.9977223459905695,2.828792583587638
0.03911476085807344,0.9983575585301983,-0.0418584464461687,55.911556772973455,-0.997878831515165,0.0412089514118353,0.05039539784020424,-34.443656213534666,0.05203759371956042,0.03979847104279867,0.9978516977300919,2.868464671026712
0.041153783393017354,0.9983134852263392,-0.04094609662842176,55.946917278749574,-0.9977463098412094,0.04323502813174296,0.051313141065468665,-35.18815278232186,0.05299691519804069,0.038742106624919226,0.9978428284752402,2.9048895921092748
0.044530704938672304,0.9983116183910417,-0.03729514740391948,55.98516764861241,-0.9976270661294192,0.046400388697772056,0.050864740514648205,-35.94401736837902,0.052509389922831426,0.034941622493828345,0.9980088963635563,2.94694399896596
0.0478559811801251,0.9981905950800322,-0.03640464738106304,56.02245598754622,-0.9973547669771258,0.049748675667340106,0.05299489136925724,-36.69750322891647,0.054710102767151186,0.0337722453292554,0.9979308731525355,2.9897859707485
0.05091665273670947,0.9980591958181838,-0.03585131126014852,56.060818872347916,-0.9969531948225534,0.05291870292578095,0.057305209491914005,-37.451640817737925,0.059091217390138756,0.03282431203824807,0.9977126843375103,3.0361782207869643
0.05424021579567956,0.9978861409131065,-0.03579494950973739,56.10146267215989,-0.9966858871940487,0.05628177236131878,0.05873238187598891,-38.21315202358466,0.06062284674222095,0.03249067935252021,0.9976317618430024,3.083585128220282
0.05756657105057633,0.9978766785573308,-0.030465463173977324,56.15310982879866,-0.996340185392238,0.059355756543721626,0.061506850352314006,-38.97784329662798,0.06318457509857876,0.026813239987210497,0.9976415024057028,3.1257660073728375
0.060483301059319906,0.997814447156731,-0.02660993671182349,56.20747878189924,-0.9962544969530155,0.06199623150818015,0.060277113185294696,-39.75056822033664,0.06179510981330824,0.02286452601313979,0.9978268874325007,3.1694681553810633
0.06396196856081783,0.9975288972608766,-0.029066896351677456,56.25456921176567,-0.9959885840447921,0.06563534983303171,0.06081735467729985,-40.52724339837646,0.0625749074510115,0.02506030698596064,0.9977255616061511,3.2181730281688834
0.06800141491034722,0.9972680631264824,-0.02884786497373234,56.30602714350109,-0.9956525842027781,0.06967930553115748,0.06181222457731,-41.304986224003315,0.06365348215321008,0.02451915218462753,0.9976706995584961,3.265197937819351
0.07175987720571132,0.9971167301351288,-0.024670425101657702,56.36835141370364,-0.9953348523402191,0.07318707806926446,0.06286639483120594,-42.089506624885274,0.06449070894755858,0.020044062636202543,0.9977169447250247,3.3101941015262395
0.07595671022696673,0.9968090261126157,-0.024543732789691772,56.42884641919964,-0.9950856980453736,0.07734757055137867,0.06182053437638803,-42.88097711672337,0.06352168120260406,0.01972744583799749,0.9977853492216552,3.3583034381777304
0.08102116086830945,0.9964077345910582,-0.024642452920177787,56.49348006780331,-0.9947807228673929,0.08237791308359751,0.060208340762695024,-43.68931209060917,0.06202206645440658,0.019635699631267687,0.997881566048094,3.403731003528215
0.08592571956275728,0.9960591409108924,-0.02197426639302938,56.56612340021533,-0.994072439171284,0.08718718058581705,0.06494855558967597,-44.465455627803216,0.06660850943282591,0.01626327413307594,0.9976465498514265,3.450388160881361
0.09180329857834524,0.9955402114238867,-0.021723158339019593,56.643254929748565,-0.9928715993170902,0.09317895551691238,0.07432132169713027,-45.256248774875196,0.0760140326722793,0.01474538004910596,0.9969975959047431,3.4902808883006387
0.09927347201300944,0.994838788623481,-0.020989807544773875,56.725968859171445,-0.9918027642901183,0.10063189768852132,0.07874280252231973,-46.05993055019523,0.08044861812643274,0.013000692863949696,0.99667391029847,3.5401039230267384
0.10672504683250764,0.9941279427284085,-0.017871618863825767,56.820906113579404,-0.9908454131134184,0.10783282337119807,0.08122385485265676,-46.87529730429154,0.08267412175565172,0.00903940141614612,0.996535529796295,3.59591802980729
0.11403209788428671,0.9933735893078991,-0.014338149833622698,56.91994419676972,-0.9902340024292821,0.11481320428861576,0.07908515379093274,-47.66812812761727,0.08020733712966238,0.005179885072662361,0.996764697827098,3.65647758853486
0.12172345279472291,0.9924577487983703,-0.014527744247749344,57.022575633771226,-0.9894563523247671,0.12248666340138242,0.07728565154058771,-48.48189408375232,0.07848222352513629,0.004967107325279517,0.9969030838038953,3.719241106170627
0.1289837389902998,0.9915381440824697,-0.014669064590353796,57.129783946019785,-0.988754759695839,0.12972245566729154,0.0744043995998972,-49.29672147851165,0.07567772746692918,0.004907159637729121,0.9971202053424091,3.777962665247105
0.13675541486057052,0.9905296914470618,-0.012202202813791488,57.246692603367116,-0.9881707272457769,0.13727197523814194,0.06837363221748541,-50.11407096576723,0.06940115370859028,0.002707401536601587,0.997585109901288,3.837575721838461
0.14417337792837842,0.9895055510822358,-0.00963456337778282,57.37133726392952,-0.9875805917353584,0.1444936267307661,0.061693113085668765,-50.92630432132018,0.06243783477905791,0.0006204159526198962,0.9980485953408558,3.889487768324709
0.15192487683211875,0.9883502219524205,-0.0090882876457829,57.4981824740475,-0.9866405375989001,0.15219644614985897,0.05810950121090383,-51.748592383288795,0.05881577396610931,0.0001386032943022681,0.9982687770180227,3.94558798983433
0.15889683538425833,0.9872414227964761,-0.01029895781179062,57.62342767987433,-0.9853418817286088,0.1592297160943852,0.06121490958554494,-52.53395491829461,0.06207381721656713,0.00042114719506158524,0.9980713485213569,3.9931986528766577
