'03':
  ARE: 0.001220447449950804
  ATE: 0.015941758216180577
  STD_ARE: 0.0008050164032740529
  STD_ATE: 0.009053991797687127
  nsecs_per_frame: 0.09539902731125126
  rot_err: 9.380122798978819e-05
  tr_err: 0.014318865664353031
AVG:
  ARE: 0.001220447449950804
  ATE: 0.015941758216180577
  STD_ARE: 0.0008050164032740529
  STD_ATE: 0.009053991797687127
  nsecs_per_frame: 0.09539902731125126
  rot_err: 9.380122798978819e-05
  tr_err: 0.014318865664353031
