0,1,2,3,4,5,6,7,8,9,10,11
1.0,0.0,0.0,0.0,0.0,1.0,0.0,0.0,0.0,0.0,1.0,0.0
0.9999989,0.0014300456,-0.0002514572,1.0871339,-0.001429905,0.9999988,0.0005582049,0.007944635,0.0002522552,-0.0005578447,0.99999976,0.019102765
0.999994,0.0034669098,-9.22376e-05,2.3451154,-0.0034668334,0.9999936,0.0008169996,0.010859445,9.50695e-05,-0.00081667484,0.99999964,0.03551787
0.99998957,0.004555056,0.00016586011,3.559406,-0.0045551276,0.9999895,0.00043239936,0.008088773,-0.00016388878,-0.00043315036,0.9999998,0.053809002
0.99998343,0.0057457825,0.00025672617,4.766544,-0.0057458864,0.9999834,0.00040316227,0.0067184507,-0.0002544054,-0.00040463067,0.9999998,0.07323156
0.9999787,0.006519803,1.652896e-05,5.967359,-0.006519807,0.9999787,0.00020724628,0.0044466467,-1.5177373e-05,-0.00020734961,0.99999994,0.08751417
0.9999728,0.0073408415,-0.0005528256,7.1661644,-0.0073407902,0.99997306,9.561955e-05,0.003542657,0.00055351254,-9.1558766e-05,0.99999976,0.109151244
0.99996674,0.00809303,-0.0008356831,8.362898,-0.008092826,0.9999672,0.00024790873,-0.00061663054,0.00083766197,-0.00024113746,0.9999995,0.12569712
0.9999653,0.008316852,0.00015529168,9.569569,-0.008316907,0.99996537,0.00035019318,-0.005478669,-0.00015237385,-0.00035147258,0.9999999,0.14586663
0.9999734,0.007249473,0.00066220056,10.776527,-0.007249225,0.99997365,-0.00037799455,-0.008922083,-0.0006649234,0.0003731841,0.9999997,0.16205683
0.99998724,0.0050109485,0.00040265406,11.9765625,-0.0050102947,0.9999862,-0.0016104716,-0.008548786,-0.0004107185,0.0016084339,0.99999857,0.18094465
0.99999636,0.0026617574,2.4912306e-05,13.176267,-0.00266171,0.99999493,-0.0017796563,-0.0074287117,-2.9649193e-05,0.0017795836,0.9999984,0.19814351
0.99999887,0.0014302047,1.2442191e-05,14.372557,-0.0014301881,0.99999815,-0.0013089187,-0.0004903036,-1.4314189e-05,0.0013088995,0.9999991,0.21727338
0.99999976,0.00028834247,-0.0002435219,15.575043,-0.00028833386,1.0,3.796781e-05,0.0056899977,0.00024353288,-3.789738e-05,0.99999994,0.23468211
0.99999976,0.0003334581,-0.00028555025,16.772573,-0.00033361118,0.9999998,-0.0005340579,0.011726285,0.00028537217,0.0005341533,0.99999976,0.25291187
0.9999998,0.0001371474,0.00017589738,17.96566,-0.0001369823,0.9999996,-0.000941735,0.0139802545,-0.00017602641,0.000941711,0.99999946,0.2719519
0.99999946,-0.00083654124,0.00021501812,19.181911,0.0008368039,0.9999989,-0.0012265305,0.020019071,-0.0002139918,0.00122671,0.99999917,0.2887803
0.9999991,-0.0010407964,-0.00061892497,20.380556,0.0010401378,0.999999,-0.0010627948,0.026998408,0.00062003057,0.0010621503,0.99999917,0.30849147
0.99999684,-0.0019619146,-0.0014404429,21.586452,0.001960314,0.99999756,-0.0011115209,0.03679428,0.0014426201,0.001108694,0.9999982,0.32615355
0.99999523,-0.002840383,-0.0010808323,22.790382,0.002839525,0.99999577,-0.0007945737,0.044442974,0.0010830846,0.00079150114,0.999999,0.3458045
0.9999942,-0.0031348087,-0.001199994,23.983967,0.0031337747,0.9999948,-0.00086282747,0.05721745,0.0012026924,0.00085906225,0.9999988,0.36352333
0.9999884,-0.004482555,-0.0017112904,25.189579,0.0044814185,0.99998987,-0.00066790124,0.06690423,0.0017142667,0.0006602248,0.9999983,0.38408265
0.9999875,-0.0047610737,-0.0014219409,26.395271,0.0047605997,0.99998873,-0.00033704832,0.07661422,0.0014235292,0.0003302752,0.99999887,0.4031054
0.99998045,-0.006219809,0.0001228383,27.603487,0.0062199687,0.99997985,-0.0013371527,0.08951963,-0.000114519404,0.0013378909,0.999999,0.4210095
0.999973,-0.0073189754,0.00030754122,28.802666,0.0073195193,0.9999717,-0.0018000379,0.10160741,-0.0002943585,0.0018022406,0.9999983,0.44101155
0.99997115,-0.007561876,-0.00047529605,29.99808,0.0075606587,0.9999684,-0.0025164785,0.11518673,0.0004943099,0.0025128126,0.9999967,0.45795947
0.99996006,-0.008831554,-0.0012812793,31.200851,0.0088280365,0.99995744,-0.0027279516,0.12776737,0.0013053163,0.0027165315,0.99999547,0.4767024
0.9999584,-0.008991005,-0.0014657042,32.401806,0.008987403,0.9999567,-0.002448747,0.14308833,0.0014876571,0.0024354723,0.99999595,0.4950814
0.9999483,-0.01009577,-0.0011101263,33.602573,0.010092647,0.9999453,-0.0027871206,0.16017424,0.0011382033,0.0027757727,0.9999955,0.5158438
0.99994314,-0.0106133325,-0.000938363,34.808224,0.010610303,0.9999388,-0.0031814359,0.17799896,0.00097207085,0.003171299,0.9999946,0.53347546
0.99994296,-0.010620169,-0.0010295728,36.006565,0.010616019,0.9999359,-0.003959273,0.19693957,0.0010715546,0.0039481176,0.9999917,0.5560095
0.99993384,-0.0114356745,-0.0011560847,37.21363,0.011431432,0.99992824,-0.0036151363,0.21339864,0.001197343,0.0036016814,0.9999929,0.5729078
0.9999409,-0.010841273,-0.00067479414,38.420532,0.010838028,0.99993056,-0.004645379,0.23472005,0.0007251088,0.004637791,0.99998903,0.59456646
0.999938,-0.011111,0.00033289555,39.629784,0.011112308,0.9999295,-0.0042147967,0.25092474,-0.00028604193,0.004218235,0.9999911,0.61192
0.999935,-0.011337924,0.0010929409,40.83937,0.011342247,0.9999277,-0.004030973,0.2696926,-0.0010471595,0.0040431083,0.9999913,0.6295108
0.9999431,-0.010625088,0.0008303927,42.03297,0.01062786,0.9999379,-0.0034070304,0.28772983,-0.00079414155,0.0034156626,0.99999386,0.64732504
0.99993926,-0.010966238,0.000967992,43.243332,0.010968386,0.99993753,-0.0022414746,0.30729863,-0.0009433513,0.0022519564,0.9999971,0.66681415
0.9999505,-0.009678496,0.002224225,44.443764,0.009678434,0.9999534,3.876444e-05,0.326924,-0.0022244968,-1.7234823e-05,0.9999976,0.6784146
0.9999491,-0.008679938,0.005106067,45.663143,0.00867879,0.99996257,0.00024666925,0.3471903,-0.005108017,-0.00020234156,0.999987,0.6955073
0.9999458,-0.0070128012,0.0076684896,46.868404,0.0070063993,0.9999754,0.0008611314,0.35857043,-0.00767434,-0.00080735557,0.9999703,0.7054446
0.99992764,-0.0048401365,0.010992601,48.076065,0.0048289476,0.9999881,0.0010439468,0.3709688,-0.010997523,-0.000990788,0.99993914,0.71219003
0.9999164,-0.0038562072,0.012321993,49.2781,0.003849443,0.9999927,0.00057240255,0.38533017,-0.01232411,-0.00052492134,0.999924,0.7180682
0.9999355,-0.0026749182,0.011021879,50.494514,0.0026831874,0.9999965,-0.0007358297,0.38996488,-0.01101987,0.0007653564,0.9999391,0.7202146
0.9999544,-0.0008566523,0.009490376,51.70495,0.0008562921,1.0,4.1592983e-05,0.3986969,-0.00949041,-3.346399e-05,0.99995506,0.72820985
0.9999618,-0.0005151677,0.008706774,52.909008,0.00051228993,1.0000001,0.00033226676,0.40416923,-0.008706945,-0.00032779307,0.99996215,0.7247149
0.999964,6.361748e-06,0.0084654605,54.12369,-5.3480035e-06,1.0000002,-0.00012029335,0.40990752,-0.008465463,0.00012024437,0.99996424,0.7377055
0.99997246,-0.0011040858,0.0073209186,55.333363,0.0011078634,0.9999995,-0.00051250507,0.41750434,-0.0073203496,0.00052060216,0.9999732,0.7462381
0.9999686,-0.0026147144,0.007466934,56.53884,0.0026163445,0.99999684,-0.00020899426,0.4255873,-0.007466364,0.00022852435,0.9999722,0.75160795
0.9999564,-0.0035920949,0.008600761,57.748417,0.0035966325,0.9999937,-0.0005125334,0.43319076,-0.008598866,0.00054344547,0.999963,0.76217383
0.9999475,-0.005032844,0.008914571,58.956017,0.00503578,0.9999876,-0.00030722853,0.44774354,-0.0089129135,0.0003521049,0.99996036,0.769772
0.99994594,-0.0057019275,0.008683598,60.16897,0.005698086,0.99998397,0.00046677887,0.45879582,-0.00868612,-0.00041727303,0.9999624,0.7779504
0.9999405,-0.006783565,0.008526267,61.383377,0.0067752665,0.9999769,0.0010015995,0.47091404,-0.008532863,-0.0009437715,0.99996334,0.78634787
0.9999455,-0.0069228304,0.0077899094,62.58826,0.0069213584,0.9999764,0.00021566515,0.4837292,-0.0077912174,-0.00016173604,0.9999698,0.793285
0.9999513,-0.006674503,0.007243945,63.786804,0.0066791344,0.9999779,-0.00061573717,0.49593234,-0.007239674,0.00066409097,0.99997365,0.8071933
0.9999393,-0.007533136,0.008017045,64.999596,0.0075400886,0.9999716,-0.0008377115,0.5107451,-0.008010506,0.00089811033,0.9999676,0.8155068
0.99993134,-0.007200646,0.009223102,66.19641,0.007214154,0.99997336,-0.0014324407,0.5212059,-0.009212539,0.0014988796,0.99995655,0.82245326
0.9999372,-0.007568923,0.008245878,67.41556,0.007577773,0.99997115,-0.0010428561,0.5399034,-0.008237746,0.0011052764,0.9999656,0.83496404
0.9999465,-0.0077905874,0.0067874608,68.60937,0.007781428,0.99996924,0.0013745413,0.55788,-0.006797959,-0.001321651,0.9999762,0.84368426
0.99994653,-0.007539108,0.0070450637,69.79536,0.0075195427,0.99996823,0.0027991855,0.57436717,-0.007065942,-0.0027460598,0.9999714,0.8510801
0.99994445,-0.007767713,0.0070953653,71.004036,0.0077415733,0.9999636,0.0037038017,0.59497356,-0.007123876,-0.0036486662,0.99996805,0.86364144
0.99994504,-0.0075217644,0.0072713513,72.191925,0.0074821063,0.99995744,0.005465552,0.611219,-0.007312151,-0.0054108463,0.9999587,0.8698322
0.9999419,-0.00695702,0.008208163,73.39991,0.006909149,0.9999594,0.0058457823,0.6286207,-0.008248498,-0.0057887305,0.99994934,0.88358855
0.99995,-0.005172815,0.008532107,74.58742,0.0051091476,0.99995947,0.007466633,0.6469979,-0.008570383,-0.007422667,0.99993587,0.8883654
0.9999727,-0.0017654775,0.007143048,75.77009,0.0017199139,0.99997854,0.0063789636,0.65321064,-0.0071541555,-0.006366503,0.99995434,0.89824426
0.9999969,0.000758299,0.0022929674,76.96329,-0.00076759805,0.9999919,0.004053902,0.6551064,-0.002289873,-0.0040556476,0.9999894,0.9186266
0.99999213,0.0036963858,0.0013696802,78.12634,-0.0037023774,0.9999839,0.004390784,0.652426,-0.0013534265,-0.0043958183,0.9999896,0.9273865
0.99997133,0.00604787,0.004539613,79.315155,-0.0060665375,0.99997354,0.004107246,0.65189755,-0.004514651,-0.004134666,0.99998146,0.9417601
0.99993575,0.009614068,0.006006134,80.491745,-0.009633662,0.99994874,0.0032398805,0.6468932,-0.0059746755,-0.0032975313,0.999977,0.95828944
0.9998914,0.014079293,0.0043483293,81.649826,-0.014099039,0.9998907,0.0045408513,0.63927615,-0.0042839195,-0.004601663,0.99998045,0.9642061
0.99985486,0.01693456,0.0018767386,82.8295,-0.01694094,0.99985105,0.0034281197,0.62194043,-0.0018184033,-0.0034594135,0.9999926,0.98158485
0.99978304,0.02075299,-0.0018183228,83.97804,-0.020748291,0.99978185,0.0025769197,0.5952352,0.0018714062,-0.0025386312,0.9999953,0.9984708
0.99971396,0.023752553,-0.0028276914,85.15131,-0.023747083,0.9997165,0.001959567,0.57391745,0.0028734354,-0.0018918546,0.9999944,1.0201705
0.99962664,0.027284024,-0.0015166585,86.32319,-0.027281744,0.99962705,0.0015166246,0.5477448,0.0015574736,-0.0014746787,0.99999803,1.0407137
0.9994989,0.03164034,-0.00093007536,87.48663,-0.031637996,0.9994968,0.0024551689,0.5217582,0.001007291,-0.0024245104,0.99999684,1.0611607
0.99939525,0.0346637,-0.002754048,88.65269,-0.034657214,0.99939686,0.0023760635,0.4928448,0.002834751,-0.0022791764,0.9999937,1.0833052
0.9992405,0.0386711,-0.0047881952,89.80458,-0.038659733,0.9992499,0.0024490117,0.46335503,0.0048793103,-0.0022620389,0.9999858,1.1072123
0.99911565,0.041704744,-0.00535547,90.97958,-0.041691195,0.99912757,0.0026224258,0.43062326,0.005460166,-0.002396828,0.9999825,1.1286534
0.998997,0.044555023,-0.004455553,92.13951,-0.04454868,0.9990065,0.0015196624,0.37919933,0.0045188353,-0.0013196466,0.9999892,1.1539598
0.99885917,0.047642354,-0.0032488497,93.28122,-0.04763993,0.9988647,0.00082875736,0.32892942,0.0032846455,-0.0006730344,0.9999947,1.1737915
0.9987617,0.04971834,-0.0017958719,94.46517,-0.049718145,0.99876374,0.00016919657,0.27844465,0.0018020646,-7.969717e-05,0.99999875,1.1931524
0.99861115,0.052678555,-0.0008401028,95.60611,-0.052679766,0.99861085,-0.0014480716,0.21759605,0.00076265424,0.0014903191,0.9999989,1.2111231
0.99850976,0.054511305,-0.0025868192,96.781075,-0.05451776,0.9985102,-0.0024808117,0.1619208,0.0024477334,0.0026181445,0.99999386,1.2319767
0.9983733,0.056690928,-0.0060706637,97.94547,-0.05671414,0.998384,-0.0037161836,0.09778547,0.0058501796,0.0040544327,0.99997497,1.2528379
0.9981977,0.059358936,-0.008825904,99.09733,-0.059388686,0.99823046,-0.0031434596,0.033725202,0.008623693,0.0036619545,0.9999564,1.2730892
0.9981171,0.060524162,-0.009953147,100.29096,-0.060556874,0.9981607,-0.0030149764,-0.036750168,0.009752359,0.0036120329,0.99994624,1.2969611
0.9980796,0.061222028,-0.00942926,101.457054,-0.061251763,0.9981187,-0.0028936379,-0.0970894,0.009234364,0.0034656418,0.99995166,1.3221124
0.99815303,0.060230237,-0.007926767,102.648285,-0.0602542,0.9981797,-0.0028152792,-0.16620316,0.00774277,0.0032877026,0.99996495,1.3468561
0.9982334,0.05905047,-0.006570501,103.834755,-0.059072956,0.9982489,-0.0032768645,-0.23457986,0.006365492,0.0036592162,0.99997336,1.3737677
0.9983194,0.057668723,-0.0057204715,105.01043,-0.057687223,0.9983305,-0.0031171076,-0.29572108,0.0055311588,0.003441869,0.99997914,1.3940088
0.9984924,0.054644223,-0.0051886276,106.228966,-0.054659326,0.9985017,-0.0028076742,-0.35824937,0.0050274283,0.0030870503,0.999983,1.4169214
0.9986399,0.051881768,-0.0051687467,107.41326,-0.051894017,0.9986506,-0.0022565522,-0.4121881,0.005044697,0.0025217123,0.9999845,1.4365993
0.9988417,0.047807038,-0.0054559764,108.63073,-0.047812928,0.9988564,-0.0009471935,-0.4655,0.0054044533,0.0012069651,0.9999851,1.4570277
0.99902594,0.043816812,-0.0052207382,109.85558,-0.043821875,0.99903953,-0.00085276586,-0.5123646,0.0051783575,0.0010807202,0.99998647,1.4807729
0.9991639,0.040662162,-0.0042576594,111.05146,-0.040664177,0.99917334,-0.0003807419,-0.5573354,0.0042386567,0.00055356015,0.99999136,1.5000434
0.9993531,0.035783067,-0.0035962472,112.277985,-0.035784088,0.9993601,-0.00021237753,-0.59683394,0.0035863447,0.00034093103,0.99999404,1.5235779
0.9994872,0.03187522,-0.003065981,113.48516,-0.031875823,0.9994924,-0.0001387754,-0.63081276,0.0030599998,0.00023643736,0.9999959,1.5445604
0.9996445,0.026505087,-0.0029249913,114.723,-0.026504183,0.9996492,0.0003557842,-0.6608808,0.0029333942,-0.0002781307,0.99999624,1.565911
0.999763,0.021565154,-0.0030018457,115.95273,-0.021561876,0.9997675,0.0011273683,-0.6773555,0.0030254582,-0.0010623732,0.9999954,1.5853281
0.99984676,0.017228806,-0.0031442721,117.16099,-0.017224206,0.99985117,0.0014906591,-0.6870602,0.003169485,-0.0014362703,0.9999945,1.6055586
0.9999235,0.011837183,-0.0036210928,118.40955,-0.011828454,0.99992776,0.0024269011,-0.69254994,0.0036495568,-0.0023838806,0.9999911,1.6280054
0.99995345,0.00891455,-0.003741929,119.62206,-0.00889984,0.9999533,0.0039332574,-0.693213,0.0037768157,-0.003899768,0.99998593,1.6485692
0.99997294,0.0062647928,-0.0039112833,120.882935,-0.0062401555,0.9999615,0.0062829265,-0.69449365,0.003950492,-0.006258345,0.9999733,1.6670445
0.9999787,0.005116677,-0.004099254,122.13463,-0.00508668,0.99996114,0.0072979466,-0.6861805,0.004136434,-0.007276935,0.99996567,1.6930144
0.99998283,0.00440361,-0.0039311373,123.352806,-0.0043673096,0.9999489,0.009198222,-0.6734388,0.00397144,-0.00918089,0.9999507,1.7134243
0.99999046,0.0029674247,-0.0032887387,124.62065,-0.002932249,0.99993974,0.010652723,-0.6756364,0.00332015,-0.010642972,0.9999386,1.7334301
0.9999928,0.0027972844,-0.002692623,125.85291,-0.0027676546,0.999937,0.010949494,-0.6687715,0.002723081,-0.010941956,0.9999372,1.7580744
0.9999988,0.0015240001,-0.00079743564,127.123856,-0.001512433,0.999897,0.014322814,-0.65688705,0.00081918074,-0.014321583,0.99989784,1.7769805
0.9999985,0.0006477453,0.0017951924,128.3859,-0.0006759445,0.99987656,0.015746776,-0.6504222,-0.0017847705,-0.015747959,0.9998752,1.7866609
0.999998,0.0005484847,0.0020859484,129.62143,-0.00057803484,0.9999,0.014187483,-0.6410365,-0.0020779576,-0.014188654,0.99989796,1.8068826
1.0,-0.00029293686,0.0006965692,130.90515,0.00028277497,0.99989516,0.014530837,-0.6365482,-0.0007007527,-0.014530634,0.9998949,1.82294
0.9999993,-0.0007446568,0.0011706159,132.14897,0.0007303795,0.99992675,0.012142172,-0.63714796,-0.0011795717,-0.012141304,0.99992627,1.8342992
0.99999285,-0.0023030154,0.003057878,133.42552,0.002275652,0.99995834,0.008919293,-0.63215244,-0.0030782912,-0.008912268,0.99995625,1.8553015
0.999986,-0.0025781754,0.0046629417,134.68718,0.0025481994,0.9999768,0.0064213453,-0.6264135,-0.0046793884,-0.0064093703,0.9999692,1.8668287
0.9999816,-0.0022260807,0.0056824517,135.95168,0.002203203,0.99999017,0.004027594,-0.62277025,-0.0056913607,-0.004014998,0.9999764,1.8777951
0.9999873,-0.0026546903,0.0043186024,137.23853,0.0026534123,0.99999714,0.00029959227,-0.6197183,-0.0043193847,-0.0002881284,0.9999913,1.8944266
0.9999928,-0.0020557272,0.0032291154,138.49405,0.0020614832,0.999997,-0.0017830789,-0.6136126,-0.0032254397,0.0017897238,0.99999386,1.9022583
0.9999921,-0.002525899,0.0031286706,139.79053,0.0025369253,0.99999124,-0.003528114,-0.6122165,-0.003119731,0.003536024,0.99998957,1.919635
0.99999225,-0.0023689782,0.00320103,141.06229,0.0023807613,0.99999106,-0.003685065,-0.5999046,-0.0031922709,0.003692658,0.9999888,1.9302713
0.99998873,-0.0009067316,0.0046873507,142.34023,0.00092205335,0.99999493,-0.003269744,-0.5975631,-0.004684361,0.0032740303,0.9999844,1.9462548
0.9999804,-0.0007084975,0.0062445384,143.61789,0.00071611605,0.99999976,-0.0012195096,-0.5810802,-0.006243671,0.0012239586,0.9999805,1.9543661
0.9999867,-8.949189e-05,0.0051871277,144.90298,9.51367e-05,1.0000002,-0.001090026,-0.57057226,-0.005187029,0.0010905061,0.99998677,1.9723285
0.99999493,0.00087161467,0.0031080798,146.17624,-0.00087112555,1.0000005,-0.00016232586,-0.5606809,-0.0031082206,0.00015961874,0.999996,1.982632
0.9999997,0.0004996487,0.0007772684,147.46541,-0.0004995235,1.0000007,-0.00017530518,-0.5526701,-0.0007773547,0.0001749181,1.0000005,1.9982463
0.9999937,0.0016349826,-0.0031974846,148.73158,-0.001639761,0.9999984,-0.0014886509,-0.5468017,0.0031950474,0.0014938855,0.9999946,2.0228748
0.9999755,0.0012616147,-0.006904507,150.01617,-0.0012684516,0.9999996,-0.0009842061,-0.544582,0.0069032637,0.000992941,0.99997646,2.044007
0.99996763,0.0013517968,-0.007953276,151.29782,-0.0013607392,0.99999934,-0.0011175843,-0.5348451,0.007951762,0.0011283712,0.9999686,2.0737088
0.9999694,0.0016477855,-0.007662705,152.56992,-0.0016596515,0.99999833,-0.0015408822,-0.53371644,0.0076601543,0.0015535533,0.9999703,2.1031768
0.9999731,0.0010511689,-0.0072799395,153.85036,-0.0010572672,1.0,-0.0008323191,-0.525705,0.0072790654,0.00083999446,0.999974,2.132203
0.9999788,0.0013650041,-0.0064017912,155.11865,-0.0013673452,0.9999999,-0.000359511,-0.52213997,0.0064013004,0.00036825778,0.99998033,2.1618233
0.9999824,0.00066423055,-0.0059245615,156.4035,-0.0006622553,1.0000006,0.00033725792,-0.51399326,0.0059247897,-0.0003333273,0.99998325,2.1890702
0.9999816,5.4446282e-05,-0.0061086495,157.66882,-5.1448296e-05,1.0000007,0.000492704,-0.50575197,0.006108682,-0.0004923795,0.9999821,2.2161303
0.9999827,-0.000328023,-0.0059091095,158.9325,0.00033201728,1.0000005,0.0006767783,-0.5022488,0.005908892,-0.00067872735,0.9999832,2.2423596
0.9999863,-0.0014959066,-0.005074126,160.21654,0.0014980391,0.9999995,0.0004184559,-0.49606615,0.0050735,-0.00042605028,0.9999879,2.2696304
0.9999875,-0.001618414,-0.004794465,161.47823,0.0016231262,0.9999989,0.000981215,-0.48769277,0.0047928737,-0.0009889835,0.99998885,2.2933333
0.99998134,-0.0029335339,-0.0054059294,162.75368,0.0029412848,0.99999535,0.0014281562,-0.47752842,0.005401717,-0.0014440287,0.9999852,2.3212004
0.9999738,-0.0035110146,-0.0063719773,164.02116,0.003523782,0.9999925,0.0019949623,-0.4685641,0.0063649267,-0.0020173623,0.99997854,2.346337
0.99997,-0.0036754517,-0.0068530133,165.28923,0.0036918486,0.99999106,0.0023828747,-0.4551845,0.006844195,-0.0024081022,0.99997455,2.3708165
0.9999591,-0.00490799,-0.007623343,166.56458,0.0049251956,0.99998605,0.002240979,-0.44460654,0.0076122386,-0.0022784325,0.9999693,2.4005277
0.99995136,-0.004904357,-0.008577702,167.8361,0.004926602,0.9999852,0.0025751414,-0.42691356,0.008564946,-0.0026172737,0.9999607,2.4303803
0.9999442,-0.0062029734,-0.008570865,169.11258,0.0062266216,0.9999776,0.002736141,-0.413852,0.0085537,-0.0027893549,0.99996036,2.4583097
0.99994755,-0.0071042757,-0.007399584,170.38884,0.00712538,0.99997133,0.0028305706,-0.40003124,0.0073792622,-0.0028831463,0.9999694,2.4884162
0.9999476,-0.007342081,-0.0071656196,171.66013,0.0073623685,0.9999697,0.002809871,-0.38604417,0.007144772,-0.0028624786,0.9999712,2.5165675
0.9999388,-0.008713869,-0.00685137,172.93538,0.008737336,0.9999568,0.0034034601,-0.37050802,0.0068214163,-0.0034631132,0.99997157,2.5434513
0.9999403,-0.008649082,-0.006715423,174.20447,0.008672764,0.999957,0.0035061792,-0.35206193,0.0066848085,-0.00356421,0.99997216,2.570947
0.9999298,-0.009387167,-0.007261499,175.46338,0.009416156,0.99994856,0.003969015,-0.3333883,0.0072238664,-0.0040371106,0.9999666,2.598076
0.9999219,-0.009796202,-0.00778726,176.74237,0.009834696,0.99994034,0.0049209152,-0.31716788,0.0077385884,-0.004997115,0.9999584,2.6257648
0.9999199,-0.01007142,-0.0076954546,178.00696,0.010109372,0.99993765,0.004909393,-0.29722738,0.0076455288,-0.004986794,0.9999592,2.6534998
0.9999045,-0.010704605,-0.008766449,179.27528,0.010747411,0.99993134,0.0048508532,-0.27890638,0.00871392,-0.0049446053,0.99995065,2.6817918
0.9998956,-0.010355519,-0.010101852,180.54669,0.010396432,0.9999388,0.004006285,-0.25816044,0.010059745,-0.004110889,0.99994177,2.7133155
0.9998936,-0.010568256,-0.01007647,181.8194,0.010580711,0.9999442,0.0011838241,-0.24233039,0.010063396,-0.0012903141,0.99994934,2.750897
0.99991083,-0.01145292,-0.006889794,183.09732,0.011460119,0.99993473,0.0010065276,-0.22214773,0.0068778163,-0.0010853955,0.99997663,2.7776783
0.9999328,-0.011240024,-0.0028913172,184.35184,0.011239136,0.9999377,-0.00032274867,-0.20562606,0.0028947655,0.00029023096,0.99999666,2.8030515
0.9999268,-0.01170113,-0.0031374954,185.6204,0.01170239,0.9999324,0.00038363299,-0.18437971,0.003132795,-0.00042032113,0.9999959,2.8289914
0.9999189,-0.011033281,-0.0063845473,186.86826,0.011049738,0.99993664,0.0025481172,-0.15903659,0.006356029,-0.002618458,0.99997723,2.8516977
0.9999021,-0.011501371,-0.0079881605,188.12856,0.011526204,0.9999298,0.0030694974,-0.13675968,0.007952296,-0.0031612695,0.9999643,2.8798606
0.9998957,-0.012031508,-0.00800854,189.38792,0.01205239,0.999925,0.0025641348,-0.116130866,0.007977089,-0.0026603888,0.9999656,2.9100792
0.9999118,-0.01127718,-0.007037187,190.63174,0.01129682,0.9999333,0.0027571458,-0.10143649,0.007005625,-0.0028364002,0.9999724,2.9396977
0.99991524,-0.011847814,-0.005421607,191.88528,0.011862487,0.9999269,0.0026820498,-0.07355307,0.0053894348,-0.002746136,0.99998266,2.966835
0.9999334,-0.01067238,-0.004416092,193.13101,0.010680517,0.9999422,0.0018229396,-0.05728727,0.004396382,-0.0018699839,0.99998957,2.9954662
0.9999407,-0.009750653,-0.00487236,194.3776,0.009760844,0.99995106,0.0020721334,-0.036984675,0.0048519177,-0.0021195684,0.99998695,3.019232
0.9999477,-0.008182678,-0.0061468445,195.6202,0.008188369,0.9999669,0.0009014332,-0.018468218,0.006139266,-0.0009517184,0.99998164,3.049876
0.9999499,-0.006566224,-0.0075721378,196.84653,0.006575671,0.9999785,0.0012236526,-0.0040676473,0.0075639407,-0.0012733829,0.9999715,3.0759964
0.9999485,-0.005900666,-0.008263986,198.08607,0.005903,0.9999834,0.0002584349,0.008532302,0.008262324,-0.00030720362,0.99996674,3.1080503
0.99996257,-0.0040229117,-0.0076761814,199.29994,0.00402812,0.99999255,0.00066373055,0.01760531,0.007673454,-0.00069462595,0.9999713,3.1365988
0.9999755,-0.0033615474,-0.0061492757,200.53136,0.0033615814,0.99999523,-4.0491577e-06,0.027698558,0.00614926,-1.6621954e-05,0.999982,3.1665576
0.9999809,-0.0024310036,-0.0056890696,201.74037,0.0024345731,0.99999774,0.0006215555,0.03791952,0.0056875455,-0.00063539384,0.99998456,3.1963372
0.99998343,-0.00067056564,-0.0057363026,202.94096,0.0006750126,1.0000004,0.0007745219,0.041592658,0.005735785,-0.00077838084,0.9999842,3.2235444
0.9999853,-5.0810282e-05,-0.0054457444,204.16162,5.7521975e-05,1.0000001,0.0012336703,0.052904,0.0054456824,-0.001233965,0.99998534,3.2510562
0.99998474,0.0014710107,-0.0053425245,205.35147,-0.0014646348,0.9999991,0.001198762,0.05447663,0.0053442833,-0.0011909185,0.99998593,3.278089
0.99998283,0.001985785,-0.0055361614,206.55145,-0.001977156,0.99999774,0.0015653997,0.065925784,0.005539257,-0.0015544266,0.99998444,3.3042357
0.9999812,0.0027358925,-0.0055005513,207.73338,-0.0027269553,0.9999958,0.0016334129,0.072129786,0.0055049965,-0.0016183822,0.9999845,3.3298109
0.9999798,0.0035669089,-0.005291805,208.88802,-0.0035632951,0.9999943,0.0006941376,0.07291271,0.00529425,-0.00067526684,0.99998677,3.3604035
0.9999828,0.0034022466,-0.004816848,210.05081,-0.0033988373,0.9999949,0.00071793026,0.070568815,0.0048192646,-0.0007015458,0.99998915,3.3864133
0.999987,0.0032559508,-0.003961459,211.16464,-0.0032548,0.9999956,0.00029944384,0.06889502,0.0039624153,-0.0002865458,0.99999315,3.4149363
0.99998945,0.0022439773,-0.0040384564,212.29828,-0.0022415346,0.9999982,0.0006115942,0.072275534,0.0040398203,-0.000602535,0.9999927,3.440292
0.99998724,0.002095922,-0.0046274047,213.40909,-0.00209253,0.99999845,0.0007396879,0.070784256,0.004628947,-0.0007299951,0.9999901,3.4691007
0.9999842,0.0019459864,-0.0052989037,214.48242,-0.001940546,0.9999985,0.001033372,0.07818186,0.0053009065,-0.0010230726,0.99998647,3.4938848
0.99998385,0.0007513276,-0.005663235,215.57881,-0.00074536796,1.0000001,0.0010558245,0.08223997,0.0056640287,-0.001051586,0.9999845,3.5207815
0.99998343,0.00014506333,-0.005790699,216.63455,-0.00014194928,1.0000008,0.0005395219,0.08286629,0.005790781,-0.00053869066,0.9999842,3.549232
0.9999842,-0.001933255,-0.0053119515,217.69781,0.001935499,0.99999905,0.00041849262,0.09133003,0.005311136,-0.000428767,0.99998695,3.5740118
0.9999849,-0.003735798,-0.0040786145,218.74095,0.0037337048,0.9999939,-0.0005194746,0.09699328,0.0040805293,0.00050423853,0.9999927,3.600015
0.999982,-0.005547056,-0.0023584517,219.74927,0.005545643,0.99998546,-0.0006038271,0.109627485,0.0023617658,0.00059073727,0.9999982,3.6227505
0.9999609,-0.008595234,-0.0021603242,220.7756,0.008594576,0.999964,-0.00031337416,0.12246967,0.002162939,0.0002947949,0.9999988,3.6479647
0.9999384,-0.010815178,-0.0025689688,221.75465,0.0108157005,0.9999425,0.00018891497,0.1378209,0.002566777,-0.00021668844,0.9999979,3.669128
0.99989957,-0.013953935,-0.0025530749,222.73543,0.013954593,0.99990356,0.00023815996,0.15916401,0.0025495044,-0.0002737631,0.999998,3.6905417
0.99985415,-0.016923515,-0.0023700346,223.68451,0.016925206,0.9998575,0.00069200364,0.17989607,0.002357985,-0.00073201593,0.9999982,3.7134466
0.99980503,-0.019607289,-0.0024346518,224.59494,0.01960963,0.99980825,0.0009370926,0.2030228,0.0024158107,-0.0009846523,0.99999785,3.7363014
0.99972826,-0.023117378,-0.0030882321,225.51677,0.023121085,0.99973303,0.0011654025,0.23118508,0.003060466,-0.0012364888,0.9999958,3.758602
0.999659,-0.025890369,-0.0034822235,226.38898,0.025894364,0.9996651,0.0011026032,0.25894886,0.0034525096,-0.0011923967,0.99999464,3.7817519
0.9995609,-0.029370036,-0.003980546,227.25516,0.029378291,0.99956733,0.0020270993,0.2913627,0.0039192867,-0.0021431504,0.99999136,3.8009844
0.9994718,-0.032180447,-0.0045845415,228.0947,0.03219158,0.99947995,0.0023713545,0.3231377,0.0045058453,-0.0025176853,0.999988,3.825536
0.99940103,-0.034291822,-0.004692573,228.89688,0.034309093,0.9994056,0.0036465884,0.36017042,0.004564735,-0.0038054022,0.99998367,3.8432841
0.9993628,-0.035417102,-0.004452784,229.71133,0.035436556,0.9993634,0.004364105,0.39272043,0.004295385,-0.004519116,0.9999819,3.8631864
0.9993851,-0.03487371,-0.003671335,230.49248,0.03488935,0.9993831,0.0042805,0.42423335,0.0035197926,-0.0044059595,0.9999854,3.8831909
0.9993925,-0.034715045,-0.0031186356,231.26463,0.03472904,0.9993875,0.004544305,0.4531036,0.0029589692,-0.0046498524,0.99998605,3.9018228
0.99939525,-0.034617204,-0.0033249313,232.00763,0.03463246,0.9993904,0.004639105,0.4797509,0.0031623107,-0.004751451,0.999985,3.9222019
0.99941635,-0.03380516,-0.004940692,232.74132,0.03383055,0.99941534,0.0051443707,0.5101535,0.0047638966,-0.0053085154,0.9999758,3.9385676
0.99941707,-0.033446454,-0.006863456,233.48383,0.03348252,0.9994268,0.005205824,0.53752095,0.0066854046,-0.005432596,0.9999642,3.956538
0.9994635,-0.0316933,-0.008275133,234.21112,0.031736206,0.9994843,0.0051037525,0.56542253,0.0081091095,-0.0053636367,0.999954,3.9752915
0.9994871,-0.030807313,-0.008754506,234.94284,0.03085747,0.9995088,0.0056510726,0.590137,0.008576111,-0.0059183175,0.9999469,3.9914498
0.9995365,-0.029098958,-0.008955841,235.66417,0.029146366,0.9995625,0.005207221,0.61399066,0.008800398,-0.005465839,0.9999475,4.010238
0.9995963,-0.02693508,-0.009061186,236.38138,0.026981516,0.9996242,0.005040193,0.6358102,0.008922023,-0.0052826437,0.9999474,4.0289693
0.9996362,-0.025340777,-0.009262332,237.10384,0.025389882,0.99966496,0.0052213357,0.65722203,0.009126916,-0.005454606,0.9999447,4.047192
0.99968463,-0.023267385,-0.009469617,237.81163,0.023316694,0.999716,0.0051289317,0.67802054,0.00934759,-0.0053481148,0.99994326,4.067275
0.9997467,-0.02054183,-0.009216847,238.52702,0.020591822,0.99977463,0.0053608664,0.69566226,0.009104646,-0.0055493014,0.9999444,4.0845923
0.9998129,-0.017237918,-0.00880225,239.23361,0.017280329,0.9998404,0.0047641685,0.70774114,0.008718719,-0.004915384,0.9999511,4.1020727
0.99986386,-0.014246376,-0.008348877,239.93272,0.01427909,0.99989164,0.0038713962,0.7204368,0.008292817,-0.003990085,0.9999588,4.121737
0.9998984,-0.01164057,-0.00825428,240.6346,0.011668997,0.9999272,0.0034038406,0.7294573,0.008214055,-0.0034998152,0.99996126,4.1400933
0.99993396,-0.007939977,-0.00832722,241.32478,0.007964894,0.99996495,0.0029636354,0.7427044,0.0083033955,-0.0030297667,0.99996203,4.158119
0.9999492,-0.005448024,-0.008501864,242.01443,0.00547343,0.9999817,0.0029684321,0.74747074,0.008485535,-0.0030148174,0.9999606,4.174714
0.99995434,-0.002597304,-0.009219733,242.71347,0.002631589,0.9999907,0.0037091968,0.7519454,0.009210013,-0.0037332913,0.9999517,4.190273
0.99995255,0.00071012694,-0.009736481,243.41321,-0.0006724994,0.9999933,0.0038682867,0.75823957,0.009739162,-0.0038615565,0.99994624,4.207835
0.9999534,0.0032015336,-0.009129972,244.1118,-0.003166892,0.9999888,0.003807437,0.75985354,0.009142059,-0.0037783473,0.9999522,4.223717
0.99994427,0.006020233,-0.008690312,244.81694,-0.0059843836,0.99997455,0.004146878,0.7613826,0.008715056,-0.004094642,0.9999547,4.2376757
0.99992895,0.00821821,-0.008646768,245.52881,-0.008183325,0.9999593,0.0040641166,0.76022375,0.008679816,-0.0039930698,0.9999554,4.2570577
0.9998931,0.01057641,-0.010095856,246.23106,-0.010538235,0.99993813,0.00382879,0.7559513,0.010135727,-0.0037219897,0.9999427,4.2736883
0.9998504,0.012252714,-0.012214901,246.94556,-0.012200856,0.99991727,0.004312679,0.75399756,0.012266733,-0.004163003,0.9999171,4.292972
0.9998204,0.013118026,-0.013684444,247.66281,-0.013071273,0.99990946,0.0035018816,0.74344784,0.013729143,-0.003322381,0.99990124,4.3085675
0.9998055,0.013687172,-0.014203709,248.37975,-0.013641997,0.9999026,0.0032740792,0.7390341,0.014247138,-0.0030796768,0.9998948,4.3248057
0.9997999,0.013668149,-0.014614922,249.11418,-0.01362969,0.9999044,0.002729421,0.72597706,0.014650832,-0.002529679,0.99989045,4.346721
0.9997885,0.014186458,-0.014898551,249.84189,-0.014139721,0.9998958,0.0032391092,0.72045195,0.014942951,-0.0030277637,0.9998848,4.3656306
0.99978167,0.0140759535,-0.015453027,250.59833,-0.014017364,0.99989516,0.0038946127,0.71118736,0.015506228,-0.0036771523,0.999874,4.3831277
0.99974626,0.014475823,-0.017269446,251.34427,-0.01441947,0.99989134,0.0033845603,0.69884396,0.017316565,-0.003134686,0.99984616,4.402605
0.9996936,0.014881931,-0.019788872,252.09174,-0.014901588,0.9998896,-0.00084503694,0.6827548,0.019774115,0.0011396618,0.9998048,4.4279485
0.99967664,0.015198839,-0.02039272,252.85004,-0.015249216,0.99988204,-0.0023159925,0.6643671,0.020355117,0.0026262146,0.9997904,4.453042
0.99971986,0.016358467,-0.017110905,253.6177,-0.016389977,0.99986523,-0.0017014889,0.6573615,0.017080769,0.0019814577,0.99985313,4.4729347
0.9998048,0.016344089,-0.011105348,254.39305,-0.016309895,0.99986297,0.003164838,0.6541879,0.011155558,-0.002983095,0.99993426,4.4869494
0.99982935,0.016925506,-0.0074032084,255.19962,-0.016914146,0.99985665,0.0015977018,0.6462542,0.007429194,-0.0014722121,0.9999722,4.5092726
0.99977005,0.019554734,-0.008799267,256.0016,-0.019558072,0.9998096,-0.00029038347,0.63710743,0.008791919,0.00046241155,0.99996215,4.5284977
0.9996071,0.02345027,-0.01535374,256.7999,-0.023423146,0.99972475,0.0019461161,0.62223446,0.015395155,-0.0015857205,0.99988115,4.5436344
0.99942386,0.0279633,-0.019235408,257.598,-0.027875334,0.99960077,0.0048280237,0.6049115,0.019362738,-0.0042890506,0.99980426,4.5599113
0.99935216,0.030572295,-0.018992066,258.4349,-0.030467136,0.99951994,0.0058039967,0.5828709,0.019160392,-0.005221604,0.9998037,4.5828767
0.9992796,0.033870675,-0.017121647,259.27292,-0.033793833,0.99941856,0.0047600786,0.55416197,0.01727292,-0.0041780444,0.999843,4.6067643
0.99921376,0.03715329,-0.01384634,260.10703,-0.037143294,0.99931055,0.0009818389,0.5216907,0.0138732735,-0.00046677026,0.9999046,4.6321983
0.99914515,0.039516427,-0.012149775,260.9622,-0.03953169,0.9992189,-0.001014461,0.48508853,0.012100198,0.0014938923,0.9999266,4.657373
0.9990044,0.04310283,-0.011514446,261.79327,-0.043124054,0.9990695,-0.0015968785,0.45113873,0.011434904,0.0020918355,0.99993336,4.679681
0.99888486,0.04516934,-0.013751002,262.6506,-0.045160264,0.99898034,0.00097367866,0.41883248,0.013780963,-0.00035159616,0.99990594,4.7002
0.99874234,0.047561735,-0.015871052,263.49347,-0.04754267,0.998869,0.0015798265,0.38132995,0.015928242,-0.0008232896,0.99987376,4.7241955
0.9986023,0.050358925,-0.016054941,264.33154,-0.050333276,0.99873155,0.0020012688,0.34278786,0.01613536,-0.001190376,0.9998701,4.7458844
0.9984842,0.053161442,-0.014263075,265.1753,-0.05312888,0.99858516,0.002656571,0.30168793,0.014384123,-0.0018947653,0.99989575,4.770378
0.9983291,0.05638777,-0.012635838,266.02048,-0.0563507,0.9984067,0.003275828,0.2607714,0.012800423,-0.002558318,0.99991584,4.7949405
0.9981774,0.05904197,-0.012496777,266.86096,-0.058992345,0.9982502,0.004308104,0.21566916,0.01272927,-0.0035630395,0.99991363,4.8188424
0.9980119,0.061709676,-0.012821583,267.69897,-0.061656784,0.99808836,0.0044852914,0.16868328,0.013073861,-0.0036858376,0.9999088,4.8424463
0.9978269,0.064557455,-0.01319184,268.54868,-0.06452387,0.9979128,0.0029612875,0.115796074,0.0133554805,-0.0021036651,0.99990964,4.865206
0.9977197,0.06622786,-0.013017219,269.38684,-0.066226214,0.99780554,0.0005630085,0.059234213,0.013025942,0.00030035456,0.99991614,4.887685
0.9976348,0.06751842,-0.012900028,270.24237,-0.06753775,0.9977172,-0.0010624649,0.0038721934,0.012798848,0.0019311884,0.99991727,4.911897
0.9976138,0.06779965,-0.013049502,271.09973,-0.06782669,0.9976968,-0.0016349532,-0.05419207,0.0129086,0.002516154,0.9999145,4.934581
0.9975832,0.0682597,-0.012985466,271.95407,-0.06829027,0.99766463,-0.0019195743,-0.10988645,0.012824114,0.0028017138,0.9999148,4.956056
0.9975725,0.06850565,-0.012501927,272.81107,-0.06853304,0.99764824,-0.0017693252,-0.16439304,0.012351321,0.002621823,0.9999213,4.979013
0.99762094,0.06787949,-0.012043645,273.6667,-0.06790229,0.9976918,-0.0014879908,-0.21897604,0.0119148465,0.0023022396,0.9999274,5.0012856
0.9976803,0.066889375,-0.012648925,274.53348,-0.066914864,0.9977584,-0.001597347,-0.27388626,0.012513731,0.0024400405,0.9999198,5.0273585
0.9977828,0.06515502,-0.013585038,275.38858,-0.065180816,0.9978734,-0.0014598963,-0.32628316,0.013461034,0.002342141,0.99990773,5.050341
0.99787337,0.06358655,-0.014342987,276.24588,-0.06360127,0.99797624,-0.0005683813,-0.37647966,0.014277825,0.0014794028,0.999898,5.0738287
0.9979544,0.062260274,-0.014520043,277.1119,-0.062265355,0.99806064,0.000106385734,-0.42391625,0.014498513,0.0007979256,0.9998956,5.0981555
0.99806195,0.06046224,-0.014724707,277.96533,-0.0604518,0.99817145,0.0011573123,-0.47088432,0.014767763,-0.00026493595,0.9998919,5.1235523
0.9981834,0.05850775,-0.014382163,278.82474,-0.05849164,0.99828774,0.0015420975,-0.5143861,0.014447768,-0.0006980614,0.99989635,5.148879
0.9983659,0.055606622,-0.013175048,279.6712,-0.055590615,0.99845344,0.0015817245,-0.5583718,0.013242632,-0.0008467324,0.999913,5.174233
0.9985966,0.051791135,-0.011073982,280.50705,-0.05179129,0.9986589,0.00027689303,-0.60015357,0.0110734785,0.00029702985,0.9999397,5.1997395
0.99884164,0.047212303,-0.009301111,281.35727,-0.047223583,0.99888486,-0.0009922299,-0.63904124,0.009243901,0.0014303108,0.99995726,5.2253695
0.9990766,0.042194843,-0.00810959,282.19232,-0.042207893,0.99910885,-0.0014400454,-0.671152,0.008041607,0.0017810026,0.99996716,5.246618
0.99927056,0.037457723,-0.0074495156,283.02173,-0.037475415,0.99929607,-0.0022459421,-0.6988296,0.0073601506,0.0025234758,0.99997085,5.2676005
0.99943787,0.032783635,-0.00703898,283.84186,-0.032800645,0.9994603,-0.002311116,-0.72259605,0.0069594216,0.002540698,0.9999737,5.288373
0.999579,0.028206248,-0.006829527,284.63858,-0.028229639,0.9995969,-0.0033497792,-0.7430643,0.0067322967,0.0035411618,0.9999722,5.309132
0.9996843,0.024127495,-0.0070459405,285.42487,-0.024153752,0.9997026,-0.003662554,-0.76156235,0.0069554835,0.0038315812,0.99996966,5.3293667
0.99977463,0.019971516,-0.0072347736,286.2014,-0.019995922,0.9997956,-0.0033144027,-0.77387166,0.007167108,0.0034583192,0.99996954,5.3485665
0.99984175,0.01620964,-0.0073588984,286.95245,-0.016232448,0.99986464,-0.003048068,-0.7793475,0.0073085013,0.0031670362,0.9999694,5.3681965
0.99989516,0.012528542,-0.007293373,287.6921,-0.012554465,0.9999161,-0.0035176135,-0.7836987,0.0072486973,0.0036088068,0.99996835,5.388535
0.99993646,0.008131837,-0.007842222,288.4148,-0.008165115,0.9999588,-0.004219772,-0.78890437,0.0078075915,0.0042835334,0.9999615,5.410577
0.9999505,0.0035869316,-0.009304453,289.10956,-0.0036170003,0.99998933,-0.003216287,-0.7856698,0.009292823,0.0032497793,0.9999527,5.431046
0.9999323,-0.0026109081,-0.011362849,289.78833,0.0025944575,0.9999966,-0.0014622489,-0.776616,0.011366634,0.0014326671,0.9999355,5.4506483
0.99985063,-0.011250785,-0.013138696,290.4532,0.011242919,0.9999376,-0.00067284686,-0.7578439,0.0131454505,0.0005250269,0.99991465,5.4705505
0.9996622,-0.021771427,-0.014209747,291.1114,0.021764213,0.9997639,-0.0006629999,-0.7365076,0.014220832,0.00035350976,0.9999,5.4917502
0.99928355,-0.034916073,-0.014619687,291.737,0.034913983,0.9993912,-0.00039967362,-0.7074494,0.014624747,-0.00011104657,0.99989426,5.512615
0.99856883,-0.0515812,-0.014151185,292.35092,0.05159142,0.9986692,0.00035549118,-0.6663411,0.014114022,-0.0010850646,0.99990106,5.5360293
0.99736774,-0.07115536,-0.013968572,292.96722,0.07119759,0.99745995,0.002545541,-0.6125353,0.01375197,-0.0035333713,0.9999004,5.554486
0.9955261,-0.09341857,-0.014192063,293.54752,0.09348597,0.9956129,0.0041560503,-0.54354835,0.013741557,-0.0054642176,0.9998919,5.5742965
0.99283814,-0.11856615,-0.014668394,294.1313,0.11865595,0.99292177,0.0054024365,-0.46410093,0.013924028,-0.00710424,0.999879,5.5929723
0.9891288,-0.14629135,-0.014957842,294.69046,0.14639974,0.9892058,0.006414273,-0.36981362,0.013858036,-0.008534368,0.99986875,5.6095004
0.98415005,-0.17674734,-0.014485885,295.21564,0.17686914,0.9842062,0.007589291,-0.25709507,0.0129157165,-0.010031109,0.99986744,5.624629
0.97763216,-0.20989905,-0.013356957,295.7591,0.2100094,0.97767204,0.0074491138,-0.1338055,0.011495167,-0.010087582,0.9998842,5.642363
0.96923554,-0.24583666,-0.012146073,296.27167,0.24593681,0.9692576,0.0075438996,0.012460776,0.009918113,-0.010298985,0.9998989,5.6595664
0.9590563,-0.28302014,-0.010552189,296.74338,0.28311098,0.95905167,0.0083809635,0.1734661,0.0077481195,-0.011025259,0.99991035,5.672804
0.94678426,-0.32173836,-0.009211934,297.24045,0.32182148,0.9467522,0.00966241,0.35616398,0.005612657,-0.012112818,0.999912,5.6861515
0.9323837,-0.36138186,-0.008038581,297.6703,0.36145112,0.9323374,0.010112412,0.5505936,0.003840234,-0.012334203,0.9999177,5.6963987
0.9157068,-0.4017899,-0.006831641,298.14133,0.40184265,0.9156522,0.010279538,0.76711315,0.002125199,-0.01215829,0.9999249,5.7089534
0.8964805,-0.4430423,-0.006078101,298.57803,0.44308314,0.89642614,0.009982466,1.0013008,0.001025921,-0.011642192,0.99993277,5.716138
