'06':
  ARE: 0.0008782970492643435
  ATE: 0.015030556480885752
  STD_ARE: 0.0005146592777360828
  STD_ATE: 0.00945086125214582
  nsecs_per_frame: 0.09727795918782552
  rot_err: 3.7959924731085664e-05
  tr_err: 0.00592242731265698
AVG:
  ARE: 0.0008782970492643435
  ATE: 0.015030556480885752
  STD_ARE: 0.0005146592777360828
  STD_ATE: 0.00945086125214582
  nsecs_per_frame: 0.09727795918782552
  rot_err: 3.7959924731085664e-05
  tr_err: 0.00592242731265698
