0,1,2,3,4,5,6,7,8,9,10,11
1.0,0.0,0.0,0.0,0.0,1.0,0.0,0.0,0.0,0.0,1.0,0.0
0.9999991,-6.915281e-05,0.0013318135,1.3119115,6.980591e-05,0.9999999,-0.0004903473,0.0034992755,-0.0013317794,0.00049043976,0.999999,0.015054348
0.9999988,-0.00015144306,0.0015531449,2.6211388,0.00015394768,0.99999875,-0.0016126262,0.008400347,-0.0015528986,0.0016128634,0.99999756,0.02530127
0.9999995,-0.0004214879,0.0008685726,3.937327,0.0004238662,0.9999962,-0.0027398397,0.013263981,-0.00086741435,0.0027402067,0.99999595,0.048577353
0.9999998,0.00012592776,0.00069040334,5.2575665,-0.00012382257,0.9999954,-0.0030484493,0.0149356155,-0.0006907839,0.0030483631,0.99999523,0.062170852
0.99999934,-0.00021126431,0.001216482,6.582654,0.00021538782,0.9999943,-0.0033905336,0.022962423,-0.0012157587,0.0033907932,0.9999937,0.07068871
0.99999714,-7.356446e-05,0.002434953,7.920348,8.458602e-05,0.9999898,-0.0045265816,0.021959849,-0.0024345953,0.0045267744,0.99998695,0.094754316
0.9999961,0.00012691335,0.0028358807,9.240534,-0.00011370787,0.9999892,-0.0046562194,0.026211657,-0.002836441,0.0046558785,0.99998534,0.10477245
0.99999887,-0.00050532474,0.0015375405,10.572042,0.00051127165,0.9999925,-0.0038698162,0.03582228,-0.0015355734,0.003870597,0.99999154,0.12226283
0.9999999,-0.00028852746,-0.00074540876,11.905157,0.00028775583,0.9999996,-0.0010352461,0.046411496,0.0007457067,0.0010350312,0.9999994,0.13467611
0.9999984,-0.0006369543,-0.0017776939,13.252124,0.00064095476,0.9999974,0.002250627,0.054439202,0.0017762553,-0.0022517624,0.99999607,0.15634856
0.99999833,-0.0004500334,-0.0018717943,14.586077,0.000459112,0.99998826,0.0048525585,0.061559383,0.0018695882,-0.004853409,0.99998665,0.17251837
0.99999964,6.108545e-05,-0.0010611066,15.929122,-5.5208628e-05,0.9999848,0.005537433,0.0718117,0.0010614286,-0.0055373707,0.99998426,0.1899428
0.99999917,-4.9559712e-05,0.0014223235,17.291416,4.453353e-05,0.99999386,0.003533671,0.069805,-0.0014224895,-0.0035336032,0.99999285,0.20891528
0.9999944,0.00047722968,0.0033610214,18.636717,-0.00047493525,0.99999976,-0.00068336725,0.07124097,-0.0033613457,0.00068176794,0.9999942,0.22597262
0.9999989,-0.00017323464,0.0015865095,19.991013,0.00017768005,0.9999962,-0.002802214,0.07171391,-0.0015860174,0.0028024933,0.99999493,0.24789765
0.9999998,0.00032902544,-0.000754887,21.338705,-0.000331899,0.99999285,-0.0038099147,0.07591141,0.00075362803,0.003810165,0.9999926,0.25727177
0.9999986,0.00040080328,-0.0017076451,22.70331,-0.00040352985,0.9999988,-0.0015967505,0.08058149,0.0017070029,0.0015974385,0.9999974,0.2909059
0.9999995,0.0010535233,-0.0005566059,24.068605,-0.0010530814,0.99999934,0.00079350057,0.09371566,0.00055744156,-0.0007929122,0.99999964,0.2870401
0.9999922,0.002042422,0.0034782384,25.445091,-0.0020459313,0.9999977,0.0010056694,0.09535527,-0.0034761748,-0.0010127758,0.9999936,0.3019635
0.9999875,0.0019425763,0.00469239,26.820185,-0.0019373422,0.9999978,-0.0011197298,0.09682696,-0.0046945526,0.0011106262,0.99998856,0.31144288
0.99999034,0.0021359478,0.0039353287,28.188768,-0.002118337,0.9999881,-0.0044737835,0.09112919,-0.0039448356,0.0044654035,0.9999824,0.3422484
0.99999845,0.0016993752,0.0009740466,29.567253,-0.0016943519,0.9999857,-0.005134851,0.09801023,-0.0009827579,0.005133192,0.9999865,0.33851564
0.9999961,0.002806297,-0.00080543413,30.951487,-0.0028103846,0.99998325,-0.0051196245,0.09417659,0.0007910533,0.005121867,0.99998677,0.3731755
0.9999938,0.0028848797,-0.0022308573,32.32901,-0.0028901359,0.9999933,-0.002356459,0.10381309,0.0022240435,0.002362892,0.99999493,0.37452996
0.99998766,0.0033334764,-0.003796362,33.724842,-0.0033368082,0.99999434,-0.0008716859,0.10660358,0.003793433,0.00088434387,0.9999926,0.4047551
0.9999866,0.0036428974,-0.0037989593,35.116558,-0.0036437758,0.9999936,-0.00022444047,0.108280726,0.0037981158,0.00023828127,0.999993,0.41981134
0.9999928,0.0031421557,-0.0023350131,36.509697,-0.0031436363,0.9999952,-0.0006308538,0.107582554,0.0023330187,0.0006381908,0.9999973,0.44816163
0.99999547,0.003046706,-0.00079425995,37.913082,-0.0030461992,0.99999547,0.0006380625,0.10921992,0.0007962003,-0.0006356384,0.9999997,0.4653244
0.9999967,0.0026473412,-0.0006220715,39.304024,-0.002645364,0.9999919,0.0031574192,0.11422722,0.0006304253,-0.0031557605,0.99999505,0.4847058
0.9999957,0.0029813198,-0.0007439882,40.707306,-0.002977134,0.99998045,0.0055646086,0.11597614,0.00076056353,-0.005562366,0.9999845,0.50385946
0.999995,0.0032555356,-0.00045406798,42.119522,-0.0032519312,0.99996525,0.0077235578,0.12371636,0.0004791966,-0.007722038,0.9999703,0.5213839
0.9999972,0.0025177493,-0.0003731024,43.51451,-0.0025143502,0.99995816,0.008845362,0.12548196,0.0003953573,-0.008844393,0.99996114,0.53818655
0.9999973,0.0024791106,-0.00045220836,44.941555,-0.0024755069,0.999967,0.007801863,0.12718625,0.00047153517,-0.0078007174,0.9999698,0.5597858
0.99999887,0.0015299548,-0.0009871385,46.33378,-0.0015227578,0.9999731,0.0072500454,0.12724024,0.0009982038,-0.0072485292,0.9999736,0.5814384
1.0,0.0008345196,-0.00058927655,47.762604,-0.00083044294,0.9999765,0.0068834717,0.13094388,0.0005950069,-0.0068829777,0.9999766,0.6018295
1.0000005,-0.00013631745,0.00017330478,49.162727,0.00013511057,0.9999764,0.006949557,0.13577801,-0.0001742477,-0.0069495323,0.9999763,0.6179624
0.9999997,-0.0012567579,0.000253999,50.598816,0.0012548194,0.99997175,0.007495989,0.14473748,-0.00026341205,-0.0074956627,0.99997234,0.63754505
0.99999833,-0.0020568375,0.00037107518,52.019337,0.0020539123,0.99996877,0.007721278,0.15312988,-0.00038694445,-0.0077204974,0.9999706,0.6549431
0.9999936,-0.0034848135,0.0013111326,53.437874,0.0034744078,0.9999638,0.007857449,0.16167684,-0.0013384656,-0.007852838,0.9999688,0.6734632
0.999991,-0.0037543876,0.0022107896,54.879314,0.0037398417,0.9999723,0.0065475283,0.17275316,-0.0022353083,-0.0065391967,0.9999767,0.6916412
0.99998677,-0.004633674,0.0024523092,56.28841,0.004622237,0.99997926,0.004649498,0.1816173,-0.0024738007,-0.004638098,0.99998677,0.7064034
0.99998385,-0.005418233,0.0020093834,57.73334,0.0054127085,0.99998236,0.0027451501,0.1918102,-0.0020242203,-0.0027342276,0.9999948,0.72603244
0.999986,-0.004946878,0.0021575675,59.16623,0.0049435417,0.99998736,0.0015494664,0.2071052,-0.0021652037,-0.0015387774,0.9999971,0.74368286
0.99998474,-0.0048871334,0.0027925952,60.58476,0.0048860987,0.9999888,0.00037759042,0.21511582,-0.0027944068,-0.0003639391,0.99999666,0.7616033
0.9999855,-0.0042827507,0.003431659,62.02137,0.0042875954,0.9999906,-0.0014054071,0.22596645,-0.003425605,0.0014200998,0.99999374,0.7769944
0.99998665,-0.004188315,0.0032098517,63.421444,0.0041974722,0.9999879,-0.0028512045,0.23050629,-0.0031978686,0.0028646379,0.9999915,0.7978838
0.99999094,-0.0037535585,0.002282899,64.84096,0.0037625616,0.99998593,-0.00395192,0.23848285,-0.0022680312,0.003960471,0.9999903,0.8131426
0.9999947,-0.002764545,0.0020123764,66.26183,0.0027728055,0.99998856,-0.004113412,0.2483496,-0.0020009798,0.004118968,0.99999017,0.83645004
0.999996,-0.0023599798,0.0018953345,67.66448,0.002364858,0.99999475,-0.0025755567,0.26335087,-0.0018892445,0.0025800276,0.9999955,0.8536955
0.99999475,-0.0017306599,0.0029490741,69.10618,0.0017296067,0.99999934,0.0003596719,0.2735195,-0.0029496918,-0.00035456778,0.99999624,0.87590754
0.99999094,-0.0011452134,0.0042350637,70.49061,0.0011289589,0.9999929,0.0038384462,0.29019487,-0.0042394255,-0.0038336264,0.9999843,0.8928985
0.9999884,-0.000247942,0.0049317367,71.92393,0.00021190249,0.9999742,0.007306765,0.3011198,-0.004933417,-0.0073056286,0.9999618,0.90920395
0.99999076,8.041327e-05,0.004425326,73.30743,-0.00013114148,0.9999352,0.011463934,0.3156992,-0.0044241133,-0.011464398,0.99992514,0.92247766
0.99999255,0.00085308537,0.003914368,74.70742,-0.00091159734,0.9998885,0.014970438,0.32807934,-0.0039011566,-0.014973881,0.99988097,0.9403601
0.99999213,0.0016251599,0.0037772183,76.12707,-0.0016888822,0.99985623,0.016928399,0.33870715,-0.0037491603,-0.01693463,0.9998503,0.957102
0.9999905,0.0017867564,0.004120711,77.515724,-0.0018557024,0.9998583,0.016788626,0.34592053,-0.004090126,-0.016796099,0.9998513,0.97263336
0.99999046,0.0019833015,0.00404141,78.90743,-0.0020459038,0.99987805,0.015545101,0.3488478,-0.004010083,-0.015553208,0.99987173,0.9901117
0.9999943,0.0017399358,0.0031100437,80.29977,-0.0017871399,0.99988323,0.015239764,0.35077885,-0.0030831615,-0.0152452225,0.9998798,1.0069807
0.9999951,0.0014294953,0.0029903504,81.68918,-0.0014733825,0.99989146,0.014725509,0.35624033,-0.0029689728,-0.01472983,0.9998879,1.0266054
0.9999949,0.0012017153,0.0031741334,83.06206,-0.0012474501,0.9998959,0.0144457165,0.357287,-0.0031564403,-0.014449589,0.9998914,1.0427309
0.9999967,0.00056364544,0.0027519928,84.4579,-0.00060226297,0.9999021,0.0140516,0.36813438,-0.0027438006,-0.0140531985,0.9998983,1.0624288
0.99999624,0.00013652374,0.0029933476,85.82923,-0.0001791548,0.99989957,0.014246012,0.37126768,-0.002991099,-0.014246481,0.9998949,1.0760734
0.99999326,-0.001274633,0.0036436673,87.210464,0.0012254431,0.9999096,0.01347053,0.37838045,-0.003660504,-0.01346596,0.9999035,1.0958743
0.9999868,-0.0024407026,0.0046855225,88.56231,0.002385969,0.9999304,0.01165176,0.38389686,-0.00471363,-0.011640414,0.999922,1.1129332
0.9999804,-0.003502292,0.0053403354,89.951385,0.003450309,0.99994797,0.009712545,0.3927738,-0.0053740684,-0.009693918,0.99993944,1.1310492
0.9999776,-0.0043408084,0.005245007,91.31862,0.004300296,0.9999621,0.0077110236,0.3994273,-0.005278276,-0.0076882862,0.9999573,1.1455327
0.9999775,-0.004706474,0.004937887,92.65945,0.0046763397,0.99997157,0.0060968813,0.412297,-0.0049664374,-0.0060736453,0.99997,1.1593875
0.9999769,-0.0052557113,0.0045078783,94.04063,0.005231118,0.99997264,0.005450631,0.42528266,-0.0045363978,-0.0054269163,0.99997586,1.1784427
0.99997884,-0.0053851195,0.003886043,95.39912,0.005364285,0.99997246,0.0053526494,0.4406159,-0.003914757,-0.0053316825,0.999979,1.1901926
0.99998105,-0.0053993315,0.0032541482,96.76914,0.005381977,0.9999725,0.0053191227,0.45014292,-0.0032827756,-0.0053014997,0.9999815,1.2078359
0.99998415,-0.0051769093,0.0026020077,98.11274,0.0051605576,0.99996835,0.006253211,0.46891877,-0.0026342955,-0.006239674,0.9999781,1.2268965
0.99998516,-0.004902227,0.0027251863,99.43824,0.00488148,0.99996066,0.007569177,0.48535565,-0.0027621824,-0.007555751,0.9999687,1.2412375
0.9999809,-0.004768043,0.004151002,100.7978,0.0047347196,0.99995804,0.008001332,0.49870756,-0.0041889744,-0.007981515,0.9999605,1.2603604
0.99997556,-0.0046144635,0.0054208213,102.12867,0.0045656366,0.99995047,0.008985756,0.51506454,-0.005462012,-0.008960775,0.999946,1.275697
0.99998087,-0.0046378495,0.0042955903,103.49036,0.004599846,0.99995184,0.008815648,0.5258165,-0.0043362645,-0.008795709,0.999953,1.2940786
0.9999884,-0.0046250653,0.001898426,104.825836,0.004608441,0.9999531,0.008670893,0.5381676,-0.001938438,-0.008662032,0.9999617,1.307568
0.99999034,-0.0045338236,0.00072165666,106.13982,0.004528103,0.9999611,0.0077432576,0.5509395,-0.0007567342,-0.0077399053,0.9999708,1.3228067
0.99998903,-0.0044916193,0.0018759561,107.50137,0.0044801985,0.999973,0.0060493634,0.5570673,-0.0019030744,-0.006040884,0.999981,1.34531
0.9999869,-0.0038867728,0.0035918194,108.80468,0.003875554,0.9999889,0.0031255418,0.56668127,-0.0036039236,-0.0031115755,0.99998975,1.3589272
0.9999863,-0.0031453078,0.0044036335,110.14578,0.0031398688,0.99999565,0.001241787,0.5780816,-0.0044075153,-0.0012279401,0.99999064,1.3784405
0.9999923,-0.0025413155,0.0032794375,111.49316,0.0025377185,0.99999756,0.0011008627,0.58300024,-0.0032822236,-0.0010925292,0.9999951,1.396008
0.99999887,-0.0018305205,0.00081764004,112.790535,0.0018284556,0.99999654,0.0025201696,0.59358215,-0.00082224974,-0.0025186674,0.99999756,1.4088482
1.0000002,-0.00075109245,-0.0008176622,114.1437,0.0007550876,0.99998915,0.0048965476,0.6073292,0.0008139742,-0.0048971595,0.99998873,1.4314177
0.9999998,0.00079944066,-0.0012032685,115.44816,-0.00079030613,0.99997246,0.0075735273,0.61888355,0.0012092881,-0.0075725648,0.9999717,1.446011
0.99999815,0.0022391737,0.00072108913,116.800995,-0.0022454257,0.99996036,0.008787133,0.62684727,-0.00070138404,-0.0087887235,0.9999623,1.4644564
0.99999183,0.0031913014,0.002835666,118.114525,-0.0032154417,0.9999598,0.008548963,0.6285996,-0.0028082668,-0.008557999,0.9999606,1.4805486
0.99998665,0.003931081,0.0036300253,119.47425,-0.0039609177,0.9999597,0.008248415,0.633637,-0.00359745,-0.008262671,0.9999606,1.4994565
0.9999841,0.004983294,0.0029890141,120.802086,-0.0050095054,0.99995005,0.008825677,0.63530076,-0.002944881,-0.008840498,0.9999578,1.5138274
0.99997777,0.0063350443,0.0025198893,122.100334,-0.0063603134,0.99992985,0.010147765,0.6322712,-0.0024554238,-0.010163552,0.99994653,1.5269071
0.99997175,0.0073406803,0.0021691986,123.46345,-0.0073661427,0.9999028,0.011970517,0.6381592,-0.0020811143,-0.011986141,0.9999272,1.540978
0.9999632,0.008592885,0.0013586793,124.77362,-0.008609686,0.9998815,0.01288124,0.63339674,-0.0012478309,-0.0128924465,0.9999173,1.5567324
0.9999546,0.009618124,0.00062406954,126.129,-0.009626036,0.99985397,0.014226495,0.6302646,-0.00048714702,-0.014231838,0.9998998,1.5731648
0.99994487,0.010592494,0.00039103293,127.458305,-0.010596767,0.99985677,0.013311661,0.6249146,-0.00024997437,-0.013315053,0.99991256,1.5923593
0.9999322,0.011663445,0.001236272,128.77315,-0.011678595,0.99984825,0.013045756,0.616808,-0.001083926,-0.013059292,0.99991536,1.6095419
0.99992347,0.012268781,0.0021407497,130.15105,-0.012293278,0.99985605,0.011828993,0.6054687,-0.001995313,-0.011854388,0.99992895,1.6248507
0.99991614,0.012795846,0.0024498713,131.44962,-0.012820926,0.9998642,0.010507825,0.5993124,-0.0023150803,-0.010538339,0.999943,1.6409514
0.9999173,0.012672041,0.0026178865,132.8254,-0.012696288,0.99987626,0.009460577,0.5893558,-0.0024976756,-0.009493018,0.9999531,1.6608878
0.99991894,0.012354252,0.0034047759,134.17941,-0.012378989,0.9998981,0.007341004,0.5766807,-0.0033137328,-0.007382544,0.9999686,1.6745961
0.99992514,0.0119296815,0.0030819303,135.48137,-0.01194625,0.99991566,0.0054129856,0.5626083,-0.0030170921,-0.005449389,0.99998194,1.6923397
0.9999384,0.010748899,0.0031112914,136.8094,-0.010761039,0.9999361,0.0039107,0.5539093,-0.003069054,-0.0039439327,0.99998885,1.7061508
0.99994665,0.009721136,0.0037706324,138.17822,-0.009730235,0.9999514,0.0024015484,0.5430424,-0.0037470995,-0.0024381047,0.9999913,1.7212852
0.999956,0.008571071,0.0040660244,139.5348,-0.008577296,0.99996376,0.0015155073,0.532347,-0.004052883,-0.0015503127,0.9999919,1.7372954
0.99996614,0.0073681674,0.003938067,140.88374,-0.0073699104,0.9999744,0.00042790954,0.52557427,-0.003934809,-0.00045691628,0.99999344,1.7489415
0.99997574,0.0061602644,0.0035621764,142.21603,-0.006161659,0.99998266,0.00038047595,0.5243899,-0.0035597668,-0.00040241375,0.9999949,1.7645845
0.9999834,0.00517485,0.0029452317,143.56334,-0.0051739053,0.9999883,-0.00032828856,0.5203428,-0.0029468932,0.00031304554,0.99999696,1.7721379
0.9999913,0.0043594437,0.00079342007,144.899,-0.0043583214,0.9999913,-0.0014105313,0.5189209,-0.0007995629,0.0014070602,1.0,1.794013
0.9999957,0.003284645,7.837218e-05,146.24513,-0.003284103,0.99997765,-0.0061165523,0.51235515,-9.846284e-05,0.006116261,0.9999826,1.8181792
0.9999951,0.0024161749,0.00247774,147.57446,-0.0023813657,0.9999015,-0.013956188,0.49957314,-0.0025112145,0.013950199,0.9999008,1.8352274
0.9999936,0.0007037729,0.0038066974,148.93015,-0.00062382594,0.9997818,-0.020961588,0.49369878,-0.003820615,0.020959048,0.9997743,1.8497943
1.0000004,-0.00048468524,0.0011235417,150.27519,0.00051138795,0.9997162,-0.023886476,0.48720297,-0.0011116461,0.023887023,0.9997153,1.8702209
0.9999985,-2.973227e-05,-0.0022698117,151.6242,-2.3148867e-05,0.9997303,-0.023295352,0.49032727,0.002269887,0.023295337,0.9997273,1.8895482
0.9999897,0.00059760077,-0.004726485,152.95978,-0.0006947696,0.99978954,-0.02058408,0.5016505,0.0047131805,0.020587126,0.99977815,1.9048328
0.9999897,0.0015638787,-0.004500828,154.32184,-0.0016532962,0.99980164,-0.019932695,0.5022494,0.0044687544,0.019939905,0.99979246,1.9333986
0.9999974,0.0020019105,-0.0017747527,155.64929,-0.0020416933,0.9997418,-0.022706086,0.4995775,0.0017288341,0.022709623,0.99974185,1.9524064
0.9999968,0.0024936656,0.0014461605,156.99615,-0.0024516867,0.99959713,-0.028336434,0.4946465,-0.0015162396,0.028332762,0.9995987,1.9774767
0.99999404,0.0025745393,0.002674862,158.35121,-0.0024885063,0.9994965,-0.031683363,0.48175386,-0.002755084,0.03167648,0.9994957,1.9964465
0.9999938,0.0025047797,0.0028266897,159.68446,-0.002408279,0.99943274,-0.03364069,0.4793493,-0.0029093472,0.03363363,0.9994313,2.0144606
0.99998915,0.0036370647,0.003205811,161.04675,-0.0035312693,0.99947,-0.032410894,0.4775194,-0.0033219904,0.032399178,0.99947083,2.021715
0.9999877,0.0044353586,0.0025971823,162.39471,-0.004356953,0.99955827,-0.029453782,0.48476022,-0.002726672,0.029442066,0.9995642,2.0347657
0.99998546,0.00553378,0.0006046705,163.73694,-0.0055164737,0.99965817,-0.025620006,0.4886236,-0.0007462406,0.025616264,0.99967295,2.0497985
0.9999823,0.0060984185,-0.00020158631,165.11128,-0.006101421,0.99972636,-0.022655196,0.48643193,6.336809e-05,0.022655997,0.9997447,2.0679126
0.99998003,0.0064040646,0.0009198879,166.46709,-0.006383036,0.99975467,-0.021287065,0.48784187,-0.0010559869,0.02128074,0.9997744,2.0820239
0.9999803,0.0063890493,0.00078129023,167.80823,-0.006371807,0.99977374,-0.020376367,0.48404437,-0.00091130007,0.020370958,0.9997935,2.0982091
0.99998355,0.0057064616,-0.0015496213,169.19041,-0.0057333214,0.99982464,-0.017919835,0.48594505,0.001447087,0.017928397,0.9998397,2.118194
0.99997747,0.0052851713,-0.0043776156,170.54219,-0.0053462903,0.99988836,-0.0140696755,0.4885279,0.0043027587,0.01409274,0.99989295,2.1404605
0.9999724,0.0050261985,-0.00564856,171.9417,-0.005072418,0.9999551,-0.008198147,0.4932517,0.0056070923,0.008226555,0.99995196,2.1657345
0.9999755,0.005282474,-0.00480957,173.30391,-0.0053028814,0.99997854,-0.004240061,0.5022063,0.0047870614,0.004265449,0.9999809,2.1873043
0.9999803,0.0058244006,-0.0027568496,174.72389,-0.00582759,0.99998397,-0.0011498926,0.5077762,0.0027501031,0.0011659265,0.999997,2.2117026
0.9999846,0.0056950464,-0.0006087381,176.15668,-0.00569564,0.9999849,-0.0009774659,0.5177547,0.00060315983,0.000980909,1.0000008,2.2284145
0.9999888,0.004936432,0.00037931238,177.52649,-0.0049354834,0.9999864,-0.002462386,0.5068683,-0.00039146395,0.0024604755,0.99999845,2.2525668
0.9999953,0.0033582933,0.00051051495,178.90552,-0.0033556898,0.9999834,-0.0050167637,0.5030253,-0.00052735547,0.0050150133,0.99998885,2.2674105
0.99999416,0.0014808471,-0.0034240196,180.2782,-0.0014992198,0.99998605,-0.0053699967,0.5030119,0.0034160146,0.005375085,0.9999813,2.2902963
0.9999732,-9.480247e-05,-0.007479933,181.66486,7.1323244e-05,0.99999666,-0.003139476,0.51133794,0.007480196,0.0031388476,0.99996865,2.317676
0.99996275,-0.00063513056,-0.008740997,183.07077,0.0006389457,1.0000013,0.0004333891,0.5292601,0.008740721,-0.00043896446,0.9999633,2.3355868
0.9999718,-0.00090685044,-0.0076031825,184.44183,0.0009394168,0.999992,0.004280439,0.53798443,0.007599229,-0.004287463,0.9999635,2.3639972
0.99999124,-0.0007629112,-0.004384827,185.86853,0.00079061073,0.99998134,0.006318284,0.5504912,0.004379917,-0.0063216947,0.99997205,2.38942
0.99999857,-0.00050693535,-0.0022051022,187.24042,0.0005206206,0.99998224,0.006208902,0.55799085,0.0022019106,-0.006210041,0.9999799,2.4113317
1.0000001,-0.00042205845,-0.001362313,188.66933,0.00043038162,0.9999829,0.0061132647,0.56810355,0.0013597056,-0.0061138524,0.999982,2.4326704
1.0000007,-0.00048762743,-0.00076205,190.06795,0.0004910208,0.99999166,0.0044558127,0.56867737,0.0007598675,-0.0044561927,0.9999914,2.4506142
1.000001,-0.0003797519,-0.00017483605,191.47246,0.0003801444,0.99999917,0.0022364159,0.56977755,0.00017398398,-0.0022364901,0.9999991,2.4732985
1.000001,-0.00027141685,-9.392231e-05,192.88939,0.00027140032,1.0000017,-0.00020118197,0.57692367,9.397452e-05,0.00020114845,1.0000015,2.492348
1.0000006,0.00028964976,0.0008514028,194.30333,-0.0002869536,0.9999967,-0.0031628157,0.57885754,-0.00085231755,0.0031625617,0.99999624,2.5116343
0.9999984,0.00064557046,0.002196945,195.73465,-0.0006289541,0.999973,-0.0075549493,0.57663906,-0.002201763,0.0075535383,0.9999707,2.5304668
0.9999979,0.0008765706,0.0023515522,197.12878,-0.0008503008,0.99993926,-0.011148424,0.57625157,-0.002361182,0.01114638,0.99993676,2.5480855
0.9999994,0.000991727,-0.0015427924,198.5764,-0.0010052276,0.99996275,-0.008775701,0.582781,0.0015340272,0.008777227,0.999962,2.5661125
0.99997675,0.0016091757,-0.0067848335,200.011,-0.0016231558,0.99999833,-0.002055632,0.5953152,0.0067815036,0.0020665848,0.9999766,2.5857282
0.99997044,0.0029035823,-0.007264962,201.41914,-0.00285035,0.99997085,0.0073269447,0.6097116,0.0072860126,-0.0073060226,0.9999485,2.6059816
0.9999871,0.0038797897,-0.0035934667,202.88678,-0.0038269958,0.9998881,0.014583995,0.6274215,0.0036496397,-0.014570048,0.99988896,2.631481
0.9999885,0.004831787,-0.0013850275,204.30624,-0.004809049,0.9998627,0.015976237,0.6259201,0.0014620258,-0.015969386,0.9998732,2.6529174
0.99999106,0.004400837,-0.00092820806,205.78786,-0.004386919,0.99988717,0.014498614,0.6278997,0.0009919046,-0.014494407,0.9998962,2.67367
0.99999607,0.003069717,-0.0008896639,207.22083,-0.0030594233,0.9999328,0.011349024,0.6262136,0.0009244377,-0.011346257,0.999937,2.6959732
0.9999984,0.0020149872,-0.0012613699,208.65256,-0.002003063,0.9999559,0.009383467,0.625636,0.0012802166,-0.009380927,0.99995697,2.719574
0.999998,0.0015317323,-0.0020300623,210.12874,-0.0015117654,0.9999528,0.009800186,0.62924963,0.0020449713,-0.0097971,0.9999517,2.7386591
0.9999985,0.0012813695,-0.0019424374,211.55911,-0.0012606353,0.9999446,0.010637392,0.6348943,0.0019559541,-0.010634929,0.9999433,2.7581275
0.99999976,0.0011238381,-0.0012712874,213.05945,-0.0011092254,0.99993604,0.011435885,0.6430408,0.0012840531,-0.011434473,0.99993557,2.7760403
0.99999994,0.0007787029,-0.0013852601,214.53404,-0.00076362456,0.9999429,0.010850739,0.6457327,0.0013936252,-0.010849682,0.99994195,2.8001544
0.9999981,0.00059549406,-0.0024229432,215.9572,-0.0005692396,0.9999434,0.010821152,0.65136504,0.002429243,-0.010819753,0.99994034,2.8202982
0.9999971,0.00030677463,-0.0028537072,217.46173,-0.00027765086,0.99995005,0.010199527,0.6559353,0.0028566855,-0.010198707,0.99994576,2.8442852
0.99999684,-0.00025042242,-0.0029318698,218.93274,0.00028134882,0.99994636,0.010551691,0.66400623,0.0029290621,-0.010552483,0.9999419,2.8659835
0.99999624,-0.00058245,-0.003092076,220.409,0.0006156293,0.9999442,0.010739291,0.67277044,0.0030856398,-0.010741153,0.99993944,2.8901584
0.9999953,-0.0006871191,-0.003362377,221.87637,0.0007224672,0.9999465,0.010521963,0.6787517,0.003354958,-0.010524342,0.9999409,2.912747
0.99999404,-0.0012861129,-0.0035668183,223.39813,0.0013266186,0.9999365,0.011376145,0.68920845,0.0035519514,-0.011380806,0.99993086,2.9343731
0.9999929,-0.0015646298,-0.0037605446,224.92064,0.0016082781,0.9999332,0.011630949,0.6977269,0.003742085,-0.01163691,0.9999272,2.9617436
0.9999919,-0.00187971,-0.003890429,226.33862,0.0019258185,0.9999297,0.011881044,0.70652544,0.003867812,-0.011888435,0.9999238,2.982547
0.9999925,-0.0017749474,-0.0037755282,227.87363,0.0018174164,0.999937,0.011273852,0.71418715,0.0037552689,-0.011280625,0.9999313,3.011504
0.99999124,-0.0018187927,-0.00407687,229.38737,0.0018620442,0.99994403,0.010629408,0.7234174,0.0040572975,-0.010636904,0.9999372,3.036266
0.9999919,-0.0019184783,-0.0038773604,230.91193,0.0019564512,0.9999522,0.009812371,0.7341499,0.003858339,-0.009819876,0.9999463,3.0650306
0.9999948,-0.0017385355,-0.0031585526,232.4064,0.001762773,0.99997115,0.0076857517,0.7392087,0.0031450894,-0.007691281,0.99996746,3.089836
0.9999959,-0.0016473713,-0.0028631864,233.89726,0.0016684205,0.9999737,0.00736341,0.74981695,0.0028509712,-0.007368159,0.9999708,3.1115324
0.9999948,-0.0017912344,-0.003140042,235.41379,0.0018149373,0.99997205,0.0075607346,0.75785786,0.003126401,-0.0075663966,0.9999685,3.1357894
0.999994,-0.0012529109,-0.0036344163,236.93062,0.0012846068,0.9999634,0.008730849,0.7629404,0.003623333,-0.008735465,0.9999573,3.1617646
0.9999957,-0.0010892777,-0.0031744346,238.47902,0.0011205268,0.9999531,0.009857789,0.77486676,0.0031635377,-0.009861302,0.9999484,3.1873705
1.0000005,-0.0006187161,-0.0011929382,240.01106,0.00063037826,0.9999541,0.009797917,0.7815275,0.0011868144,-0.009798672,0.99995327,3.2081664
1.0000012,4.6164554e-05,-0.00046000615,241.47491,-4.1862833e-05,0.99995863,0.0093416255,0.786371,0.00046041262,-0.009341616,0.9999583,3.2300234
0.9999992,0.0005434939,-0.0019663402,243.00867,-0.00052383007,0.9999523,0.009985923,0.7929036,0.0019716658,-0.009984883,0.99995023,3.2513077
0.99999493,0.0012237278,-0.0033599103,244.53058,-0.0011884393,0.99994665,0.010484389,0.798493,0.003372551,-0.01048034,0.99994147,3.2785184
0.9999956,0.0013047857,-0.003128434,246.08502,-0.0012695147,0.99993825,0.01124956,0.8040291,0.0031429091,-0.011245535,0.9999339,3.298849
0.9999981,0.0014245627,-0.0021208727,247.63559,-0.0014003487,0.9999367,0.01137452,0.8069223,0.002136934,-0.011371524,0.99993515,3.3251264
0.99999917,0.001279406,-0.0016318964,249.17696,-0.0012607854,0.99993706,0.011360187,0.8128549,0.0016463207,-0.011358117,0.9999363,3.3514037
1.0,0.0009182887,-0.0013738577,250.7338,-0.00090157945,0.9999286,0.012112802,0.81680626,0.0013848757,-0.012111559,0.9999279,3.3766975
1.0,0.0010720106,-0.0013096883,252.28902,-0.0010542078,0.9999105,0.013518036,0.8233406,0.0013240556,-0.013516649,0.99990994,3.3973234
1.0000004,0.0010110211,-0.001158667,253.85992,-0.0009940532,0.99989605,0.014551328,0.8271679,0.0011732515,-0.01455017,0.99989563,3.422562
1.0000002,0.0012452035,-0.0010741799,255.4238,-0.0012288116,0.9998873,0.015127023,0.82849365,0.0010928884,-0.015125694,0.99988717,3.437475
1.0000006,0.0011482857,-0.00082801975,257.00415,-0.001136573,0.99990374,0.014008366,0.82927614,0.00084401947,-0.014007421,0.9999038,3.4661005
1.0000008,0.0010967213,-0.00023563168,258.57217,-0.0010937146,0.999925,0.012397229,0.8303997,0.00024920524,-0.0123969745,0.9999253,3.481513
1.0000001,0.0013997406,0.0007490832,260.11127,-0.0014067686,0.99995667,0.009466545,0.828546,-0.0007358034,-0.009467599,0.9999571,3.5107062
1.0000008,0.0011400253,0.00010337651,261.6758,-0.0011408123,0.9999701,0.007972319,0.82936716,-9.428921e-05,-0.007972444,0.9999704,3.5287418
1.0000005,0.0009841634,-0.0009948718,263.23468,-0.000976812,0.99997497,0.007361794,0.83078134,0.0010020857,-0.0073608276,0.9999746,3.5545022
1.0000002,0.0014843873,0.00043901862,264.79218,-0.0014869843,0.9999836,0.0059772036,0.82793844,-0.00043014268,-0.0059778625,0.99998426,3.5778863
0.9999978,0.0017624034,0.002034755,266.34293,-0.0017691997,0.9999954,0.0033433493,0.8320787,-0.0020288546,-0.003346951,0.9999946,3.589641
0.9999983,0.0018070625,0.0017428774,267.88593,-0.0018105012,0.999999,0.0019736174,0.83132803,-0.0017393109,-0.001976781,0.99999875,3.6128457
0.99999917,0.002051978,0.0007303039,269.41412,-0.0020528496,0.99999976,0.0011949849,0.831854,-0.00072785525,-0.0011964958,1.0000013,3.6326053
0.9999975,0.0028200645,0.0004383102,270.98135,-0.002820824,0.99999714,0.0017403883,0.83263683,-0.0004334051,-0.001741632,1.0000007,3.6500008
0.99999464,0.003679179,0.0005663452,272.5312,-0.0036810238,0.99999046,0.0032888504,0.837945,-0.0005542434,-0.003290926,0.9999968,3.6709867
0.9999906,0.004681363,0.00024287736,274.07434,-0.0046824655,0.99998045,0.004744456,0.8395967,-0.00022066661,-0.004745554,0.99999106,3.6925983
0.9999852,0.005728186,4.8232914e-06,275.63425,-0.005728104,0.9999658,0.006400696,0.8411946,3.1836295e-05,-0.0064006313,0.9999819,3.713794
0.9999808,0.0064602094,-0.00020121995,277.18567,-0.006458622,0.9999566,0.0071053556,0.84361416,0.0002471079,-0.0071039195,0.9999771,3.7371244
0.999974,0.0074001835,-0.0007624925,278.738,-0.007394427,0.99994874,0.0073019615,0.84294885,0.0008164826,-0.007296134,0.99997544,3.7592347
0.99996865,0.0080322325,-0.0012490056,280.28986,-0.008023181,0.9999454,0.00709518,0.83781403,0.0013059198,-0.0070849373,0.99997646,3.7825801
0.9999614,0.008913385,-0.001128793,281.84137,-0.008905373,0.9999392,0.0069201654,0.83071935,0.001190399,-0.006909847,0.9999779,3.805827
0.9999526,0.009918634,-0.00020882142,283.4007,-0.009917364,0.99993896,0.005417892,0.8237351,0.00026254135,-0.005415568,0.9999878,3.8280845
0.9999518,0.010005405,0.00022525816,284.9562,-0.010006328,0.99994254,0.004519119,0.8149012,-0.00018003404,-0.0045211604,0.9999922,3.8513157
0.9999451,0.01043064,-0.0021884677,286.51596,-0.010422971,0.9999425,0.0034896715,0.79704005,0.002224731,-0.0034666772,0.999994,3.8780525
0.999944,0.009923599,-0.004183962,288.07245,-0.0099093,0.99994797,0.0034261225,0.7850324,0.0042177285,-0.003384478,0.9999879,3.9001818
0.9999495,0.009274744,-0.0043613715,289.6293,-0.009261681,0.9999556,0.0030075838,0.77696913,0.0043890565,-0.0029670468,0.99998856,3.9224386
0.99995494,0.008712075,-0.004294586,291.18704,-0.008705474,0.99996394,0.0015546622,0.76588565,0.0043079597,-0.0015172178,0.99999213,3.9513223
0.9999619,0.0075361887,-0.0048591713,292.74783,-0.0075291293,0.99997365,0.0014705418,0.75829226,0.0048701083,-0.0014339127,0.9999896,3.977266
0.9999624,0.0072930106,-0.005128794,294.32104,-0.0072845104,0.9999752,0.0016749928,0.7486469,0.0051408643,-0.0016375808,0.99998796,4.0046287
0.99996865,0.006478361,-0.0050071236,295.8903,-0.006469209,0.99998057,0.0018425741,0.75022185,0.005018945,-0.0018101354,0.99998826,4.0286546
0.999974,0.005793876,-0.0047691385,297.47205,-0.005787345,0.99998546,0.0013828382,0.7444763,0.004777064,-0.001355214,0.99999017,4.058626
0.9999831,0.005036306,-0.0035826685,299.05246,-0.0050316737,0.9999896,0.0013016817,0.73769355,0.0035891733,-0.0012836455,0.99999523,4.083892
0.9999912,0.0041142725,-0.0022502013,300.6366,-0.004109211,0.99999213,0.0022505778,0.7389174,0.0022594335,-0.0022413214,0.9999974,4.1072454
0.99998736,0.004952524,-0.0022357414,302.2317,-0.004946497,0.9999872,0.0026949125,0.73492795,0.0022490502,-0.0026838281,0.99999624,4.130534
0.99998266,0.0057785637,-0.0023757087,303.8214,-0.0057703694,0.99998045,0.00344359,0.73163265,0.0023955517,-0.0034298277,0.9999936,4.1541486
0.9999811,0.0059892265,-0.0025165367,305.41397,-0.0059825676,0.99998164,0.0026472067,0.72503805,0.0025323352,-0.00263211,0.99999577,4.176715
0.99997574,0.0063369065,-0.0035821996,307.01874,-0.006334382,0.9999828,0.0007171519,0.7145168,0.0035866692,-0.0006944573,0.9999958,4.1979327
0.9999666,0.0065686177,-0.0053011603,308.6052,-0.006575649,0.9999806,-0.0013090078,0.7043797,0.0052924417,0.001343803,0.9999876,4.227776
0.99995846,0.0066012735,-0.00663382,310.21793,-0.006612218,0.9999799,-0.0016283764,0.6980095,0.0066229156,0.0016721524,0.9999792,4.254166
0.9999639,0.004705104,-0.007393668,311.82385,-0.004711173,0.99999166,-0.000803106,0.697472,0.0073898043,0.0008378916,0.99997485,4.285504
0.99997485,0.0027124465,-0.00689865,313.43295,-0.0027142672,0.9999994,-0.00025425164,0.69923306,0.006897934,0.00027295336,0.9999787,4.313455
0.9999908,0.0025788858,-0.004048918,315.0519,-0.0025755742,0.99999946,0.00082343095,0.6999068,0.004051025,-0.00081300864,0.999994,4.3396416
0.99999905,0.0024384176,-0.0007811545,316.67688,-0.0024385536,1.0000001,-0.00017076643,0.6994718,0.0007807335,0.0001726548,1.0000023,4.3690286
0.99999815,0.0029032866,2.6446585e-05,318.29715,-0.002903258,0.9999983,-0.0011165973,0.69667745,-2.9690817e-05,0.0011164994,1.000002,4.3912725
0.9999979,0.0028013866,-0.0010434308,319.921,-0.0028034698,0.9999972,-0.0019980052,0.6945345,0.001037825,0.0020009046,1.0000002,4.416976
0.99999607,0.0033405898,-0.0012481413,321.54498,-0.0033438692,0.9999941,-0.0026322033,0.6874233,0.0012393346,0.002636343,0.99999857,4.4357433
0.99999654,0.0032786212,-0.0009730054,323.1704,-0.003281432,0.9999936,-0.0028984677,0.6883409,0.00096349063,0.0029016263,0.99999815,4.4587655
0.9999944,0.0038747753,-0.0009429659,324.79623,-0.003877441,0.99999166,-0.002838041,0.68436116,0.0009319558,0.0028416575,0.99999833,4.4892297
0.9999908,0.004481761,-0.0017477701,326.4202,-0.0044843717,0.9999921,-0.0014904444,0.68534577,0.0017410686,0.001498248,1.0000002,4.510349
0.99998784,0.0047715358,-0.0025001543,328.0479,-0.0047737863,0.9999914,-0.00089315855,0.6826589,0.0024958611,0.0009050641,0.99999934,4.538554
0.99998415,0.0059556477,-0.0009503687,329.67496,-0.0059571816,0.99998415,-0.0016132696,0.6733124,0.0009407399,0.0016188849,1.0000012,4.5645947
0.999986,0.0057304106,0.00010924812,331.3032,-0.0057300883,0.99998283,-0.0027992479,0.6685466,-0.00012529004,0.002798559,0.99999905,4.589655
0.99998623,0.005627662,-0.0009031758,332.9239,-0.0056304703,0.9999824,-0.0031303347,0.66390085,0.0008855379,0.003135352,0.9999977,4.616883
0.99998325,0.006125883,-0.0009497283,334.53613,-0.006128362,0.999981,-0.0026217648,0.65745527,0.0009336439,0.0026275178,0.9999991,4.649059
0.9999825,0.005627765,-0.0028858196,336.15274,-0.0056304256,0.99998695,-0.00091248075,0.65836686,0.002880636,0.0009286945,0.99999845,4.6609106
0.999973,0.0052602305,-0.005595178,337.76422,-0.0052538505,0.9999888,0.0011554513,0.6658092,0.0056011747,-0.001126037,0.9999867,4.7019777
0.9999805,0.0041773217,-0.005144759,339.37833,-0.0041655637,0.99999195,0.0022949632,0.6630646,0.005154287,-0.0022734976,0.9999871,4.729072
0.99999404,0.0035339973,-0.0021054929,340.99405,-0.0035281603,0.9999932,0.0027716097,0.6651688,0.0021152643,-0.0027641733,0.99999696,4.7627845
0.99999815,0.0029127714,0.00060656614,342.5977,-0.0029150879,0.99999166,0.003847164,0.67036563,-0.00059535686,-0.0038489304,0.99999547,4.782749
1.0000019,0.001126157,-0.0002620379,344.21002,-0.0011249769,0.99999267,0.004469634,0.6775713,0.0002670654,-0.004469351,0.9999931,4.807534
1.0000011,8.620473e-05,-0.0017208065,345.81357,-7.8997575e-05,0.9999945,0.0041887257,0.6861365,0.00172115,-0.004188598,0.9999928,4.8351603
1.0,-0.0021667553,-0.0007071725,347.4199,0.0021689057,0.9999963,0.0030541692,0.69049466,0.00070054695,-0.00305571,0.99999815,4.8557687
0.9999976,-0.003144409,8.3128674e-05,349.0202,0.0031442917,0.99999744,0.0013873955,0.70122355,-8.749396e-05,-0.0013871428,1.0000021,4.889628
0.9999976,-0.0030758677,-0.00070947706,350.62296,0.0030766246,0.99999803,0.0010667733,0.71021795,0.00070618925,-0.0010689663,1.0000024,4.9121394
0.9999944,-0.0038126353,-0.0013948099,352.21936,0.0038136384,0.9999958,0.0007161171,0.72114545,0.0013920667,-0.00072144606,1.0000019,4.9407735
0.9999949,-0.003558902,-0.0016858806,353.81726,0.0035597866,0.99999696,0.00052134745,0.733223,0.0016840119,-0.0005273605,1.0000015,4.9597836
0.9999935,-0.003892248,-0.0017714041,355.41498,0.0038920424,0.9999959,-0.000120154175,0.7443269,0.001771856,0.00011324277,1.0000015,4.988339
0.99999225,-0.0039069,-0.0023266606,357.01123,0.0039052793,0.9999956,-0.00070112944,0.7564947,0.0023293793,0.0006920199,1.0000001,5.0192957
0.99999213,-0.0035782494,-0.002866832,358.60507,0.003575652,0.99999666,-0.0009109307,0.767769,0.00287007,0.0009006541,0.9999986,5.048081
0.99999154,-0.0037885502,-0.0028036882,360.1951,0.003784707,0.99999535,-0.0013751708,0.77838147,0.0028088733,0.0013645281,0.9999983,5.0749464
0.9999899,-0.0034032904,-0.003715554,361.79117,0.0033988869,0.999997,-0.0011910164,0.788944,0.0037195815,0.0011783564,0.9999955,5.0963545
0.9999854,-0.003692152,-0.004562673,363.37897,0.0036815,0.999994,-0.0023409966,0.80025685,0.004571272,0.0023241423,0.99999,5.133365
0.99998903,-0.003710836,-0.003654363,364.9792,0.0036965164,0.999989,-0.0039176843,0.80650747,0.0036688466,0.0039041056,0.99998873,5.1537786
0.99999404,-0.0034710278,-0.0022366247,366.58282,0.0034570035,0.999978,-0.0062441924,0.8184675,0.0022582393,0.006236389,0.99998105,5.189199
0.99999094,-0.0037484253,-0.0030242098,368.17288,0.0037294596,0.99997693,-0.006253025,0.83028984,0.0030475669,0.0062416554,0.9999789,5.2152
0.9999909,-0.002977286,-0.0038000722,369.7781,0.002958399,0.9999867,-0.0049661323,0.8423751,0.0038147932,0.0049548144,0.9999835,5.241268
0.9999929,-0.003072269,-0.0031314355,371.3709,0.003061315,0.9999926,-0.0034968564,0.85023427,0.0031421436,0.0034872196,0.999992,5.264368
0.99999696,-0.0023925542,-0.0023323132,372.98096,0.0023871798,0.9999979,-0.0023042457,0.8647065,0.002337812,0.0022986487,0.9999977,5.2905283
0.99999636,-0.0024894862,-0.0024776892,374.58002,0.0024844038,0.9999983,-0.0020521258,0.87413377,0.0024827837,0.002045941,0.9999979,5.315704
0.9999955,-0.0021604418,-0.0030527553,376.18243,0.0021547484,0.9999994,-0.0018667685,0.8855209,0.0030567748,0.001860161,0.99999666,5.3445554
0.99999565,-0.0013890476,-0.0034508044,377.78745,0.0013834343,1.0000012,-0.0016280635,0.8960317,0.003453057,0.0016232617,0.9999958,5.369648
0.99999523,-0.0016085436,-0.0034929218,379.3915,0.001604109,1.0000013,-0.0012716433,0.90507233,0.003494959,0.0012660145,0.99999624,5.3981667
0.9999963,-0.00081046904,-0.0034520118,380.99713,0.0008097773,1.000003,-0.00020119979,0.91262174,0.0034521732,0.00019838708,0.99999714,5.4251294
0.9999976,-0.0010216282,-0.0029924791,382.60638,0.0010241839,1.0000024,0.0008533216,0.92184985,0.0029916042,-0.000856398,0.99999833,5.4505343
0.99999684,-0.00068675727,-0.0033300188,384.21436,0.0006926343,1.0000014,0.0017646956,0.9307849,0.003328801,-0.0017670076,0.99999607,5.4781556
0.99999505,0.00024632865,-0.0038908261,385.8255,-0.00023555162,0.99999934,0.0027707745,0.93556297,0.0038914937,-0.0027698525,0.9999918,5.5095296
0.9999953,0.00014467814,-0.0038320257,387.43768,-0.00013039574,0.99999624,0.0037278004,0.9436414,0.0038325386,-0.003727289,0.9999889,5.5375304
0.9999973,0.00083670055,-0.0031490158,389.0528,-0.00082157785,0.9999913,0.004801572,0.94750994,0.0031529958,-0.004798975,0.9999867,5.5620856
0.9999987,0.0005722637,-0.0027719983,390.67868,-0.00055625394,0.99998635,0.005773954,0.953296,0.0027752558,-0.0057724044,0.9999827,5.589439
0.99999756,0.0010484078,-0.0030206654,392.29913,-0.0010278098,0.99997944,0.0068135606,0.9609754,0.0030277374,-0.0068104365,0.99997544,5.616419
0.99999714,0.0017014956,-0.0028896541,393.92206,-0.0016809269,0.9999765,0.007106895,0.9665482,0.0029016696,-0.0071020136,0.9999738,5.6426845
