'04':
  ARE: 0.0007660794888453212
  ATE: 0.01842091953025951
  STD_ARE: 0.00042967561932992396
  STD_ATE: 0.01182234503445159
  nsecs_per_frame: 0.4617229994812575
  rot_err: 2.348567563537863e-05
  tr_err: 0.004491371558399293
AVG:
  ARE: 0.0007660794888453212
  ATE: 0.01842091953025951
  STD_ARE: 0.00042967561932992396
  STD_ATE: 0.01182234503445159
  nsecs_per_frame: 0.4617229994812575
  rot_err: 2.348567563537863e-05
  tr_err: 0.004491371558399293
