0,1,2,3,4,5,6,7,8,9,10,11
1.0,0.0,0.0,0.0,0.0,1.0,0.0,0.0,0.0,0.0,1.0,0.0
0.99999845,0.0016797978,-0.0004869187,1.197428,-0.0016795637,0.99999845,0.00048079336,0.009401833,0.0004877256,-0.00047997484,0.99999976,0.017486678
0.9999948,0.0032175935,-0.00027309166,2.400217,-0.0032173218,0.99999434,0.000990276,0.014351773,0.0002762764,-0.0009893922,0.9999995,0.031471483
0.9999904,0.004381943,0.00018400539,3.6050858,-0.0043820315,0.99999034,0.00048271328,0.014151743,-0.00018188838,-0.00048351492,0.9999999,0.047608893
0.99998623,0.005248989,0.00024906767,4.8063183,-0.005249085,0.99998623,0.00038380956,0.013488721,-0.0002470496,-0.0003851116,0.99999994,0.0665087
0.99998105,0.0061662067,0.00011691846,6.0032206,-0.00616623,0.99998105,0.00019618864,0.0095916055,-0.00011570648,-0.00019690584,1.0000001,0.07911467
0.99997485,0.0070856623,-0.000505298,7.1996074,-0.0070856456,0.99997497,3.5331977e-05,0.0068415776,0.00050553575,-3.175068e-05,1.0,0.100335576
0.99996835,0.007932143,-0.0007392524,8.394396,-0.007931929,0.9999686,0.0002930493,0.0024561323,0.0007415537,-0.00028717628,0.9999999,0.116286054
0.9999675,0.008070835,0.00027236398,9.6,-0.008070858,0.9999676,8.3059276e-05,-0.0015887655,-0.00027168466,-8.525477e-05,1.0000001,0.13504508
0.99997467,0.007059086,0.0010299049,10.805114,-0.0070586842,0.99997514,-0.000393994,-0.005394957,-0.0010326604,0.00038671424,0.9999996,0.15041913
0.9999875,0.0049678124,0.0008066561,11.998955,-0.0049664853,0.99998647,-0.0016400826,-0.00743405,-0.0008147925,0.0016360558,0.99999857,0.16960245
0.9999962,0.0027998474,0.00043606016,13.193434,-0.0027991466,0.999995,-0.0016028031,-0.006605398,-0.00044054538,0.0016015763,0.99999887,0.18529966
0.9999991,0.001425407,0.0003847785,14.39005,-0.0014248363,0.9999981,-0.0014828613,-0.0008647661,-0.00038689125,0.0014823116,0.99999905,0.20392588
1.0000001,0.00044291525,0.00011021901,15.582063,-0.0004429319,1.0000001,0.00013968116,0.0060333055,-0.00011015698,-0.00013972993,1.0000002,0.21940838
1.0000002,0.00022185563,0.0002099996,16.7841,-0.00022184645,1.0000002,-4.971151e-05,0.008724219,-0.00021001048,4.9664945e-05,1.0000002,0.23694935
1.0,0.00014655829,0.000531882,17.985502,-0.00014629387,1.0000001,-0.000499512,0.0137897795,-0.000531955,0.0004994341,1.0,0.25591072
0.9999997,-0.00061383954,0.0007366706,19.184042,0.0006144063,0.99999976,-0.00077092904,0.01760786,-0.0007361969,0.0007713813,0.9999997,0.27090016
0.99999976,-0.0008788372,-6.55506e-06,20.378633,0.00087883195,0.99999976,-0.00059564534,0.024518698,7.0787514e-06,0.00059563946,1.0000001,0.28971982
0.99999845,-0.0016604722,-0.0007810184,21.576315,0.0016601285,0.99999887,-0.0004391642,0.028676495,0.0007817468,0.00043786695,0.99999994,0.3070311
0.999997,-0.0024652644,-0.00048291576,22.773567,0.0024651662,0.9999973,-0.00020174708,0.039149642,0.00048341195,0.00020055613,1.0000002,0.32460538
0.9999961,-0.0027780666,-0.00058996514,23.975744,0.002778033,0.99999654,-5.5930985e-05,0.04801885,0.0005901186,5.4291944e-05,1.0000002,0.34121254
0.9999908,-0.004158005,-0.0011584172,25.172972,0.004158071,0.9999918,5.474002e-05,0.058973078,0.0011581801,-5.9556158e-05,0.9999997,0.3610719
0.9999895,-0.004568721,-0.0006446704,26.377401,0.004568916,0.99999,0.00030164781,0.07010807,0.00064328586,-0.0003045899,1.0000002,0.37836322
0.9999835,-0.005696952,0.00088152353,27.57274,0.005697631,0.9999839,-0.0007699152,0.08099153,-0.0008771231,0.0007749252,0.9999998,0.3946744
0.9999779,-0.006549537,0.0012516591,28.770931,0.0065512466,0.99997807,-0.0013666875,0.09024328,-0.0012426805,0.0013748573,0.9999988,0.4142773
0.9999777,-0.006690001,0.00033074772,29.971863,0.0066905585,0.99997663,-0.001714603,0.10392617,-0.0003192694,0.0017167777,0.999999,0.4292436
0.99996924,-0.007846396,-0.00043650143,31.168272,0.007845437,0.99996746,-0.002154962,0.116443925,0.00045339565,0.002151471,0.9999981,0.44718304
0.99996614,-0.008227979,-0.0006010282,32.371037,0.008226827,0.99996495,-0.00189241,0.13126472,0.0006165775,0.0018874013,0.9999986,0.46228558
0.9999583,-0.009157858,-0.00016975279,33.56762,0.009157431,0.9999559,-0.0023602312,0.14463232,0.0001913597,0.002358578,0.9999978,0.4810214
0.99995327,-0.0097004315,2.1261461e-05,34.769257,0.009700454,0.9999504,-0.0025264889,0.16116184,3.2473986e-06,0.0025265764,0.99999744,0.4976086
0.9999514,-0.009893607,2.7068381e-08,35.97181,0.00989355,0.99994594,-0.0034129908,0.17825036,3.3739485e-05,0.0034128244,0.9999948,0.5183445
0.9999434,-0.010676073,-5.8119655e-05,37.170265,0.010675858,0.99993944,-0.0029212264,0.19832687,8.930309e-05,0.0029204397,0.99999636,0.5333908
0.99994403,-0.0106079,0.0004967339,38.37202,0.010609785,0.9999366,-0.0039586066,0.21636376,-0.00045470992,0.003963654,0.9999927,0.55470484
0.9999402,-0.010869223,0.0015607623,39.57572,0.010875012,0.9999346,-0.0037490907,0.23153377,-0.0015199102,0.0037658382,0.9999925,0.5694946
0.9999378,-0.010909858,0.0025570977,40.77963,0.010918319,0.9999357,-0.003317757,0.2502158,-0.002520736,0.0033454683,0.999992,0.5860807
0.99994063,-0.010709174,0.0023012492,41.985676,0.010715531,0.9999396,-0.0027675806,0.27027512,-0.0022714708,0.0027920739,0.9999944,0.6008033
0.99994093,-0.0106990235,0.0022065693,43.183067,0.010702355,0.9999425,-0.0015028451,0.28620982,-0.0021903624,0.0015263711,0.9999973,0.6186277
0.99994516,-0.009834617,0.0037676618,44.3856,0.009831288,0.99995214,0.0009016044,0.30809262,-0.0037763466,-0.0008645132,0.9999934,0.62705046
0.9999385,-0.008862402,0.006765226,45.591415,0.008854533,0.999961,0.0011924917,0.32604238,-0.006775527,-0.0011325144,0.99997735,0.64271665
0.9999313,-0.0069934567,0.009482678,46.79316,0.006977289,0.99997514,0.0017370938,0.3415537,-0.009494584,-0.0016708095,0.9999545,0.6489365
0.9999068,-0.0048146695,0.012832262,48.002,0.0047921166,0.9999879,0.001787713,0.35432473,-0.012840705,-0.0017260511,0.99991703,0.6539676
0.9998904,-0.0039566117,0.014319047,49.204956,0.003939675,0.9999925,0.0012108481,0.36444458,-0.014323721,-0.0011543017,0.9998977,0.6571906
0.9999136,-0.0023942543,0.012984755,50.406967,0.002394579,0.99999815,-9.482028e-06,0.3693244,-0.0129847,4.057458e-05,0.99991673,0.6569632
0.99993634,-0.0007566771,0.011320418,51.614372,0.000749542,1.0000006,0.00063441956,0.378093,-0.011320896,-0.00062589324,0.99993676,0.66353744
0.99994403,-0.00028407614,0.010638704,52.813564,0.0002738917,1.0000005,0.0009586252,0.38765416,-0.010638975,-0.00095565664,0.999944,0.65432984
0.9999454,0.0002583387,0.01051537,54.01915,-0.0002647931,1.0000007,0.0006122827,0.3891032,-0.010515214,-0.00061503286,0.9999456,0.6666964
0.99995625,-0.00084574614,0.009397436,55.2306,0.00084418384,1.0000006,0.00017008674,0.39368835,-0.009397581,-0.00016214553,0.9999569,0.6724504
0.99995136,-0.0023433748,0.009662042,56.43024,0.0023388683,0.9999981,0.0004776233,0.40126675,-0.009663139,-0.00045500102,0.9999543,0.67306596
0.99993813,-0.0031101094,0.010754052,57.636166,0.0031076767,0.9999961,0.00024285678,0.40801325,-0.010754759,-0.00020942098,0.99994326,0.6808348
0.9999286,-0.0045394814,0.011132269,58.849766,0.0045346273,0.99999064,0.0004611755,0.4197659,-0.011134252,-0.00041066107,0.9999391,0.6858268
0.9999285,-0.004963433,0.010960679,60.054512,0.004950694,0.99998814,0.0011889696,0.4316744,-0.0109664425,-0.0011346203,0.9999404,0.689363
0.9999247,-0.0059167473,0.010833805,61.265648,0.0059000864,0.99998254,0.0015691045,0.4459963,-0.010842891,-0.0015050643,0.9999413,0.69416785
0.99992913,-0.006275005,0.010210305,62.47274,0.0062659625,0.99998116,0.0009173033,0.45726386,-0.010215861,-0.00085325976,0.9999487,0.6974537
0.9999376,-0.005958371,0.009546471,63.67202,0.0059582214,0.9999835,4.4011453e-05,0.46738955,-0.009546567,1.2871518e-05,0.99995565,0.7093334
0.9999246,-0.0067040958,0.01037533,64.88532,0.0067065125,0.9999787,-0.00019823233,0.4788024,-0.01037377,0.00026779968,0.99994737,0.7141002
0.99990875,-0.0064690397,0.011938867,66.08625,0.0064788773,0.99998,-0.0007855552,0.4887844,-0.011933534,0.00086283346,0.99992967,0.7159026
0.9999196,-0.0070846574,0.010605591,67.2907,0.007083009,0.99997616,0.00019288284,0.504155,-0.010606693,-0.000117747346,0.999945,0.72882295
0.99993086,-0.0070289755,0.009529565,68.48924,0.007012804,0.9999752,0.0017292243,0.51838595,-0.009541473,-0.0016622739,0.9999544,0.7322547
0.99993116,-0.0068518105,0.009632502,69.682655,0.0068176277,0.9999716,0.0035769977,0.53693444,-0.009656727,-0.0035110768,0.99994844,0.7364417
0.99992615,-0.007289593,0.009832598,70.8826,0.00724038,0.9999624,0.0050314274,0.5534714,-0.009868896,-0.004959859,0.9999402,0.7461952
0.9999272,-0.006800845,0.010077568,72.07988,0.006732132,0.99995524,0.006836747,0.56717145,-0.010123601,-0.0067683985,0.9999271,0.7469069
0.99992007,-0.006328572,0.011046227,73.279526,0.0062503526,0.99995655,0.0071013253,0.5816385,-0.011090675,-0.0070317076,0.99991506,0.7588151
0.9999233,-0.0043310244,0.011699588,74.463486,0.0042349165,0.9999585,0.008226888,0.59657526,-0.011734719,-0.008176702,0.999899,0.75544155
0.99994916,-0.0009586727,0.010149559,75.63514,0.0008799641,0.99997085,0.0077563804,0.6052327,-0.010156686,-0.0077470457,0.9999198,0.7627532
0.9999858,0.0011692268,0.0054149777,76.81642,-0.0011962823,0.99998814,0.004995554,0.60810477,-0.0054090656,-0.0050019547,0.9999742,0.78276294
0.999983,0.0041927467,0.004331427,77.99211,-0.0042180982,0.99997526,0.0058598886,0.61068726,-0.0043067452,-0.005878052,0.9999748,0.786786
0.99994916,0.006537903,0.007832182,79.170815,-0.006576997,0.99996734,0.0049757403,0.6068966,-0.007799385,-0.005026993,0.99995834,0.7928529
0.9999087,0.009745934,0.009489798,80.35237,-0.009786472,0.9999445,0.004234365,0.5983647,-0.009447991,-0.004326844,0.9999474,0.80667466
0.9998705,0.014251899,0.0076324404,81.52008,-0.014295589,0.999883,0.0057001123,0.5916151,-0.0075502987,-0.0058084773,0.9999561,0.80874383
0.99983937,0.017289756,0.0049622688,82.69767,-0.017312627,0.999841,0.0046023107,0.5780003,-0.004881899,-0.004687476,0.99997854,0.8233036
0.9997804,0.020956133,0.0015391044,83.860855,-0.020961888,0.9997744,0.0038177136,0.55725896,-0.0014587488,-0.003849133,0.99999297,0.8378224
0.9997068,0.024260387,0.00045379275,85.01586,-0.024261687,0.9997022,0.0030931607,0.53544265,-0.00037861383,-0.003103259,0.99999654,0.8563182
0.9996171,0.02763832,0.0020787728,86.18878,-0.027643926,0.9996155,0.0027132956,0.50840586,-0.0020029782,-0.002769718,0.99999565,0.8709573
0.99950415,0.031410325,0.0027041784,87.37482,-0.031420007,0.99950105,0.0036119628,0.4792028,-0.0025893713,-0.003695132,0.9999913,0.88487285
0.9993873,0.035023198,0.0008346005,88.51445,-0.035025835,0.99938196,0.003370807,0.44244057,-0.00071602524,-0.0033979695,0.99999547,0.9022205
0.99925256,0.038657732,-0.0014880059,89.666855,-0.038652807,0.9992488,0.0032132857,0.4033938,0.0016111069,-0.0031533637,0.9999953,0.91878587
0.9991542,0.041108374,-0.0018345838,90.83723,-0.041101888,0.99915034,0.0034452796,0.3633938,0.0019746548,-0.003366956,0.9999939,0.9380053
0.9990358,0.043923836,-0.00075183494,91.99862,-0.043922044,0.9990337,0.002260113,0.31783783,0.0008503824,-0.0022249077,0.9999986,0.9582436
0.9988852,0.047224857,0.0006586774,93.143,-0.04722569,0.99888474,0.0013154857,0.2691178,-0.0005958165,-0.0013451232,1.0000004,0.9738902
0.9987652,0.049648434,0.0023668977,94.29566,-0.049649846,0.9987679,0.000540508,0.22235793,-0.0023371414,-0.0006573548,0.99999857,0.9898755
0.99862784,0.05228189,0.0033932445,95.46159,-0.052278828,0.99863344,-0.0009853143,0.16232955,-0.0034401156,0.0008065676,0.9999953,1.0019121
0.9985131,0.054514375,0.0014725857,96.603035,-0.05451138,0.99851257,-0.0020023664,0.102606535,-0.0015795489,0.0019191152,0.9999985,1.0175618
0.99840856,0.056370545,-0.0022552803,97.78379,-0.05637816,0.9984049,-0.0034709922,0.04294829,0.0020560212,0.003592614,0.9999931,1.0345333
0.99824065,0.059092455,-0.005108693,98.941505,-0.05910798,0.99824876,-0.002944176,-0.022525918,0.0049257646,0.0032409583,0.9999843,1.0465473
0.99814504,0.060603037,-0.0060163187,100.114525,-0.060621005,0.9981583,-0.002851283,-0.09325824,0.005832438,0.0032107066,0.99997956,1.0658425
0.9980883,0.06157255,-0.0055741305,101.28069,-0.061588626,0.99809927,-0.002760611,-0.15485871,0.0053935535,0.0030986338,0.9999824,1.0856199
0.99817425,0.060294606,-0.0039030155,102.46793,-0.060304865,0.9981781,-0.0025672608,-0.2221887,0.0037411102,0.002797942,0.9999908,1.1054406
0.99825805,0.058969505,-0.0024310057,103.65583,-0.058976986,0.99825585,-0.0031312911,-0.2876997,0.0022421135,0.0032692072,0.99999386,1.1287022
0.9983467,0.057479773,-0.0015539821,104.83704,-0.057484195,0.9983434,-0.0029715837,-0.34916455,0.001380601,0.0030559974,0.9999962,1.1428641
0.99850965,0.05459076,-0.00093218085,106.046486,-0.05459308,0.9985065,-0.002682198,-0.40946135,0.00078436494,0.0027290888,0.9999978,1.1620916
0.9986455,0.052046917,-0.00096501963,107.23286,-0.052048925,0.9986435,-0.0021962316,-0.4653255,0.00084940303,0.002243483,0.9999989,1.1756809
0.998854,0.047872946,-0.0012268585,108.45146,-0.047874093,0.9988543,-0.0009320369,-0.5190783,0.0011808327,0.0009897024,1.0000006,1.1910865
0.99903595,0.04391865,-0.0010010261,109.66144,-0.043919433,0.99903613,-0.0007852041,-0.56488574,0.00096557563,0.00082841073,1.000001,1.2092239
0.9991873,0.040340714,-0.00011680292,110.864975,-0.04034072,0.99918735,-0.00017434533,-0.6079123,0.000109674955,0.00017891522,1.0000018,1.2219961
0.9993679,0.035578646,0.0008068132,112.09489,-0.035578683,0.9993683,4.641981e-05,-0.64901656,-0.0008046509,-7.509593e-05,1.0000014,1.2412242
0.99949896,0.03166184,0.0013728606,113.29983,-0.03166206,0.99950004,0.00015237243,-0.68314594,-0.0013673482,-0.00019576369,1.0000008,1.2559507
0.99965155,0.026395377,0.0016231834,114.52767,-0.02639646,0.99965274,0.00065911893,-0.7162466,-0.0016052201,-0.000701735,1.0000002,1.2722435
0.9997694,0.021489784,0.001436057,115.751495,-0.021491716,0.9997695,0.001354501,-0.7361027,-0.0014066164,-0.0013850508,0.9999999,1.2855455
0.99985665,0.01697078,0.0011966348,116.97223,-0.01697294,0.9998557,0.0018315534,-0.7514094,-0.0011653778,-0.0018515995,0.99999946,1.2998347
0.9999319,0.011773875,0.00071106723,118.20322,-0.011775773,0.99992836,0.0027482682,-0.7601495,-0.0006786575,-0.0027564517,0.99999785,1.3177855
0.9999635,0.008695439,0.00045161287,119.4248,-0.008697334,0.9999539,0.004409995,-0.76177883,-0.00041324447,-0.0044137575,0.999992,1.3321316
0.9999826,0.006121073,0.00041826259,120.66672,-0.0061237877,0.9999592,0.006868842,-0.75840575,-0.00037620013,-0.0068712775,0.9999781,1.3441442
0.9999888,0.005009652,0.0004421861,121.90865,-0.005012936,0.9999585,0.0078035966,-0.7591232,-0.00040307373,-0.007805718,0.9999713,1.3654802
0.9999915,0.0044386378,0.00049850607,123.1393,-0.0044432497,0.9999446,0.009699409,-0.7574811,-0.00045542547,-0.009701531,0.9999547,1.3796898
0.9999965,0.0029211899,0.0011689673,124.39638,-0.0029340545,0.99993485,0.011172138,-0.75615984,-0.0011362537,-0.011175517,0.9999388,1.3926121
0.9999957,0.0028532408,0.0018166351,125.62938,-0.0028739178,0.9999314,0.011491188,-0.7552607,-0.0017837211,-0.011496346,0.99993426,1.4125907
0.99999404,0.0014833057,0.0035531532,126.88478,-0.0015349714,0.999894,0.014586732,-0.7418855,-0.0035311356,-0.014592082,0.99988925,1.4248863
0.9999805,0.00059421884,0.006448221,128.14397,-0.0006982775,0.999871,0.016149715,-0.7403422,-0.006437784,-0.016153885,0.9998508,1.4259632
0.99997896,0.0005001892,0.0066991043,129.38406,-0.0005991304,0.9998923,0.014777736,-0.7328819,-0.0066909823,-0.014781423,0.9998704,1.4435633
0.9999876,-0.0003823397,0.0052645705,130.65099,0.00030317594,0.9998887,0.015032567,-0.7276794,-0.0052697244,-0.015030769,0.99987525,1.4535494
0.99998456,-0.0006605617,0.0057900455,131.90756,0.0005881195,0.9999234,0.012506923,-0.72857124,-0.0057978546,-0.01250331,0.9999072,1.457201
0.9999697,-0.0019964955,0.007731255,133.16736,0.0019227554,0.9999545,0.009535634,-0.72261083,-0.00774993,-0.009520469,0.99992687,1.4735618
0.99995255,-0.0024040372,0.0096077975,134.43208,0.002339093,0.9999763,0.0067666573,-0.7225594,-0.009623823,-0.006743856,0.99993324,1.477471
0.99994195,-0.0021799374,0.010702575,135.69435,0.0021323976,0.99998975,0.0044527464,-0.71582997,-0.010712156,-0.0044296617,0.9999351,1.4816277
0.999957,-0.0024949673,0.009101399,136.96281,0.0024897198,0.9999987,0.0005895337,-0.71120524,-0.009102843,-0.00056684995,0.99996066,1.4916896
0.9999678,-0.001941331,0.007980749,138.22934,0.0019529911,0.99999905,-0.0014515847,-0.7100826,-0.007977909,0.0014671199,0.9999693,1.4927969
0.9999676,-0.0022490805,0.007935424,139.51169,0.0022752048,0.99999404,-0.003282655,-0.70676196,-0.007927978,0.0033005963,0.99996537,1.5045651
0.9999677,-0.001850668,0.008025435,140.78629,0.0018778256,0.9999946,-0.0033757961,-0.6993154,-0.008019128,0.0033907504,0.99996436,1.5077987
0.99995446,-0.0007629866,0.0096846875,142.0617,0.00079189765,0.9999973,-0.0029802201,-0.69459,-0.009682369,0.002987747,0.99995095,1.517528
0.99993634,-0.0007373638,0.011404957,143.35019,0.00074625836,1.0000014,-0.0007743458,-0.6813101,-0.011404383,0.00078280433,0.99993694,1.5166081
0.999949,0.00012756226,0.010267309,144.6181,-0.00011843577,1.0000017,-0.0008880683,-0.6769332,-0.010267423,0.0008868035,0.9999492,1.5292468
0.9999673,0.0012153406,0.008214954,145.89862,-0.0012151488,1.0000013,-2.6616908e-05,-0.6691173,-0.008214983,1.6631384e-05,0.99996865,1.5302423
0.9999839,0.0010870096,0.0058804485,147.17734,-0.0010861895,1.0000014,-0.00014022071,-0.6662103,-0.0058805984,0.00013382874,0.9999851,1.5401111
0.999998,0.0019756851,0.001970509,148.44783,-0.0019732816,0.99999934,-0.001213782,-0.6633941,-0.0019729012,0.001209887,0.99999976,1.5590286
0.99999833,0.0020114316,-0.0017712252,149.71982,-0.0020129094,0.99999964,-0.00084080396,-0.6620034,0.0017695326,0.00084436405,1.0000006,1.5721694
0.9999959,0.0022131645,-0.0026831303,150.9945,-0.0022165,0.9999988,-0.0012460393,-0.6632118,0.002680367,0.0012519769,0.99999815,1.593834
0.99999547,0.002650127,-0.0024489823,152.25786,-0.0026541501,0.99999714,-0.0016466115,-0.66094005,0.0024446095,0.001653099,0.9999983,1.6161108
0.99999744,0.00225669,-0.0020414721,153.52628,-0.0022586659,0.999999,-0.0009727266,-0.6605692,0.0020392735,0.000977331,1.0000001,1.6358918
0.99999905,0.0022356606,-0.0010208777,154.7979,-0.0022361397,0.9999994,-0.00048168655,-0.65610224,0.0010198002,0.00048396544,1.000002,1.658777
1.0000005,0.0016670548,-0.0005462196,156.06943,-0.0016669827,1.0000006,0.0001076232,-0.6533073,0.00054639985,-0.000106715364,1.0000025,1.6784755
1.0000011,0.0012005459,-0.00066622254,157.33669,-0.0012002768,1.0000011,0.00038390164,-0.650935,0.0006666846,-0.0003831047,1.0000024,1.6989549
1.0000014,0.0009535302,-0.00046135217,158.59784,-0.00095324963,1.0000013,0.0005787178,-0.64780134,0.00046190526,-0.0005782809,1.0000024,1.7169483
1.0000017,-0.00010271481,0.0006142397,159.86589,0.000102516206,1.0000019,0.00034539634,-0.6454971,-0.0006142743,-0.00034533636,1.0000024,1.7383319
1.0000013,-0.00026192368,0.0009115762,161.12834,0.00026115673,1.0000015,0.00085621374,-0.6387936,-0.00091179943,-0.0008559787,1.0000019,1.7534224
1.000001,-0.0013177902,0.00018845608,162.39386,0.001317576,1.0000004,0.001205732,-0.6321201,-0.00019004333,-0.0012054862,1.0000019,1.7741327
0.99999964,-0.0019321985,-0.00083640736,163.65443,0.0019337613,0.9999984,0.0018548747,-0.62304,0.00083282264,-0.0018564919,1.0000006,1.7918938
0.9999985,-0.0022299336,-0.0012902515,164.92113,0.002233056,0.99999654,0.0024127977,-0.612196,0.0012848667,-0.0024156752,0.9999989,1.8082018
0.9999941,-0.0034254116,-0.0019188566,166.19212,0.0034295935,0.99999374,0.002173115,-0.60333914,0.0019114,-0.0021796834,0.9999985,1.8306501
0.9999917,-0.003426918,-0.002902628,167.45697,0.003434081,0.999993,0.002461586,-0.59337896,0.0028941701,-0.0024715331,0.9999954,1.8526473
0.999987,-0.0046917675,-0.0027628401,168.73186,0.0046991585,0.9999874,0.0026697642,-0.58194876,0.0027502773,-0.0026827122,0.9999953,1.8725737
0.9999861,-0.005380606,-0.0015901788,169.99823,0.0053851153,0.9999835,0.0028363976,-0.571244,0.0015748901,-0.0028449206,0.99999744,1.8941556
0.99998623,-0.0054907664,-0.0010496137,171.26053,0.0054938435,0.9999826,0.0029375493,-0.5590723,0.0010334656,-0.002943274,0.99999785,1.9151306
0.9999785,-0.0068076486,-0.00070229504,172.53033,0.0068099685,0.9999733,0.0033340207,-0.5461995,0.00067957945,-0.00333873,0.99999696,1.9339395
0.9999778,-0.00691829,-0.0005229762,173.79236,0.006920078,0.9999721,0.0034675484,-0.52989054,0.0004989723,-0.0034710888,0.99999666,1.9529047
0.9999691,-0.008018666,-0.0011047256,175.06648,0.008023157,0.9999615,0.0041085803,-0.51363397,0.0010717371,-0.0041173142,0.99999374,1.9720929
0.999964,-0.008538686,-0.0017091687,176.33678,0.008547314,0.9999526,0.0050983024,-0.49827436,0.0016655534,-0.0051127234,0.9999883,1.9925396
0.99996454,-0.008511408,-0.0015232721,177.59958,0.008519148,0.9999526,0.005140249,-0.4808535,0.001479448,-0.005153039,0.99998844,2.0110023
0.99995744,-0.009073683,-0.002563127,178.87022,0.009086171,0.99994886,0.0048981616,-0.46471488,0.002518549,-0.0049212375,0.99998754,2.030773
0.99995476,-0.008964687,-0.0037302454,180.13606,0.008979473,0.999954,0.0039626607,-0.44898123,0.0036945457,-0.003995973,0.999988,2.0538025
0.99995226,-0.0092225885,-0.0037846295,181.40138,0.009226512,0.9999591,0.0010168084,-0.4339815,0.0037750932,-0.0010516786,0.9999951,2.0853539
0.9999534,-0.009849532,-0.00044887775,182.66435,0.0098500615,0.99995303,0.0011606477,-0.41880462,0.0004374254,-0.0011650145,1.000002,2.101346
0.9999481,-0.009697534,0.0037051653,183.9223,0.009699259,0.99995506,-0.00044406892,-0.4076657,-0.0037006857,0.00047998165,0.99999577,2.116453
0.99994266,-0.010275113,0.003621052,185.18727,0.010273178,0.9999493,0.0005565863,-0.38702053,-0.0036265806,-0.00051935494,0.99999607,2.1360745
0.9999576,-0.009420107,0.00033372763,186.4432,0.00941927,0.9999548,0.002465114,-0.36574402,-0.00035693205,-0.0024618632,0.9999997,2.1484447
0.99995065,-0.010052075,-0.0013781454,187.68886,0.010056394,0.9999467,0.0031539588,-0.34626943,0.0013463678,-0.0031676583,0.9999969,2.16851
0.99995035,-0.01007942,-0.0013968504,188.94199,0.010082911,0.9999483,0.00250512,-0.32800886,0.0013715277,-0.002519077,0.9999987,2.1884532
0.9999555,-0.009659189,-0.0002987845,190.18845,0.009659914,0.9999526,0.0024807495,-0.31566685,0.0002748097,-0.0024835223,0.99999964,2.2086818
0.99994874,-0.010194164,0.0017322957,191.43845,0.010189978,0.99994755,0.0024162242,-0.29253343,-0.0017568311,-0.0023984453,0.9999984,2.2268581
0.99995774,-0.009011582,0.0027816643,192.67982,0.009006782,0.9999603,0.001737756,-0.27645808,-0.0027972069,-0.0017126268,0.99999744,2.2469845
0.9999665,-0.008152858,0.002253538,193.9189,0.008148364,0.99996716,0.002002215,-0.26530966,-0.0022697817,-0.001983783,0.9999983,2.2612722
0.99998105,-0.006466453,0.0008722494,195.15416,0.0064657433,0.9999811,0.00082820514,-0.25375223,-0.00087758485,-0.00082254945,1.0000021,2.2860494
0.9999895,-0.0050093373,-0.0006985238,196.38571,0.005010249,0.999989,0.0012909936,-0.23925766,0.0006920499,-0.0012944788,1.0000018,2.3023038
0.9999932,-0.0040710317,-0.0013161352,197.60645,0.00407138,0.99999404,0.0002519081,-0.23087181,0.0013151015,-0.00025726564,1.0000019,2.3247867
0.99999917,-0.0024496214,-0.0006872985,198.8362,0.002449988,0.9999993,0.0005143603,-0.22029412,0.0006860388,-0.000516044,1.0000024,2.3448722
1.0000006,-0.001587218,0.0010596496,200.05565,0.0015872974,1.0000012,-6.1788596e-05,-0.21525271,-0.0010595485,6.3469226e-05,1.0000023,2.364013
1.000001,-0.00053396856,0.0016474355,201.2644,0.0005331917,1.0000021,0.0004797715,-0.20636514,-0.0016476896,-0.0004788938,1.0000013,2.3846357
1.0000006,0.0011280645,0.0015870444,202.46866,-0.0011292645,1.0000014,0.0007634596,-0.20138593,-0.0015861802,-0.00076525187,1.0000012,2.4029577
0.99999946,0.0017069002,0.0017571117,203.66576,-0.0017090423,1.0000001,0.0012256568,-0.20082441,-0.0017550143,-0.0012286579,1.0000005,2.4207494
0.9999954,0.0031720276,0.00202042,204.8603,-0.0031744614,0.99999654,0.0012088259,-0.19608489,-0.0020165727,-0.0012152329,1.0,2.439176
0.99999416,0.0035907594,0.0019713303,206.05154,-0.0035938246,0.9999947,0.0015600808,-0.19879802,-0.001965712,-0.0015671544,0.9999996,2.4552996
0.9999913,0.0043286984,0.0019825103,207.22539,-0.0043315804,0.99999195,0.0014581145,-0.20029792,-0.0019761766,-0.0014666874,0.99999976,2.4717197
0.9999849,0.0055223545,0.0022041483,208.37827,-0.0055230916,0.9999871,0.00033451745,-0.20042683,-0.002202266,-0.00034668657,1.0000004,2.4958308
0.9999846,0.0053463336,0.0027122758,209.5257,-0.005346748,0.99998814,0.00015034493,-0.20226802,-0.002711432,-0.00016484533,0.99999917,2.5104947
0.9999812,0.005331897,0.0037895078,210.65225,-0.00532993,0.9999881,-0.0005256145,-0.20291711,-0.003792255,0.00050540443,0.9999955,2.5306468
0.99998665,0.004178808,0.0038060506,211.76953,-0.004177882,0.9999936,-0.0002480296,-0.20489928,-0.0038070527,0.00023212328,0.9999955,2.544623
0.99999034,0.003803952,0.0031795076,212.86685,-0.0038040201,0.9999952,1.9225205e-05,-0.2026669,-0.00317941,-3.132115e-05,0.9999978,2.565271
0.99999243,0.0038371845,0.0023948369,213.94453,-0.0038379368,0.999995,0.00031464343,-0.20354004,-0.00239361,-0.00032383285,0.99999994,2.5802948
0.9999966,0.0027603,0.0021079613,215.02783,-0.0027608168,0.99999857,0.00024786973,-0.20337333,-0.0021072673,-0.0002536893,1.0000006,2.5982864
0.9999985,0.0019440425,0.0021111718,216.0816,-0.0019433494,1.0000005,-0.00032488428,-0.19997421,-0.0021117977,0.00032077913,1.0000005,2.6191437
0.9999993,7.316703e-07,0.002570007,217.13695,6.8801455e-07,1.0000023,-0.00054812164,-0.19606167,-0.0025700054,0.0005481206,0.99999934,2.633352
0.99999255,-0.001865427,0.0040692035,218.174,0.0018724623,0.99999917,-0.001723212,-0.19349967,-0.0040659746,0.0017308136,0.99999297,2.6521473
0.9999782,-0.0035785986,0.0059884344,219.1929,0.003588866,0.9999945,-0.0017029085,-0.18417728,-0.005982293,0.0017243583,0.9999833,2.664459
0.9999646,-0.0062418766,0.0060796565,220.20377,0.0062507526,0.9999819,-0.0014404564,-0.17125927,-0.00607054,0.0014784036,0.99998325,2.6804872
0.9999492,-0.008669557,0.0056188,221.19086,0.008675131,0.99996436,-0.0009666844,-0.15388823,-0.005610205,0.001015376,0.9999865,2.694236
0.99991745,-0.011721205,0.005734259,222.16269,0.011726524,0.9999333,-0.00089310005,-0.1407669,-0.005723393,0.00096026604,0.99998593,2.7071443
0.99987686,-0.014647466,0.006068188,223.1081,0.014650804,0.999895,-0.0005044985,-0.12278413,-0.006060146,0.0005933377,0.9999842,2.7212863
0.99983555,-0.017270071,0.005976034,224.02902,0.017271552,0.9998532,-0.00019480285,-0.10317218,-0.005971777,0.00029798428,0.99998486,2.7360635
0.99977756,-0.020494848,0.0054743867,224.93372,0.02049611,0.99979234,-0.00017247509,-0.07956032,-0.0054697003,0.00028463846,0.9999877,2.7494922
0.9997157,-0.023425685,0.0049971305,225.80305,0.023427784,0.9997279,-0.00036041654,-0.05641775,-0.0049873143,0.00047738344,0.99999017,2.7654085
0.99962944,-0.026927676,0.004594212,226.6659,0.02692519,0.9996397,0.000603496,-0.027323587,-0.0046087946,-0.00047957248,0.999992,2.7748916
0.9995493,-0.029829543,0.004060166,227.49895,0.02982587,0.9995571,0.0009635808,0.00390614,-0.0040870984,-0.000842048,0.9999941,2.793549
0.99948883,-0.03183326,0.003745242,228.30782,0.03182384,0.9994927,0.002551789,0.037948273,-0.0038245618,-0.0024312923,0.99999255,2.8030677
0.9994523,-0.03291438,0.0041206377,229.10886,0.032900028,0.999455,0.003506069,0.07103282,-0.0042337785,-0.0033685733,0.99998826,2.8161488
0.9994605,-0.032548383,0.0049547167,229.89388,0.032531947,0.99946755,0.0033643374,0.10081867,-0.005061567,-0.0032013296,0.999985,2.8284874
0.9994613,-0.032398045,0.0057358425,230.66649,0.032378122,0.99947196,0.003534418,0.12623288,-0.005847305,-0.0033467915,0.9999802,2.8403406
0.999474,-0.03204978,0.00546829,231.40692,0.032031022,0.99948335,0.0034853786,0.15217018,-0.005577154,-0.0033083837,0.9999818,2.853956
0.99950296,-0.031384956,0.0037588067,232.1322,0.03137003,0.99950254,0.0039687515,0.18074389,-0.0038814836,-0.0038488572,0.9999879,2.863551
0.9995261,-0.030823387,0.0016499899,232.86865,0.03081625,0.9995188,0.004194075,0.2060163,-0.0017784637,-0.0041412325,0.99999267,2.8746312
0.9995743,-0.029263556,0.00035362155,233.59631,0.02926183,0.9995656,0.0041844547,0.2301595,-0.0004759152,-0.004172317,0.99999404,2.8876202
0.9996054,-0.028182713,-0.00017517543,234.32106,0.028183237,0.99959385,0.004797732,0.2547283,3.989475e-05,-0.004800766,0.99999136,2.8957403
0.9996519,-0.026480902,-0.0003764809,235.03821,0.026482303,0.9996424,0.004370208,0.27655363,0.00026062224,-0.004378648,0.9999933,2.9091492
0.9997065,-0.024332635,-0.00035228132,235.75583,0.024333883,0.99969804,0.0041031437,0.29664496,0.00025233775,-0.004110504,0.99999446,2.9201853
0.99974555,-0.022669418,-0.0005354547,236.47334,0.022671483,0.99973667,0.004215753,0.3164591,0.00043974767,-0.0042268117,0.9999939,2.9323003
0.99979746,-0.020242656,-0.0008085595,237.18324,0.020245826,0.9997892,0.0041143284,0.3326567,0.00072510605,-0.004129857,0.99999416,2.9462588
0.9998462,-0.01768123,-0.0004989348,237.88507,0.017683143,0.9998378,0.0041112816,0.34976926,0.000426164,-0.0041194637,0.9999944,2.9556873
0.999897,-0.014537712,9.21946e-06,238.5916,0.014537606,0.9998912,0.003386192,0.3578655,-5.844216e-05,-0.0033857024,0.9999973,2.968091
0.99993896,-0.011273116,0.00060521276,239.2883,0.011271849,0.99993694,0.0020723515,0.37015387,-0.0006285314,-0.0020653992,1.0000007,2.9819658
0.9999658,-0.008561673,0.0007294163,239.98352,0.008560421,0.9999645,0.0017136146,0.37512785,-0.00074405654,-0.0017073087,1.0000013,2.9924822
0.9999885,-0.0053119594,0.0004651767,240.67886,0.0053112423,0.99998724,0.0015491651,0.3807459,-0.0004733952,-0.0015466737,1.0000018,3.0052104
0.9999992,-0.0026144718,0.00027405348,241.3686,0.0026140856,0.9999981,0.0014363066,0.38490543,-0.0002778039,-0.0014355865,1.000002,3.0139565
1.0000025,0.0003248346,-0.0005340925,242.05882,-0.00032366184,1.0000002,0.0021751705,0.3893786,0.0005348016,-0.0021749989,1.0000006,3.0214741
0.99999577,0.003581097,-0.0010153011,242.75365,-0.0035786785,0.9999935,0.0023636261,0.3905974,0.0010237601,-0.002359978,0.9999998,3.0346887
0.99998397,0.006110482,-0.00028505924,243.45874,-0.0061098053,0.9999814,0.0022829808,0.38799584,0.0002990069,-0.0022811978,1.0000006,3.0437582
0.9999632,0.008878833,0.00022655525,244.16002,-0.008879384,0.9999599,0.002606254,0.3845941,-0.00020340171,-0.0026081647,0.9999999,3.0504262
0.999942,0.0110149635,0.00018179693,244.86322,-0.011015367,0.999939,0.00245329,0.37813386,-0.0001547591,-0.0024551456,1.0000002,3.063154
0.9999116,0.013442242,-0.001194142,245.56696,-0.013439493,0.9999099,0.00227208,0.37166452,0.0012245768,-0.0022558263,1.0,3.0743344
0.9998839,0.01503193,-0.0034115568,246.2812,-0.015022687,0.9998863,0.0027164803,0.36466968,0.0034519983,-0.0026649088,0.9999938,3.084397
0.99986166,0.015983656,-0.0051470813,246.99362,-0.015973441,0.9998732,0.0020177003,0.35655805,0.005178671,-0.0019352008,0.999988,3.0938892
0.99985296,0.016366003,-0.005610924,247.71909,-0.016355569,0.9998673,0.0018990262,0.34712556,0.00564125,-0.0018069737,0.99998575,3.1033945
0.99985135,0.016314154,-0.0060356264,248.44766,-0.016306533,0.99986905,0.0013086824,0.3379,0.0060561765,-0.0012100656,0.99998426,3.1190996
0.9998432,0.016683541,-0.0063669635,249.18408,-0.016670907,0.99986184,0.0020314495,0.3288967,0.006399965,-0.0019249843,0.999981,3.131638
0.9998352,0.016937228,-0.0069255494,249.9227,-0.016918968,0.9998562,0.0026858775,0.31815064,0.0069700326,-0.002568257,0.99997574,3.1414406
0.9998199,0.017012168,-0.008718361,250.67392,-0.016992044,0.9998557,0.0023765226,0.30817613,0.008757517,-0.0022279478,0.9999625,3.1555433
0.99978733,0.0175498,-0.011072606,251.43164,-0.017571976,0.99984664,-0.0019091072,0.291874,0.011037383,0.0021032635,0.9999403,3.176327
0.9997724,0.017860197,-0.011891096,252.1818,-0.0179072,0.9998351,-0.003858447,0.2750145,0.0118202,0.0040704957,0.9999253,3.195568
0.9997953,0.018555872,-0.008387872,252.97379,-0.018583735,0.9998249,-0.0032563224,0.2635887,0.008325963,0.0034115256,0.999963,3.2075
0.9998227,0.018806748,-0.002527624,253.74673,-0.018803079,0.999825,0.0014670449,0.25532362,0.002554768,-0.001419255,0.9999992,3.2098696
0.99981093,0.019530427,0.00146799,254.55307,-0.019530728,0.9998121,0.00019292848,0.23868789,-0.0014639411,-0.0002215628,1.0000024,3.2268343
0.9997706,0.021546341,-5.343242e-05,255.35106,-0.021546384,0.99977016,-0.0010774223,0.21958508,3.0207588e-05,0.0010783237,1.0000029,3.2449296
0.99965554,0.025536023,-0.0064890515,256.15567,-0.025532221,0.99967664,0.0006680199,0.20515557,0.0065039992,-0.0005021092,0.9999822,3.249565
0.9995,0.029944647,-0.010422566,256.9564,-0.029909903,0.99954945,0.0034737464,0.19429275,0.010521869,-0.003160265,0.99994314,3.2563808
0.99940825,0.0328923,-0.010335753,257.77435,-0.0328473,0.9994532,0.004494505,0.17066516,0.010477915,-0.004152335,0.99994,3.2708335
0.99931896,0.03607627,-0.008099713,258.605,-0.0360515,0.99934775,0.0031844198,0.1411576,0.0082092965,-0.0028902385,0.99996555,3.2864163
0.99921966,0.039259274,-0.0049318643,259.4348,-0.039262317,0.9992317,-0.00051992736,0.10832204,0.0049076537,0.0007131563,0.9999911,3.3032086
0.9991206,0.04187373,-0.0031743273,260.2734,-0.041882753,0.9991214,-0.0028297822,0.0707306,0.0030530393,0.0029602367,0.99999434,3.3196287
0.9989829,0.045071468,-0.0026783422,261.10892,-0.045079887,0.99898124,-0.0031682532,0.034840874,0.0025328111,0.0032857629,0.99999475,3.332831
0.99886113,0.04754627,-0.0046257973,261.9453,-0.047550462,0.99887145,-0.0007986645,0.0042872354,0.0045825937,0.0010177111,0.99999243,3.3452861
0.9987364,0.04985744,-0.0067324415,262.7811,-0.04985799,0.9987592,8.7967725e-05,-0.03352884,0.0067284596,0.00024780852,0.99998075,3.3618176
0.9985968,0.052532468,-0.0070861657,263.6235,-0.052529745,0.99862206,0.0005707465,-0.07387191,0.007106369,-0.00019771105,0.9999781,3.375629
0.9984702,0.055101234,-0.0051546595,264.4687,-0.055095952,0.99848324,0.0011626258,-0.116247304,0.0052108923,-0.00087684486,0.99998945,3.3905115
0.99829704,0.05829084,-0.0032761062,265.32092,-0.058284484,0.9983009,0.0020036362,-0.15994443,0.0033873266,-0.0018092743,0.99999607,3.4069903
0.99812907,0.061107095,-0.003126625,266.16202,-0.06109769,0.9981301,0.0030219592,-0.20487377,0.003305435,-0.0028252697,0.999994,3.4254303
0.9979667,0.063677914,-0.0036066365,267.0014,-0.06366691,0.99796927,0.0030892636,-0.2546452,0.0037960226,-0.0028533526,0.99999213,3.440521
0.9977879,0.066403866,-0.003912521,267.84787,-0.06639769,0.9977946,0.0016907862,-0.31002283,0.004016159,-0.0014272605,0.99999434,3.4562573
0.9976698,0.068170324,-0.0036387704,268.68765,-0.06817448,0.9976757,-0.0010285294,-0.3669167,0.003560191,0.0012742013,0.9999963,3.470633
0.9976154,0.06896751,-0.0035447122,269.54984,-0.06897767,0.99761707,-0.0028265766,-0.42580423,0.0033413174,0.0030643358,0.9999932,3.4854283
0.9975884,0.06934962,-0.0036901326,270.39597,-0.06936172,0.9975891,-0.0032546942,-0.482915,0.0034555183,0.0035027915,0.9999914,3.5013754
0.99755645,0.069810465,-0.0036415346,271.2441,-0.069823086,0.99755627,-0.0034581346,-0.541025,0.0033912156,0.0037039395,0.99999094,3.5138443
0.99756026,0.0697791,-0.0031659151,272.10422,-0.069789454,0.99755925,-0.0032840988,-0.597418,0.0029290214,0.0034970264,0.99999315,3.5275364
0.9976114,0.06906643,-0.0026294196,272.95752,-0.069074295,0.99760985,-0.0030239606,-0.6554624,0.0024142768,0.003198356,0.99999547,3.5408895
0.9976797,0.06804629,-0.0032321527,273.82147,-0.06805601,0.9976799,-0.0029962622,-0.7099349,0.0030207643,0.0032092705,0.9999938,3.5591233
0.99778366,0.06645749,-0.004095227,274.66833,-0.06646973,0.99778706,-0.0029273464,-0.76089567,0.0038916138,0.0031930602,0.9999909,3.5740232
0.9978907,0.06477736,-0.004857029,275.52823,-0.064787716,0.99789995,-0.0020047447,-0.81392264,0.0047169584,0.0023151871,0.99998975,3.5897143
0.9979797,0.06337138,-0.0051001594,276.38297,-0.06337853,0.9979917,-0.0012501241,-0.8634006,0.0050106854,0.001570836,0.9999898,3.605245
0.9980863,0.061659437,-0.005226002,277.23123,-0.061660964,0.99810004,-0.00012987969,-0.9078746,0.005208055,0.0004518706,0.9999899,3.6225376
0.99821484,0.059568297,-0.0049095987,278.08865,-0.059567247,0.9982271,0.00036099867,-0.9545848,0.0049223895,-6.790267e-05,0.9999915,3.640573
0.99839455,0.056580093,-0.0035227414,278.94653,-0.056579284,0.9984009,0.0003288206,-1.0000153,0.0035357068,-0.00012897809,0.9999973,3.6574628
0.9986163,0.052626684,-0.0011311565,279.7878,-0.05262788,0.9986165,-0.0010596695,-1.043541,0.0010738233,0.0011177317,1.0000024,3.6739078
0.9988572,0.047844876,0.0006825471,280.63226,-0.047842808,0.9988539,-0.0027701273,-1.0815375,-0.0008142988,0.0027343011,0.9999995,3.690221
0.9990808,0.042890556,0.0018355832,281.4565,-0.042885143,0.9990787,-0.0028914695,-1.112581,-0.0019579043,0.0028100866,0.99999774,3.7037168
0.99926555,0.038308874,0.0024943547,282.28754,-0.038300026,0.99926305,-0.00350066,-1.1417552,-0.0026266172,0.0034025481,0.9999944,3.7171445
0.9994355,0.03354891,0.0029403346,283.09415,-0.03353755,0.99943304,-0.003828192,-1.1654826,-0.0030670927,0.0037274119,0.99999195,3.7280583
0.9995823,0.028829545,0.0030935113,283.89197,-0.028814176,0.99957573,-0.004900394,-1.186575,-0.003233468,0.0048092008,0.9999868,3.7403872
0.999692,0.0247616,0.0028707166,284.6827,-0.024746371,0.9996831,-0.005221783,-1.2029983,-0.0029991001,0.005149125,0.99998593,3.7534904
0.9997856,0.020658847,0.0027428018,285.45288,-0.020645738,0.9997787,-0.0047210897,-1.2108757,-0.002839721,0.0046634413,0.9999888,3.7653277
0.999855,0.01699104,0.0026236614,286.2107,-0.016979644,0.99984956,-0.004301582,-1.2214922,-0.0026963493,0.004256401,0.99999106,3.7766082
0.9999128,0.0131426975,0.0027062413,286.9403,-0.01312958,0.9999053,-0.0048048063,-1.2292745,-0.002769127,0.004768846,0.99998856,3.7889373
0.9999602,0.009005152,0.0020415264,287.64926,-0.008993341,0.99994624,-0.0057160254,-1.2337372,-0.0020928856,0.0056974264,0.9999853,3.804584
0.9999946,0.004026466,0.00055788783,288.35843,-0.004023886,0.9999846,-0.004526747,-1.2267591,-0.0005761046,0.0045244684,0.99999326,3.8187203
0.9999989,-0.0024177157,-0.001415137,289.02478,0.0024127746,0.999994,-0.0034932538,-1.220863,0.0014235713,0.0034898287,0.9999966,3.8256607
0.99994326,-0.010409943,-0.0033026608,289.6646,0.010402215,0.9999461,-0.002353185,-1.2048002,0.0033269722,0.002318692,0.9999955,3.8403857
0.9997731,-0.020983227,-0.004392499,290.31177,0.020973016,0.99978024,-0.0023611642,-1.1875194,0.0044410694,0.0022684997,0.9999913,3.8565521
0.9993999,-0.034382045,-0.004843893,290.93835,0.03437002,0.9994089,-0.0025468038,-1.160219,0.0049285837,0.002378786,0.99998873,3.866853
0.9987047,-0.050749633,-0.004374174,291.54938,0.050741106,0.9987127,-0.0020417143,-1.1182066,0.00447215,0.0018171156,0.9999921,3.8816662
0.9974952,-0.070653945,-0.004119843,292.15506,0.070658095,0.99750316,0.00086689624,-1.0657425,0.0040482986,-0.0011558224,0.9999948,3.8986127
0.9956497,-0.093099415,-0.004455258,292.73563,0.093109645,0.99565655,0.0021412997,-1.0026884,0.004236545,-0.0025468064,0.9999915,3.9091818
0.99296653,-0.118317634,-0.004889313,293.31302,0.11833499,0.9929708,0.003422943,-0.92221504,0.004449942,-0.0039774366,0.9999859,3.92341
0.98928696,-0.14591138,-0.005171456,293.86652,0.14593655,0.989285,0.004871535,-0.82654864,0.0044052224,-0.005574039,0.9999785,3.9358048
0.9843437,-0.17621464,-0.0046259216,294.39355,0.17624101,0.9843313,0.0060914927,-0.7166333,0.0034800223,-0.006811386,0.9999745,3.946071
0.977757,-0.20972788,-0.0033112098,294.9364,0.20974469,0.9777409,0.0059906524,-0.59028584,0.0019810947,-0.006551897,0.9999804,3.9591248
0.9694007,-0.24548642,-0.0020278336,295.44403,0.24549441,0.96938175,0.0061256806,-0.44734994,0.00046197273,-0.0064360476,0.999983,3.9721565
0.9592044,-0.282723,-0.00035409868,295.9189,0.28271845,0.95918036,0.0070335804,-0.28679523,-0.0016489071,-0.0068467376,0.999979,3.9809778
0.9469713,-0.32132468,0.0011533392,296.41504,0.32130435,0.9469418,0.008422689,-0.10076152,-0.003798555,-0.0076054554,0.9999677,3.9894283
0.9326183,-0.36086357,0.0024585128,296.85367,0.3608302,0.9325926,0.008873148,0.09041533,-0.0054947757,-0.0073881387,0.99996144,3.9959416
0.91596067,-0.40125796,0.0036759274,297.31732,0.40121466,0.9159438,0.008935014,0.31041503,-0.006952175,-0.0067092706,0.99995714,4.0051026
