0,1,2,3,4,5,6,7,8,9,10,11
1.0,0.0,0.0,0.0,0.0,1.0,0.0,0.0,0.0,0.0,1.0,0.0
0.99999845,0.0016944158,-0.0004885533,1.197652,-0.00169412,0.9999984,0.0006052174,0.008236974,0.00048957806,-0.0006043888,0.9999997,0.017338464
0.99999475,0.0032381904,-0.00027060456,2.4003787,-0.003237899,0.99999416,0.0010715402,0.0126779955,0.0002740729,-0.0010706584,0.9999994,0.031212809
0.9999907,0.0043193866,0.00010750744,3.6024055,-0.004319452,0.9999904,0.00061361934,0.012866063,-0.0001048559,-0.000614078,0.9999998,0.047848895
0.9999864,0.005221419,0.00018699159,4.8032923,-0.0052215094,0.9999862,0.00048434272,0.011727368,-0.00018446,-0.00048531254,0.9999999,0.06685078
0.99998105,0.006169951,6.5867855e-05,6.000762,-0.00616997,0.99998087,0.00029771996,0.008029576,-6.402964e-05,-0.00029812075,1.0,0.079344496
0.9999749,0.0070785396,-0.0005289107,7.1979218,-0.0070784474,0.9999749,0.00017486393,0.0053735855,0.00053013524,-0.00017111572,0.99999994,0.1006823
0.9999688,0.007859088,-0.00081199786,8.3949795,-0.007858758,0.99996907,0.00040780028,0.0016326113,0.0008151776,-0.00040140635,0.99999964,0.1165583
0.9999676,0.008055516,0.0002228135,9.599273,-0.00805557,0.9999676,0.00024713666,-0.0027649994,-0.00022081543,-0.00024892364,1.0,0.13590169
0.99997467,0.0070564337,0.0009849134,10.803092,-0.00705614,0.99997514,-0.00029994737,-0.006848667,-0.0009870053,0.0002929899,0.9999995,0.15099403
0.99998766,0.0049121194,0.000792074,11.997107,-0.0049109017,0.9999868,-0.001530384,-0.007978413,-0.0007995807,0.0015264752,0.99999857,0.17001814
0.9999962,0.0027500736,0.0004105069,13.190974,-0.002749446,0.9999951,-0.0015186997,-0.007475037,-0.00041468118,0.0015175652,0.9999988,0.18599634
0.9999991,0.0013630565,0.0003269821,14.386848,-0.001362616,0.9999983,-0.0013399342,-0.0020950362,-0.00032880763,0.0013394875,0.99999917,0.20484622
1.0,0.00033116853,8.8004126e-05,15.580206,-0.00033118576,1.0,0.00021103933,0.0045760027,-8.793395e-05,-0.00021106843,1.0000001,0.22003166
1.0,0.00020272275,0.00018014893,16.78095,-0.00020272074,1.0000001,-3.66717e-06,0.007888442,-0.0001801494,3.6306883e-06,1.0000001,0.23748821
0.9999999,0.000113488895,0.00050008437,17.98173,-0.00011326009,1.0,-0.00045482602,0.01256544,-0.00050013565,0.00045476935,0.9999999,0.25666147
0.9999996,-0.000701401,0.0007301138,19.179817,0.00070191734,0.9999997,-0.00070522603,0.016711542,-0.00072961854,0.0007057382,0.99999964,0.27168074
0.99999964,-0.0009556788,-3.9322767e-05,20.375828,0.00095565856,0.99999964,-0.0005484836,0.022945398,3.9847237e-05,0.00054844574,1.0,0.29066575
0.99999815,-0.0017931175,-0.0008391295,21.57357,0.0017927848,0.99999857,-0.00039897862,0.02746782,0.0008398439,0.00039747346,0.9999997,0.30810797
0.99999666,-0.0025785463,-0.0004999477,22.771044,0.0025784774,0.99999696,-0.00014213071,0.0382353,0.00050031283,0.00014084115,1.0,0.32585976
0.99999577,-0.0028740417,-0.00061334664,23.972023,0.0028740403,0.9999962,-6.2897598e-06,0.04641945,0.0006133624,4.526999e-06,0.99999994,0.34252867
0.9999904,-0.004236959,-0.00120814,25.16898,0.004237106,0.99999136,0.00011757717,0.0567668,0.0012076312,-0.00012269497,0.9999994,0.36222172
0.9999892,-0.004620244,-0.0007315325,26.37186,0.004620544,0.99998957,0.00040729577,0.0685332,0.000729643,-0.0004106713,0.99999976,0.38012415
0.9999829,-0.0058027604,0.00084545475,27.56763,0.0058033303,0.99998325,-0.00067145657,0.07892731,-0.000841544,0.00067635125,0.99999946,0.39643592
0.9999773,-0.0066323644,0.0012650603,28.765911,0.00663395,0.9999775,-0.0012520162,0.08902915,-0.0012567276,0.0012603796,0.99999845,0.41599086
0.9999766,-0.006847168,0.00030790098,29.966455,0.0068476563,0.9999756,-0.0016092327,0.102677494,-0.0002968748,0.0016113027,0.9999987,0.43102595
0.99996746,-0.0080700405,-0.00048819525,31.16197,0.008068997,0.9999656,-0.002106097,0.11549115,0.0005051744,0.0021020882,0.99999774,0.44901836
0.99996454,-0.008415167,-0.0006292093,32.36497,0.008414014,0.99996334,-0.0018158035,0.13055943,0.0006444661,0.0018104439,0.9999982,0.4640917
0.99995625,-0.009366892,-0.00021707409,33.561207,0.0093663875,0.99995404,-0.0022284056,0.14494574,0.00023793706,0.0022262738,0.99999756,0.4829573
0.9999505,-0.009966578,-7.238099e-06,34.761726,0.009966533,0.9999477,-0.0024494047,0.16111371,3.16497e-05,0.0024492098,0.99999714,0.4993808
0.9999496,-0.010060848,-4.1131527e-05,35.96534,0.010060659,0.9999443,-0.003313461,0.1780963,7.4465235e-05,0.0033128783,0.9999947,0.52059275
0.9999408,-0.010893415,-0.000119455115,37.16362,0.01089302,0.9999368,-0.0029343485,0.19786568,0.00015141237,0.002932872,0.9999959,0.5352279
0.9999419,-0.010786119,0.00048343904,38.36574,0.01078795,0.99993443,-0.0039544203,0.21411681,-0.00044075458,0.0039594034,0.99999225,0.55652446
0.9999378,-0.011060338,0.0015378363,39.567314,0.011065989,0.99993235,-0.0037141182,0.23120466,-0.0014966524,0.003730902,0.99999213,0.5711152
0.999936,-0.011044985,0.0024982404,40.771294,0.011053529,0.9999335,-0.0034313202,0.24937068,-0.0024601747,0.0034587122,0.9999912,0.58682376
0.9999403,-0.010712294,0.002236996,41.972637,0.010718366,0.9999393,-0.002719011,0.26996687,-0.0022077325,0.002742823,0.999994,0.602813
0.9999398,-0.01077557,0.0021547899,43.172737,0.010779114,0.999941,-0.0016386847,0.28644237,-0.002137004,0.0016618107,0.99999654,0.6200853
0.9999443,-0.00989912,0.0037172094,44.374134,0.009895726,0.99995106,0.0009310951,0.3080393,-0.0037262428,-0.00089425955,0.99999285,0.6288393
0.9999385,-0.008856793,0.0067076,45.579487,0.008849316,0.99996066,0.0011439559,0.32562304,-0.0067174644,-0.0010845285,0.99997705,0.64448625
0.9999306,-0.0070675137,0.009452149,46.78295,0.0070518376,0.9999742,0.001690945,0.34184507,-0.00946385,-0.001624173,0.9999541,0.65115774
0.99990666,-0.0048818686,0.012779838,47.991917,0.0048590135,0.99998707,0.0018188633,0.35461888,-0.012788544,-0.0017565964,0.99991685,0.6566098
0.99989057,-0.0039951415,0.014264328,49.193737,0.0039773956,0.9999919,0.0012722434,0.3643342,-0.014269285,-0.0012153699,0.99989766,0.660046
0.9999139,-0.0024455306,0.012916206,50.396233,0.002445525,0.9999976,1.619989e-05,0.36956355,-0.012916205,1.5387079e-05,0.99991685,0.6597937
0.9999364,-0.00078560563,0.011279541,51.60367,0.00077788974,1.0000001,0.0006883746,0.3791757,-0.011280075,-0.0006795575,0.9999364,0.6662479
0.9999444,-0.00040277725,0.010572329,52.804665,0.0003923246,1.0000001,0.0009906644,0.38722652,-0.01057272,-0.0009864622,0.9999439,0.65716136
0.99994624,0.0001855492,0.010400343,54.00889,-0.00019192122,1.0000005,0.00061158906,0.38995394,-0.010400225,-0.00061355333,0.99994606,0.66957814
0.99995655,-0.00090763805,0.00931098,55.21934,0.00090602814,1.0000002,0.0001770469,0.3949128,-0.009311135,-0.0001686046,0.99995697,0.67541075
0.99995273,-0.002441477,0.009446034,56.4207,0.0024376856,0.9999976,0.0004128468,0.40261528,-0.00944701,-0.0003898021,0.99995565,0.67661864
0.9999385,-0.0032636034,0.010628292,57.625355,0.0032617757,0.99999535,0.00018930399,0.40931344,-0.010628849,-0.00015462664,0.99994385,0.68435544
0.9999287,-0.0046984823,0.011006212,58.838467,0.004694289,0.9999896,0.00040687603,0.42120767,-0.011007997,-0.00035518195,0.9999397,0.6896491
0.99992883,-0.0050761206,0.010831132,60.042046,0.005064464,0.9999873,0.0011034554,0.43329868,-0.010836583,-0.0010485237,0.9999411,0.6934041
0.9999245,-0.006075808,0.010716545,61.25321,0.006059536,0.99998116,0.0015503683,0.44699416,-0.010725751,-0.0014853142,0.9999417,0.6988216
0.99992853,-0.006412748,0.010126226,62.460484,0.0064041857,0.9999798,0.0008779341,0.4587722,-0.010131639,-0.00081302196,0.9999487,0.7017562
0.9999373,-0.006086177,0.009439563,63.660027,0.006086608,0.9999821,-1.6664912e-05,0.46867323,-0.009439283,7.4117386e-05,0.9999558,0.7140371
0.9999246,-0.0067914412,0.010268594,64.87066,0.0067942822,0.9999776,-0.00024162221,0.48021495,-0.010266712,0.00031137015,0.9999476,0.7190273
0.9999084,-0.006622747,0.011839459,66.07191,0.0066341087,0.9999783,-0.00092046004,0.491349,-0.011833094,0.000998918,0.99992985,0.72069585
0.9999175,-0.007225572,0.010660775,67.27565,0.007228693,0.99997455,-0.00025400764,0.5049126,-0.010658658,0.00033104856,0.9999435,0.7321982
0.9999306,-0.0071685193,0.009394609,68.47377,0.0071538826,0.99997383,0.0015909367,0.519984,-0.009405758,-0.0015236186,0.99995494,0.7370946
0.99993104,-0.006955019,0.009517159,69.66664,0.0069222194,0.9999707,0.0034753184,0.53899765,-0.00954104,-0.0034091976,0.99994904,0.741413
0.9999261,-0.0073623615,0.009728526,70.867226,0.007313593,0.99996126,0.0050394386,0.5546217,-0.00976524,-0.0049679135,0.9999404,0.7515187
0.99992776,-0.006754954,0.009992272,72.05891,0.0066879387,0.9999557,0.006725312,0.56944597,-0.010037248,-0.0066579957,0.9999279,0.7520111
0.99992007,-0.006305557,0.011001294,73.26033,0.0062282155,0.9999564,0.007050705,0.5834433,-0.011045262,-0.0069816196,0.99991506,0.7639918
0.9999235,-0.0043308097,0.011630749,74.44521,0.0042333854,0.99995655,0.008388272,0.599476,-0.0116665615,-0.008338387,0.99989766,0.7619093
0.99994934,-0.0010430883,0.0100675775,75.61924,0.00096580456,0.9999708,0.0076784925,0.6078146,-0.010075283,-0.007668375,0.99992037,0.76856273
0.9999858,0.001031595,0.005328358,76.8013,-0.0010580332,0.99998784,0.004961597,0.6098636,-0.0053231684,-0.0049671605,0.9999741,0.7886653
0.9999832,0.004083464,0.0042445837,77.97618,-0.004108036,0.9999755,0.005796903,0.6116042,-0.004220803,-0.0058142385,0.9999747,0.79303545
0.99995047,0.006377484,0.0077064196,79.155266,-0.006416588,0.9999674,0.005060355,0.6093281,-0.007673888,-0.0051095504,0.99995804,0.7999342
0.9999099,0.00967313,0.009359381,80.33382,-0.009714007,0.9999442,0.0043320297,0.6023991,-0.009316945,-0.0044225543,0.9999474,0.81389403
0.9998707,0.014221352,0.0075633605,81.50369,-0.014263978,0.99988335,0.0056120283,0.5951126,-0.0074826595,-0.005719184,0.99995625,0.8151591
0.99983996,0.017241381,0.00488346,82.679504,-0.017263558,0.9998416,0.0045358194,0.5815826,-0.0048044757,-0.0046193977,0.9999784,0.8299488
0.9997799,0.020953799,0.001447244,83.84227,-0.020959232,0.9997738,0.0038454202,0.56088865,-0.0013663362,-0.0038749054,0.9999922,0.8450878
0.99970984,0.024108052,0.00037533147,85.00138,-0.024109084,0.9997057,0.0030223452,0.5398002,-0.0003023547,-0.0030305164,0.999996,0.8631071
0.99961835,0.027574113,0.001992775,86.17081,-0.027579304,0.9996171,0.0026222619,0.5123862,-0.0019197005,-0.0026762197,0.99999523,0.8780195
0.9995028,0.03144037,0.0025946212,87.35099,-0.031449515,0.99949986,0.0035585454,0.48292363,-0.0024814364,-0.0036383742,0.9999909,0.8923925
0.9993881,0.034984764,0.0007598115,88.49386,-0.03498714,0.99938303,0.0033618547,0.44716805,-0.0006417255,-0.0033863802,0.9999947,0.91035205
0.9992498,0.038708773,-0.0016117584,89.64308,-0.038703248,0.9992461,0.0033368843,0.40693018,0.0017397114,-0.0032719998,0.9999938,0.9281118
0.9991408,0.041413385,-0.0019312014,90.803474,-0.04140653,0.99913734,0.0034711824,0.36384702,0.0020732898,-0.0033882349,0.9999928,0.9461294
0.99902093,0.044245116,-0.00087225303,91.9602,-0.044243164,0.9990195,0.0021586553,0.3184897,0.00096690975,-0.002117951,0.99999803,0.9659981
0.9988751,0.04742932,0.0005242785,93.10989,-0.047429983,0.9988748,0.0012985414,0.2693277,-0.00046209636,-0.0013219484,0.99999976,0.9823351
0.9987579,0.049786232,0.0022685567,94.26738,-0.04978756,0.99876076,0.0005232208,0.21992657,-0.0022396913,-0.0006355185,0.999998,0.9979141
0.99861133,0.052589428,0.0032821428,95.42432,-0.05258651,0.998617,-0.00097445934,0.1614556,-0.0033288437,0.00080050674,0.9999948,1.0103799
0.9985075,0.05460787,0.0013400975,96.57685,-0.05460512,0.9985071,-0.0020217695,0.10264809,-0.001448497,0.0019455716,0.99999774,1.0265653
0.9983878,0.056720342,-0.002357328,97.741776,-0.056728274,0.99838483,-0.0034355607,0.039237,0.0021586553,0.0035637436,0.999992,1.0436044
0.998225,0.059340168,-0.0051625795,98.9,-0.059355486,0.9982339,-0.0028612176,-0.023893949,0.004983675,0.003162561,0.9999833,1.0564761
0.9981386,0.060688917,-0.0061039147,100.08177,-0.060706634,0.998153,-0.0027557074,-0.09153836,0.005925397,0.0031211206,0.99997836,1.075883
0.99808425,0.061619237,-0.0056637777,101.2494,-0.06163507,0.99809635,-0.0026593697,-0.15583919,0.005489125,0.003003357,0.9999812,1.0956571
0.9981659,0.060416933,-0.0039784987,102.43609,-0.060427237,0.9981706,-0.002516784,-0.2232233,0.0038191627,0.0027525725,0.99998975,1.1156896
0.9982494,0.059103295,-0.0024917263,103.62378,-0.05911098,0.99824774,-0.0031229118,-0.28843927,0.0023027859,0.0032647275,0.99999285,1.1384934
0.9983374,0.057629332,-0.001613317,104.80468,-0.057633877,0.99833477,-0.0029142257,-0.35109812,0.0014426867,0.0030023567,0.9999953,1.1528064
0.99850243,0.05470918,-0.0010180301,106.0137,-0.054711755,0.9984998,-0.0026823878,-0.4107375,0.0008697532,0.002734064,0.9999967,1.1721474
0.9986381,0.052173886,-0.0010672748,107.20187,-0.052176107,0.99863684,-0.002155374,-0.46743655,0.0009533672,0.0022081202,0.999998,1.1859529
0.99884796,0.04798101,-0.0013461416,108.42117,-0.04798224,0.99884903,-0.0008889701,-0.51987636,0.0013019397,0.00095253356,0.9999995,1.2013212
0.9990289,0.04405945,-0.001095906,109.629585,-0.04406028,0.9990299,-0.00073648203,-0.5670088,0.0010623953,0.0007840496,1.0,1.219511
0.9991822,0.040448397,-0.00021386716,110.83384,-0.04044843,0.9991829,-0.00015704136,-0.61053133,0.00020734254,0.00016556092,1.0000008,1.2324479
0.9993626,0.035707667,0.00071910606,112.0623,-0.035707753,0.9993635,0.0001113662,-0.6516695,-0.0007146686,-0.00013697521,1.0000006,1.2521809
0.9994937,0.03180965,0.001258275,113.26812,-0.031809904,0.9994951,0.00018645408,-0.68676525,-0.0012517051,-0.00022638755,1.0000001,1.2668136
0.99964786,0.026516031,0.001488578,114.49628,-0.026517041,0.9996493,0.00066850963,-0.71824044,-0.0014703261,-0.0007077488,0.9999996,1.2830637
0.9997661,0.021614969,0.0013530195,115.72,-0.02161681,0.9997666,0.0013695422,-0.7389763,-0.0013230975,-0.0013984711,0.9999991,1.2964597
0.9998532,0.01714026,0.0011076989,116.9392,-0.0171423,0.9998525,0.001870908,-0.7547344,-0.0010754642,-0.0018896225,0.9999986,1.3110117
0.9999292,0.011940915,0.0006096377,118.170555,-0.011942563,0.9999259,0.0028040404,-0.76452255,-0.0005761068,-0.0028111227,0.9999969,1.3292563
0.9999611,0.008892851,0.0003565819,119.39195,-0.008894327,0.9999518,0.0044364436,-0.76649034,-0.00031710928,-0.0044394415,0.9999911,1.3437461
0.9999809,0.0062783174,0.00032999844,120.636566,-0.006280427,0.9999576,0.006904058,-0.76348466,-0.00028663583,-0.0069059962,0.9999771,1.3559031
0.9999872,0.0051850155,0.0003050961,121.878654,-0.005187224,0.99995714,0.007824395,-0.7635982,-0.00026451066,-0.007825874,0.9999703,1.377153
0.99999,0.004606116,0.00037836502,123.10759,-0.0046095666,0.9999431,0.009749697,-0.76333535,-0.00033343243,-0.009751338,0.9999534,1.3917974
0.9999953,0.0031200536,0.0010779863,124.36293,-0.0031319512,0.9999332,0.01123689,-0.76148653,-0.0010428512,-0.011240206,0.99993724,1.4049265
0.99999475,0.003024544,0.001703335,125.59672,-0.003043992,0.99992996,0.0115450565,-0.76077026,-0.0016682933,-0.011550172,0.9999329,1.424966
0.9999933,0.0016412401,0.0035047184,126.85173,-0.0016925918,0.9998917,0.014705775,-0.7491343,-0.0034801974,-0.014711596,0.9998867,1.4375988
0.9999803,0.00085391675,0.00635001,128.10881,-0.0009568892,0.999869,0.016234115,-0.7457755,-0.006335307,-0.016239857,0.999849,1.43883
0.99997836,0.0007977527,0.0066463975,129.35118,-0.0008958679,0.99989164,0.014775457,-0.7401086,-0.0066338815,-0.014781082,0.99986964,1.4562765
0.99998754,-0.00013875245,0.005144676,130.61803,6.122282e-05,0.99988765,0.015071129,-0.7346492,-0.005146183,-0.015070617,0.99987406,1.4663992
0.9999845,-0.0004128393,0.005688015,131.87286,0.00034137612,0.9999222,0.01256284,-0.73594457,-0.0056927525,-0.012560696,0.99990577,1.4701701
0.9999698,-0.0017999598,0.0076585803,133.13448,0.0017269576,0.9999543,0.009530924,-0.7295104,-0.0076753763,-0.009517405,0.99992615,1.4866246
0.9999532,-0.002208158,0.009505184,134.39963,0.0021437865,0.9999759,0.00677947,-0.73097116,-0.009519914,-0.006758773,0.99993277,1.4905423
0.9999425,-0.0019875276,0.010622004,135.66034,0.0019398624,0.9999892,0.0044979416,-0.7231237,-0.010630817,-0.0044770767,0.9999344,1.494903
0.9999576,-0.0022520632,0.009021706,136.92935,0.0022467994,0.9999985,0.00059605273,-0.7208571,-0.009023025,-0.0005757613,0.99996006,1.5051866
0.99996847,-0.0017551242,0.007857389,138.1972,0.001766672,0.9999986,-0.0014601337,-0.7190903,-0.007854806,0.0014739629,0.99996907,1.5063468
0.99996835,-0.0020388188,0.0078012533,139.47769,0.0020643617,0.9999938,-0.003264706,-0.7147744,-0.007794539,0.003280699,0.99996525,1.518228
0.9999679,-0.0016481017,0.007954973,140.7529,0.001674834,0.9999943,-0.0033522048,-0.7080124,-0.007949392,0.0033654117,0.99996376,1.5214823
0.99995464,-0.0005367814,0.009606416,142.02925,0.0005654377,0.9999967,-0.0029783577,-0.70237213,-0.009604774,0.0029836465,0.99995047,1.5312693
0.9999369,-0.00047800326,0.011311819,143.31496,0.00048703593,1.0000008,-0.00079389405,-0.69062996,-0.011311434,0.0007993474,0.99993676,1.5304788
0.9999491,0.00035730473,0.010179169,144.5843,-0.0003482833,1.0000008,-0.0008859609,-0.6860315,-0.010179481,0.0008823647,0.99994886,1.5433966
0.9999673,0.001440592,0.008078412,145.8632,-0.0014407048,1.0000002,1.0696589e-05,-0.67856926,-0.008078388,-2.2339576e-05,0.9999684,1.5446776
0.9999835,0.001292131,0.00577289,147.14359,-0.0012913716,1.0000005,-0.00013169595,-0.6764746,-0.0057730544,0.00012423393,0.9999844,1.5546464
0.9999969,0.0021815873,0.0018612768,148.4118,-0.002179364,0.9999983,-0.0011848586,-0.67452276,-0.0018638534,0.0011807922,0.9999987,1.573594
0.999997,0.0021244478,-0.0018647115,149.68335,-0.0021260257,0.9999987,-0.00085540593,-0.67371875,0.0018628924,0.00085936184,0.99999905,1.586824
0.99999446,0.0023293772,-0.0027909228,150.95795,-0.00233284,0.99999785,-0.0012453077,-0.67446935,0.0027880152,0.0012518051,0.9999965,1.6083977
0.9999938,0.0028552513,-0.0025416375,152.22208,-0.0028593107,0.999996,-0.001602664,-0.67142785,0.0025370512,0.0016099145,0.9999967,1.6311504
0.99999595,0.002435939,-0.002129077,153.4915,-0.002437947,0.99999803,-0.0009504052,-0.6709698,0.0021267578,0.00095558574,0.99999857,1.6511223
0.9999975,0.0024562338,-0.0011116095,154.76253,-0.0024567298,0.99999833,-0.0004628448,-0.6682938,0.0011104723,0.00046556903,1.0000006,1.6741492
0.9999992,0.0018346626,-0.00067288923,156.03163,-0.0018345711,0.99999976,0.000106913096,-0.66579723,0.00067308726,-0.000105683284,1.0000011,1.6936996
1.0,0.0013033948,-0.000769288,157.30049,-0.0013030523,1.0000005,0.0004195039,-0.6637236,0.0007698371,-0.00041850578,1.000001,1.7145369
1.0000005,0.0010589872,-0.000566692,158.56003,-0.0010586125,1.0000007,0.00062569184,-0.6599572,0.00056735723,-0.00062509626,1.000001,1.7329202
1.0000011,1.6688486e-05,0.00048665397,159.82645,-1.6827951e-05,1.0000014,0.00032895783,-0.65830094,-0.0004866456,-0.0003289708,1.0000012,1.7542187
1.0000008,-0.00011884158,0.0007943364,161.09024,0.00011814534,1.000001,0.000902491,-0.6520892,-0.0007944405,-0.00090240163,1.0000006,1.7695782
1.0000005,-0.0011880329,8.98282e-05,162.355,0.0011879391,0.9999999,0.0012673386,-0.6455111,-9.133085e-05,-0.0012672358,1.0000005,1.7901092
0.9999989,-0.0019136108,-0.0009819485,163.6188,0.0019155019,0.9999978,0.0019070853,-0.6374006,0.0009782984,-0.0019089666,0.999999,1.808312
0.99999803,-0.0021327713,-0.001380385,164.88364,0.0021362235,0.99999607,0.0024889675,-0.6266711,0.0013750722,-0.0024919128,0.9999972,1.8245199
0.99999386,-0.003265375,-0.0020270448,166.15662,0.003269969,0.99999356,0.0022566575,-0.618284,0.0020196629,-0.0022632736,0.9999967,1.8472112
0.99999124,-0.0033599152,-0.0029698026,167.42159,0.0033675903,0.9999925,0.002575857,-0.6080388,0.002961124,-0.0025858362,0.9999936,1.8692182
0.99998677,-0.0045678713,-0.0028714715,168.69371,0.004575871,0.9999872,0.002777954,-0.5970289,0.0028587438,-0.002791057,0.9999934,1.8894632
0.99998605,-0.0052749543,-0.0016781997,169.9593,0.0052798335,0.9999834,0.0029032675,-0.5856711,0.0016628575,-0.0029120876,0.9999957,1.9115156
0.9999862,-0.005390535,-0.0011809171,171.22375,0.005394075,0.9999825,0.0029967476,-0.57373106,0.0011647433,-0.003003076,0.9999962,1.9325743
0.9999787,-0.0066813314,-0.00082307064,172.4933,0.0066841217,0.9999734,0.0034088509,-0.5609739,0.00080027455,-0.003414279,0.99999523,1.9513844
0.99997807,-0.006803399,-0.0006105804,173.75627,0.006805556,0.99997205,0.0035664195,-0.5447905,0.0005863013,-0.0035704956,0.9999949,1.9704294
0.99996984,-0.007858196,-0.001233691,175.0292,0.007863316,0.9999619,0.0041832193,-0.52904725,0.0012007724,-0.004192792,0.99999195,1.99018
0.99996483,-0.008361799,-0.0018104392,176.2978,0.008371044,0.99995327,0.005149038,-0.5135964,0.0017672995,-0.005164009,0.9999866,2.0103571
0.99996525,-0.008357001,-0.0016291722,177.5606,0.008365421,0.999953,0.0052184877,-0.49575529,0.0015854852,-0.0052319313,0.9999865,2.029124
0.99995846,-0.008890572,-0.0026496423,178.83331,0.008903848,0.99994934,0.005033458,-0.4811475,0.0026047565,-0.005056838,0.9999853,2.049108
0.9999556,-0.008739312,-0.003929302,180.09903,0.008755265,0.9999551,0.0040557496,-0.46555334,0.0038936783,-0.0040899706,0.9999855,2.072478
0.9999526,-0.00908665,-0.0039063846,181.36266,0.009090703,0.9999599,0.00101575,-0.4514609,0.003896995,-0.0010512178,0.9999934,2.1039603
0.999955,-0.009627744,-0.0005296163,182.62556,0.009628384,0.9999547,0.0011790397,-0.4352709,0.0005182434,-0.0011840899,1.0000007,2.1200566
0.9999503,-0.009433964,0.003655747,183.8874,0.009435101,0.9999572,-0.00028823852,-0.4236631,-0.0036528613,0.00032271002,0.9999948,2.1357315
0.9999448,-0.010047169,0.0035238336,185.1476,0.010044909,0.99995106,0.0006646394,-0.40464777,-0.0035303293,-0.00062921096,0.9999951,2.1551962
0.9999594,-0.009175006,0.00022462459,186.4046,0.009174425,0.9999564,0.0025533834,-0.3836825,-0.00024803812,-0.0025512204,0.9999983,2.1678405
0.999952,-0.009835293,-0.001507231,187.64986,0.009840168,0.9999481,0.0032472927,-0.36435726,0.0014752159,-0.0032619685,0.9999952,2.188143
0.9999513,-0.009906999,-0.0015103255,188.90146,0.009911036,0.9999491,0.0026741112,-0.34706363,0.0014837573,-0.0026889509,0.99999684,2.208589
0.9999569,-0.009436399,-0.00042068874,190.15112,0.009437512,0.9999537,0.0026697335,-0.334924,0.0003954796,-0.0026735899,0.9999979,2.2291744
0.99995196,-0.009830517,0.0015890223,191.39745,0.009826367,0.9999501,0.0026129093,-0.31243476,-0.0016146227,-0.0025971706,0.99999684,2.2475767
0.9999603,-0.0087028425,0.002600944,192.64108,0.008697884,0.9999621,0.0019202428,-0.29654104,-0.0026175485,-0.0018975461,0.99999636,2.2680473
0.9999685,-0.0078599,0.0020785786,193.87758,0.007855322,0.99996847,0.002212339,-0.28516775,-0.0020958944,-0.0021959434,0.999997,2.2824225
0.9999818,-0.006244124,0.0007387935,195.11331,0.0062434375,0.9999818,0.00095767144,-0.27325305,-0.00074475474,-0.0009530452,1.0000008,2.306626
0.9999899,-0.0047675828,-0.0008287526,196.34616,0.0047687315,0.9999895,0.0013627638,-0.26009476,0.000822249,-0.0013667052,1.0000004,2.3228278
0.9999935,-0.0037759487,-0.0014159797,197.56598,0.003776413,0.99999464,0.00031016837,-0.25179896,0.0014148019,-0.0003155187,1.0000006,2.3455083
0.9999991,-0.0021147188,-0.0007642511,198.79343,0.0021152105,0.9999994,0.00061513926,-0.24092647,0.00076295197,-0.00061675976,1.0000012,2.3660061
1.0000004,-0.0012751812,0.00094749563,200.0114,0.001275107,1.0000011,0.00010130473,-0.23696344,-0.00094762055,-0.00010010204,1.0000013,2.3853412
1.0000005,-0.000117902295,0.0015392945,201.21959,0.00011696655,1.0000017,0.0006215746,-0.2292101,-0.001539364,-0.00062139926,1.0000005,2.4059422
0.9999994,0.00152656,0.0014514518,202.42314,-0.0015277293,1.0000004,0.0008189129,-0.22360374,-0.001450196,-0.0008211339,1.0000005,2.4239347
0.99999803,0.002102111,0.0016649282,203.61934,-0.0021042055,0.99999875,0.0012694667,-0.22296031,-0.0016622512,-0.001272971,0.99999964,2.441396
0.9999935,0.0035318313,0.0019452488,204.81525,-0.0035341443,0.9999948,0.0011972963,-0.22083777,-0.0019410034,-0.0012041669,0.9999992,2.4600577
0.9999922,0.003930698,0.0018701736,206.00276,-0.0039336975,0.9999928,0.001613636,-0.22245437,-0.0018638107,-0.001620983,0.9999988,2.4772265
0.99998856,0.0047533647,0.0018894287,207.17746,-0.0047561643,0.9999894,0.0014905583,-0.22367191,-0.0018823167,-0.0014995306,0.9999989,2.4932473
0.99998236,0.0058648787,0.002084538,208.33351,-0.005865724,0.9999845,0.00040903199,-0.22451724,-0.0020821,-0.00042125687,0.9999996,2.5173926
0.99998224,0.0056841103,0.002594177,209.48201,-0.005684682,0.99998564,0.00022071892,-0.22665282,-0.0025928773,-0.00023546719,0.99999845,2.5326443
0.9999788,0.005690939,0.0036949525,210.60707,-0.005689257,0.9999855,-0.0004603041,-0.22753416,-0.003697509,0.00043926653,0.99999493,2.5529485
0.9999847,0.0045515005,0.0036852206,211.72548,-0.00455111,0.9999914,-0.00010913564,-0.2305818,-0.0036856765,9.235644e-05,0.9999951,2.5673618
0.9999886,0.0041607316,0.003042574,212.82228,-0.00416117,0.99999315,0.00014402968,-0.2288949,-0.0030419456,-0.00015669398,0.9999973,2.5880506
0.9999906,0.004184848,0.0022608687,213.90147,-0.004185787,0.99999297,0.00041896274,-0.22892456,-0.0022590926,-0.00042842713,0.9999993,2.6031625
0.999995,0.0031121096,0.0020134777,214.98349,-0.0031127757,0.9999969,0.00033687605,-0.22961739,-0.0020124167,-0.00034314682,0.9999999,2.621288
0.99999726,0.002293631,0.0019839772,216.03696,-0.0022931444,0.9999991,-0.0002382941,-0.22728558,-0.0019845157,0.00023373801,0.99999994,2.6421983
0.9999987,0.0003530099,0.0024868492,217.09193,-0.00035189127,1.0000015,-0.0004429553,-0.22376418,-0.0024870024,0.0004420734,0.99999875,2.6565666
0.9999929,-0.0014831811,0.003965055,218.12756,0.0014896785,0.9999993,-0.0016316783,-0.22147258,-0.003962623,0.001637565,0.9999927,2.6754992
0.9999796,-0.0032206816,0.0058478964,219.14792,0.0032300614,0.99999523,-0.0015922444,-0.21232699,-0.005842728,0.0016110926,0.99998355,2.688095
0.99996656,-0.005904305,0.005986724,220.15982,0.005912599,0.9999834,-0.0013659023,-0.19915226,-0.0059785466,0.0014012457,0.9999831,2.7045276
0.99995244,-0.008267388,0.0055217217,221.1466,0.008272417,0.99996716,-0.0008856191,-0.18270662,-0.0055142064,0.00093124784,0.99998623,2.7177472
0.9999213,-0.011376652,0.0056314557,222.11891,0.011381283,0.9999367,-0.0007882273,-0.17028351,-0.0056221196,0.0008522515,0.99998575,2.7312326
0.99988204,-0.01427864,0.0059895054,223.06346,0.014281477,0.99989974,-0.00042853848,-0.15313491,-0.005982773,0.00051402056,0.9999839,2.7451832
0.9998417,-0.016921183,0.0058458787,223.98584,0.01692208,0.9998587,-0.00010175223,-0.132734,-0.005843318,0.00020065476,0.99998486,2.7601762
0.99978423,-0.020172836,0.005336125,224.88942,0.020173484,0.99979836,-6.505833e-05,-0.11084086,-0.0053337254,0.00017268678,0.9999877,2.7737586
0.9997234,-0.02310258,0.0048382943,225.75903,0.023104079,0.99973494,-0.0002519865,-0.086889714,-0.0048311795,0.00036369503,0.9999902,2.7899964
0.9996391,-0.026565835,0.0044649513,226.61993,0.026562892,0.9996488,0.00071935286,-0.05855325,-0.0044824835,-0.0006004954,0.9999917,2.7995484
0.9995596,-0.029484767,0.0039138272,227.45416,0.029480798,0.99956673,0.0010709977,-0.027623266,-0.003943701,-0.0009551466,0.99999374,2.8182466
0.99949914,-0.031500876,0.003628741,228.2623,0.03149141,0.9995025,0.0026401742,0.0061250497,-0.0037100953,-0.0025245778,0.99999195,2.8278584
0.9994631,-0.032581802,0.0039936975,229.0634,0.032567542,0.99946505,0.0035880557,0.038409613,-0.0041084574,-0.0034560626,0.9999876,2.8410704
0.9994717,-0.032200705,0.0048274766,229.84816,0.03218413,0.99947786,0.0034746288,0.06746608,-0.0049368306,-0.0033174236,0.9999843,2.8535843
0.9994733,-0.0320305,0.005577571,230.62201,0.032010533,0.99948287,0.003634648,0.09269866,-0.0056910943,-0.003454191,0.9999798,2.8654466
0.9994862,-0.031669807,0.005326551,231.36314,0.03165114,0.9994946,0.0035550338,0.11906872,-0.0054364344,-0.0033846141,0.99998146,2.879129
0.99951416,-0.031028125,0.0035780796,232.08704,0.031013602,0.9995128,0.0040485803,0.14628583,-0.003701948,-0.0039356416,0.9999874,2.8889997
0.9995366,-0.03047435,0.0014950016,232.8226,0.030467777,0.9995288,0.004246021,0.17216928,-0.001623688,-0.0041985004,0.99999195,2.9000719
0.999584,-0.028914744,0.0001990561,233.55112,0.028913647,0.99957496,0.0042657894,0.19566631,-0.00032231474,-0.0042582555,0.99999297,2.9134488
0.99961543,-0.027807098,-0.00032329757,234.27562,0.027808351,0.9996037,0.004843089,0.22080275,0.00018849701,-0.004850211,0.99999034,2.9217048
0.9996615,-0.026098123,-0.00051797286,234.99312,0.026100177,0.99965173,0.004430834,0.24147722,0.00040215533,-0.0044428483,0.9999922,2.934797
0.9997153,-0.023947285,-0.0004962535,235.71054,0.023949163,0.9997067,0.0041763913,0.26142448,0.00039609408,-0.0041870824,0.9999933,2.9465024
0.99975437,-0.022254668,-0.0006565118,236.4262,0.022257283,0.9997454,0.004266641,0.28022164,0.00056139106,-0.0042802,0.99999285,2.958301
0.99980456,-0.01986422,-0.00091151043,237.13641,0.019867862,0.9997962,0.004160676,0.29713437,0.0008286745,-0.0041779676,0.99999315,2.9726422
0.9998526,-0.017286588,-0.00063978764,237.83658,0.017289126,0.999844,0.0041805296,0.31296217,0.0005674198,-0.0041909697,0.99999326,2.981985
0.9999025,-0.014126894,-0.00011365367,238.54361,0.0141272135,0.99989647,0.0034393757,0.3219346,6.505435e-05,-0.003440642,0.9999963,2.9943352
0.9999426,-0.010915304,0.00047568916,239.24051,0.010914268,0.99994034,0.0021537382,0.33218315,-0.000499168,-0.002148422,0.9999998,3.0081193
0.99996865,-0.008181552,0.0005992823,239.9342,0.008180497,0.9999672,0.001765156,0.33752167,-0.00061370264,-0.0017601984,1.0000006,3.018671
0.99999017,-0.0049250205,0.000347843,240.62778,0.0049244678,0.9999888,0.0016124443,0.34299034,-0.00035577922,-0.0016107158,1.000001,3.0315585
0.9999999,-0.0022277944,0.00012636899,241.31805,0.0022276146,0.99999857,0.001521174,0.34668988,-0.00012975701,-0.0015208927,1.0000012,3.040703
1.0000019,0.0006806813,-0.0006600233,242.01013,-0.0006791684,0.9999994,0.0022661975,0.3510752,0.00066156447,-0.0022657523,0.9999996,3.0486107
0.9999938,0.0039665704,-0.0011597299,242.70523,-0.003963711,0.9999914,0.002443528,0.35138485,0.0011694103,-0.0024389145,0.9999987,3.0613334
0.99998087,0.006537614,-0.00041984522,243.40889,-0.0065365853,0.9999781,0.0023693203,0.3488019,0.00043532532,-0.0023665293,0.99999946,3.0707512
0.99995923,0.009288667,0.000106036394,244.11087,-0.009288903,0.99995553,0.0026882237,0.34521356,-8.106092e-05,-0.002689097,0.99999875,3.0775452
0.9999375,0.011392254,6.21081e-05,244.81372,-0.011392359,0.9999342,0.0025296563,0.33930755,-3.328488e-05,-0.002530204,0.99999917,3.090266
0.9999053,0.013872641,-0.0012882798,245.51933,-0.013869572,0.9999033,0.0023485867,0.33141306,0.001320734,-0.002330495,0.9999988,3.1010253
0.99987584,0.015508298,-0.0035352292,246.2317,-0.015498352,0.9998782,0.0028183407,0.325155,0.003578499,-0.0027631982,0.9999922,3.1117554
0.9998535,0.016419379,-0.005306876,246.9458,-0.016408361,0.9998655,0.002109475,0.31618842,0.0053407867,-0.002022088,0.9999861,3.1213276
0.99984485,0.016787302,-0.0057553244,247.6707,-0.016776195,0.9998597,0.0019695242,0.30662486,0.005787567,-0.0018726657,0.9999839,3.1308038
0.9998432,0.016735896,-0.006180687,248.39818,-0.016727613,0.9998615,0.0013866554,0.29716766,0.0062030237,-0.0012830505,0.9999824,3.146606
0.99983513,0.017100494,-0.006481018,249.13477,-0.017087098,0.99985415,0.0021142354,0.28772822,0.006516212,-0.0020031442,0.9999792,3.1591966
0.9998277,0.017309517,-0.0070517496,249.8736,-0.01729038,0.99984914,0.0027634788,0.27763054,0.0070985034,-0.0026410727,0.9999738,3.1692104
0.9998111,0.017433727,-0.008866455,250.62505,-0.017412825,0.9998479,0.0024276592,0.26806915,0.008907408,-0.002272809,0.99996024,3.1834729
0.9997784,0.017963752,-0.011194094,251.38252,-0.017985275,0.999839,-0.0018263776,0.25040597,0.011159457,0.0020272941,0.9999382,3.2041857
0.9997636,0.018251637,-0.012015901,252.13435,-0.018298466,0.99982774,-0.0038000965,0.23298392,0.011944445,0.0040190583,0.9999231,3.2235873
0.9997859,0.01898375,-0.008517344,252.925,-0.019012064,0.99981636,-0.003257512,0.2224665,0.00845392,0.0034187357,0.99996096,3.2353032
0.99981284,0.019303063,-0.002522465,253.69621,-0.019298928,0.9998148,0.0016472745,0.21496558,0.0025537882,-0.0015982855,0.99999803,3.2395425
0.99980074,0.02002951,0.0014133534,254.49808,-0.020029826,0.9998018,0.00022107759,0.19818908,-0.0014086436,-0.00024934602,1.0000015,3.2551045
0.99975663,0.022167102,-0.00017701613,255.2893,-0.022167297,0.9997559,-0.0012885116,0.17760636,0.00014840844,0.0012921153,1.0000017,3.270039
0.9996389,0.026134584,-0.0066124117,256.09525,-0.026130764,0.9996608,0.0006619317,0.16310804,0.006627451,-0.0004889077,0.9999804,3.2772624
0.99948174,0.030486573,-0.01056248,256.901,-0.030451603,0.9995327,0.0034552636,0.1510207,0.010662858,-0.0031318245,0.99994075,3.2840652
0.9993892,0.033419855,-0.010445957,257.72025,-0.03337458,0.9994353,0.0044782762,0.12683882,0.0105896965,-0.0041269055,0.9999379,3.2987182
0.9992994,0.036586784,-0.008171118,258.549,-0.036561295,0.99932855,0.003246699,0.097225174,0.008284397,-0.0029456746,0.9999638,3.3148248
0.99920213,0.039678812,-0.0050398065,259.37967,-0.039681215,0.9992147,-0.00037868158,0.063144796,0.0050208103,0.0005783604,0.9999896,3.3318665
0.9990994,0.042361338,-0.0032703422,260.21887,-0.04237037,0.99910057,-0.002745853,0.025405068,0.0031510743,0.0028819358,0.9999933,3.3487196
0.99896,0.045564342,-0.0027519865,261.0535,-0.04557298,0.9989584,-0.0031648783,-0.010467693,0.0026049074,0.0032869922,0.9999937,3.3617983
0.9988355,0.048067376,-0.004687231,261.8892,-0.048071332,0.99884605,-0.00073646335,-0.041199747,0.004646411,0.00096092164,0.99999124,3.3741817
0.9987094,0.050380748,-0.006794209,262.7251,-0.050380554,0.99873245,0.00019828253,-0.08002336,0.0067955707,0.00014426577,0.9999793,3.3912463
0.99856895,0.05304,-0.0071877106,263.5676,-0.053036604,0.9985947,0.0006620756,-0.12053573,0.0072127096,-0.000279919,0.9999764,3.405056
0.9984384,0.055666447,-0.0051833396,264.4157,-0.055660624,0.9984513,0.0012615144,-0.16315213,0.0052455245,-0.00097103755,0.99998826,3.420344
0.9982621,0.058878675,-0.0033013683,265.26605,-0.058872007,0.9982657,0.0020836233,-0.20646985,0.0034183161,-0.001885643,0.9999949,3.4369051
0.99809635,0.06162926,-0.003211738,266.10623,-0.06161935,0.99809724,0.0031009046,-0.2528022,0.0033967257,-0.002897093,0.99999255,3.4551485
0.99793136,0.06421968,-0.0036911953,266.94565,-0.0642083,0.997934,0.0031245723,-0.3032098,0.0038842198,-0.0028811,0.9999908,3.4699783
0.99775165,0.06693531,-0.0040343925,267.79062,-0.066928744,0.9977586,0.001738616,-0.3582962,0.0041417154,-0.0014646896,0.9999929,3.4858584
0.997636,0.06865334,-0.0037441684,268.63248,-0.06865748,0.9976422,-0.000992346,-0.41674227,0.0036672044,0.0012470596,0.99999505,3.5002162
0.9975756,0.06953321,-0.0036208867,269.49594,-0.06954343,0.9975775,-0.00278256,-0.47520202,0.0034186265,0.0030276128,0.9999922,3.5152726
0.997556,0.06980418,-0.0038006185,270.34134,-0.06981641,0.9975572,-0.003192877,-0.5336703,0.0035684493,0.0034504079,0.99999034,3.5308814
0.99752027,0.0703172,-0.0037153598,271.18823,-0.07032984,0.9975205,-0.0033918358,-0.5917577,0.0034676343,0.003644714,0.99999005,3.5438292
0.9975243,0.0702822,-0.0032755078,272.04984,-0.070292674,0.9975238,-0.0032075043,-0.6485396,0.0030419582,0.0034297963,0.99999225,3.5579855
0.99757606,0.06956854,-0.0027297302,272.90442,-0.069576494,0.9975748,-0.0029451512,-0.7067485,0.0025182134,0.0031279265,0.9999947,3.571491
0.9976412,0.06860218,-0.003325915,273.76633,-0.06861197,0.9976416,-0.0029299308,-0.761461,0.0031170633,0.0031512063,0.99999297,3.5893526
0.99774516,0.06702637,-0.004173815,274.61087,-0.06703859,0.9977488,-0.0028639913,-0.81347895,0.0039724456,0.003137329,0.99999,3.604168
0.99785405,0.06533162,-0.0049381964,275.4702,-0.065341964,0.99786353,-0.00196582,-0.8665536,0.004799204,0.002284264,0.9999886,3.619849
0.99794704,0.06387521,-0.0051891604,276.32794,-0.06388223,0.99795926,-0.0012011771,-0.91637325,0.005101832,0.0015301993,0.99998856,3.6356325
0.99805206,0.06220071,-0.005324785,277.17572,-0.06220206,0.9980661,-9.058078e-05,-0.96145505,0.0053088395,0.0004216124,0.99998856,3.6528904
0.9981813,0.06012138,-0.004976493,278.03256,-0.060120314,0.9981936,0.00036032492,-1.0086175,0.0049891532,-6.048463e-05,0.9999902,3.670735
0.9983593,0.05719185,-0.003592183,278.88705,-0.05719086,0.99836576,0.000372266,-1.0547047,0.0036075932,-0.00016621826,0.9999962,3.6880612
0.9985904,0.053110868,-0.0012166424,279.73074,-0.053112105,0.9985906,-0.0010250362,-1.0993104,0.0011604831,0.0010882039,1.0000015,3.704846
0.99883217,0.048362646,0.00058135216,280.576,-0.048360884,0.99882877,-0.0027088947,-1.1374904,-0.00071168045,0.002677607,0.999999,3.7212539
0.99905634,0.043453265,0.0017871144,281.40036,-0.04344805,0.9990541,-0.0028508028,-1.1693685,-0.0019092979,0.002770456,0.9999972,3.73454
0.9992463,0.03880458,0.002440284,282.2314,-0.038796023,0.99924356,-0.0034559378,-1.1987754,-0.0025725404,0.0033586489,0.99999386,3.7481468
0.9994176,0.034077015,0.0028363517,283.0365,-0.03406626,0.99941486,-0.0037532982,-1.223035,-0.0029625888,0.003654477,0.9999917,3.7596009
0.9995669,0.02935604,0.003009043,283.83487,-0.029341266,0.99956006,-0.0048373663,-1.2446109,-0.0031497204,0.004746969,0.9999866,3.7717648
0.99967855,0.025293667,0.002800449,284.62686,-0.025278956,0.9996694,-0.005165356,-1.2619991,-0.0029301697,0.0050928895,0.9999856,3.7848887
0.99977386,0.021215525,0.0026391908,285.39447,-0.021203088,0.9997667,-0.004649779,-1.2703549,-0.0027372185,0.0045927553,0.9999886,3.796845
0.9998461,0.017499527,0.0025274674,286.15295,-0.01748874,0.9998405,-0.004223029,-1.2813727,-0.0026009616,0.0041781645,0.9999909,3.8085256
0.99990565,0.013664932,0.0026119617,286.88452,-0.013652578,0.9998982,-0.004685059,-1.2890524,-0.002675713,0.004648944,0.9999886,3.8209493
0.99995524,0.009519021,0.0019639465,287.59244,-0.009507831,0.9999414,-0.0056236982,-1.2933953,-0.0020173609,0.005604758,0.99998534,3.8360863
0.99999136,0.0046834047,0.00050125533,288.29434,-0.0046810643,0.9999811,-0.004546473,-1.2879337,-0.00052253884,0.0045440737,0.9999926,3.8495536
0.99999964,-0.0018108548,-0.0015181924,288.9637,0.0018061539,0.99999595,-0.0031009123,-1.2818923,0.0015237977,0.0030981586,0.9999971,3.8603652
0.99994874,-0.009793504,-0.0033761628,289.60638,0.009786148,0.9999521,-0.0021922907,-1.2687024,0.003397464,0.0021591298,0.99999493,3.8731313
0.99978596,-0.020320732,-0.004458373,290.25055,0.020311035,0.9997936,-0.0022120303,-1.2511773,0.004502394,0.0021209938,0.99999064,3.8890393
0.9994231,-0.03367393,-0.0049233213,290.87494,0.033663422,0.9994331,-0.0022032787,-1.2244599,0.0049947137,0.002036263,0.9999885,3.901303
0.9987364,-0.050106224,-0.004435736,291.48846,0.050100185,0.99874544,-0.0014637884,-1.1832767,0.0045035067,0.0012397002,0.9999922,3.9179556
0.9975445,-0.06994623,-0.004136622,292.09293,0.069951236,0.99755216,0.001077919,-1.1305445,0.004051091,-0.001364637,0.9999939,3.9320648
0.9957207,-0.092330426,-0.004474933,292.67245,0.09234196,0.9957267,0.0024397415,-1.0671403,0.004230539,-0.0028425255,0.9999901,3.943743
0.99305236,-0.11758697,-0.0049835634,293.25095,0.11760646,0.9930553,0.003812511,-0.98686534,0.004500643,-0.0043721204,0.99998343,3.9577963
0.9893923,-0.14518914,-0.005247185,293.8059,0.14521612,0.9893887,0.0051861964,-0.89138734,0.004438516,-0.005893155,0.9999759,3.969793
0.98446715,-0.17551963,-0.00466948,294.33374,0.17554724,0.98445284,0.0063609276,-0.7813988,0.0034804065,-0.0070818337,0.999972,3.979941
0.9779087,-0.20901604,-0.003382995,294.8755,0.20903383,0.97789085,0.0062480383,-0.65480095,0.002002253,-0.0068171667,0.9999779,3.99302
0.9695765,-0.24478875,-0.0020876538,295.38403,0.24479721,0.96955585,0.0063515315,-0.5121591,0.00046930872,-0.006669343,0.99998075,4.005968
0.9593945,-0.28207508,-0.0004217983,295.85947,0.28207058,0.9593684,0.007283171,-0.35240653,-0.0016497432,-0.007106406,0.9999766,4.014849
0.9471787,-0.32071105,0.0010837917,296.35535,0.32069027,0.9471468,0.008682803,-0.16672808,-0.0038111801,-0.007876599,0.99996495,4.0233107
0.9328405,-0.36028767,0.0023770018,296.79263,0.36025348,0.93281233,0.00912807,0.023971677,-0.005506025,-0.007658705,0.99995875,4.029604
0.9162198,-0.40066522,0.0036161537,297.25793,0.4006206,0.9162006,0.009180594,0.2430278,-0.0069914637,-0.0069627305,0.9999545,4.0387893
