'06':
  ARE: 0.0007369590343391249
  ATE: 0.011131292998323522
  STD_ARE: 0.0004552397064658146
  STD_ATE: 0.007395639924980845
  nsecs_per_frame: 0.7687834647435908
  rot_err: 1.9061795802213775e-05
  tr_err: 0.003124644837728779
AVG:
  ARE: 0.0007369590343391249
  ATE: 0.011131292998323522
  STD_ARE: 0.0004552397064658146
  STD_ATE: 0.007395639924980845
  nsecs_per_frame: 0.7687834647435908
  rot_err: 1.9061795802213775e-05
  tr_err: 0.003124644837728779
