'06':
  ARE: 0.0007615943725141197
  ATE: 0.011680896704396848
  STD_ARE: 0.0004586424315087828
  STD_ATE: 0.007699967035567358
  nsecs_per_frame: 0.39991917510556696
  rot_err: 1.909971092572372e-05
  tr_err: 0.0033519316504918976
AVG:
  ARE: 0.0007615943725141197
  ATE: 0.011680896704396848
  STD_ARE: 0.0004586424315087828
  STD_ATE: 0.007699967035567358
  nsecs_per_frame: 0.39991917510556696
  rot_err: 1.909971092572372e-05
  tr_err: 0.0033519316504918976
