0,1,2,3,4,5,6,7,8,9,10,11
1.0,0.0,0.0,0.0,0.0,1.0,0.0,0.0,0.0,0.0,1.0,0.0
0.9995784,0.02897178,-0.0019091261,0.6057623,-0.02897218,0.9995802,-0.00018234922,-0.080497794,0.0019030415,0.0002375839,0.9999982,0.0031878264
0.99727225,0.073520154,-0.006540408,1.6559747,-0.07354604,0.99728453,-0.003809486,-0.14075457,0.006242574,0.004280116,0.99997145,0.020779336
0.9927557,0.11974421,-0.009872961,2.621624,-0.119787455,0.99279183,-0.0039082486,-0.23851937,0.009333806,0.005062593,0.99994373,0.047466263
0.9858598,0.16709249,-0.012677243,3.6619015,-0.16713387,0.9859315,-0.0022698941,-0.3998345,0.012119614,0.004356594,0.9999172,0.057206664
0.97705114,0.21262299,-0.012753853,4.613652,-0.21268873,0.97711164,-0.0040273196,-0.584828,0.011605638,0.0066474983,0.99991065,0.086406454
0.96600395,0.25813514,-0.014235566,5.5785046,-0.2582257,0.9660721,-0.004909398,-0.8188,0.012485296,0.008418487,0.99988675,0.10909727
0.9527194,0.30330765,-0.0181716,6.5666933,-0.30348527,0.9528032,-0.007911727,-1.1238483,0.014914272,0.013052469,0.9998037,0.13176326
0.938382,0.34501058,-0.020170426,7.468191,-0.3452406,0.9384689,-0.009213861,-1.4352329,0.01575044,0.015609773,0.9997542,0.17580755
0.9215236,0.38772234,-0.021575747,8.379588,-0.3879846,0.9216164,-0.009532434,-1.8066527,0.016188627,0.017155424,0.9997218,0.18614815
0.9021896,0.43079787,-0.021607243,9.314041,-0.43107396,0.9022595,-0.010129869,-2.2208028,0.015131416,0.018453386,0.99971527,0.21799365
0.880947,0.47275704,-0.020807803,10.164903,-0.47302002,0.88099396,-0.01006283,-2.6709104,0.013574276,0.01870733,0.99973285,0.25050005
0.8571502,0.5146341,-0.021096032,11.054943,-0.5149069,0.85718477,-0.010234966,-3.177854,0.012815936,0.019635396,0.9997251,0.27140847
0.83218145,0.5540887,-0.021432912,11.846352,-0.5543737,0.8322005,-0.010564846,-3.6919174,0.011982619,0.020673713,0.9997145,0.29489008
0.80539006,0.59230185,-0.02291354,12.642116,-0.59263575,0.80538166,-0.011948761,-4.2551622,0.011376871,0.0232028,0.9996661,0.32887274
0.7763986,0.62976855,-0.024422303,13.416027,-0.6301369,0.7763936,-0.011836845,-4.868974,0.011506844,0.024579508,0.9996317,0.33927357
0.7464551,0.6648873,-0.027004726,14.130201,-0.6653539,0.7463843,-0.014635963,-5.498785,0.010424636,0.028892795,0.99952817,0.37132698
0.7146816,0.698924,-0.027112523,14.831337,-0.69938606,0.7146025,-0.014217616,-6.160274,0.009437641,0.029123195,0.9995313,0.39291546
0.68017834,0.7324693,-0.029081058,15.525361,-0.73297846,0.6801201,-0.0133728115,-6.87638,0.009983436,0.03041169,0.9994877,0.40345842
0.6455762,0.7630009,-0.03256911,16.139286,-0.76363003,0.6454926,-0.014427807,-7.5752554,0.010014688,0.034185007,0.9993654,0.43387833
0.6086367,0.79273325,-0.033690598,16.75199,-0.79338676,0.60857105,-0.013351347,-8.339264,0.009919062,0.0348558,0.99934316,0.4515342
0.5714811,0.8197849,-0.03690181,17.28909,-0.8205416,0.57145303,-0.012345032,-9.098327,0.01096738,0.03733443,0.99924266,0.4770299
0.5330174,0.845079,-0.041635133,17.796541,-0.8460058,0.5330594,-0.011015394,-9.886573,0.012885122,0.041094974,0.99907213,0.49858636
0.49374822,0.8684958,-0.04390143,18.308346,-0.86950976,0.49381045,-0.010176192,-10.735277,0.012841002,0.04319721,0.998984,0.5105723
0.4556785,0.8888825,-0.047378033,18.732378,-0.8900774,0.45565027,-0.0120250415,-11.575911,0.010898963,0.047649685,0.99880457,0.5276972
0.41887498,0.9066121,-0.050969496,19.152752,-0.907995,0.41877288,-0.013184396,-12.445663,0.009391507,0.05180268,0.99861306,0.5540512
0.3826887,0.9223964,-0.05228644,19.531126,-0.92382765,0.38263977,-0.011342197,-13.353037,0.009544865,0.052644208,0.99856764,0.5699768
0.34976763,0.93536836,-0.052424572,19.871439,-0.93680775,0.34964398,-0.0118135745,-14.256303,0.00727989,0.053243775,0.99855494,0.5815232
0.3164029,0.9471091,-0.0536036,20.186586,-0.9486146,0.31615257,-0.013313561,-15.205637,0.0043375194,0.05506163,0.99847347,0.58821917
0.28347415,0.9574445,-0.054243084,20.480574,-0.95897657,0.2831588,-0.013576995,-16.141384,0.0023601856,0.0558666,0.9984354,0.605997
0.25147846,0.9664672,-0.051958475,20.74898,-0.96786,0.2512379,-0.011220844,-17.114893,0.002209356,0.05311035,0.9985861,0.617815
0.21975945,0.97416335,-0.05207239,20.993277,-0.9755511,0.21956716,-0.009458938,-18.091486,0.0022188332,0.052877996,0.9985984,0.6177623
0.18920864,0.9804915,-0.053258218,21.183968,-0.98193616,0.18897232,-0.009487575,-19.082203,0.0007618384,0.054091327,0.9985356,0.62542164
0.15865634,0.98583186,-0.054439116,21.352623,-0.9873325,0.15834342,-0.01004514,-20.10083,-0.0012827497,0.055343263,0.99846643,0.6315302
0.1281157,0.9903075,-0.05363954,21.507578,-0.9917525,0.12773547,-0.010475933,-21.154041,-0.003522731,0.0545393,0.9985053,0.6356913
0.09875622,0.99365073,-0.05390018,21.617819,-0.9950966,0.09831695,-0.010751878,-22.19896,-0.005384319,0.054697726,0.9984883,0.6333952
0.07096942,0.99590373,-0.056026723,21.697502,-0.9974549,0.0704732,-0.010790097,-23.264124,-0.0067975246,0.056649916,0.9983709,0.62855196
0.045826055,0.9971213,-0.06040643,21.751905,-0.99891865,0.045270108,-0.010544883,-24.345356,-0.0077799316,0.060824372,0.99811804,0.62856597
0.022944935,0.99762064,-0.06501105,21.78438,-0.99969804,0.022327084,-0.010218479,-25.433346,-0.008742668,0.065225914,0.99783206,0.6210953
0.002021579,0.99750745,-0.07053081,21.795753,-0.9999413,0.0012685284,-0.010723845,-26.561941,-0.010607656,0.070548385,0.99745184,0.6222838
-0.015208987,0.9970536,-0.075182974,21.771025,-0.9998065,-0.016100006,-0.011263099,-27.670258,-0.012440372,0.07499717,0.9971061,0.6125877
-0.030691594,0.9964747,-0.0780773,21.737219,-0.9994317,-0.031681493,-0.011474755,-28.802305,-0.013907921,0.077680804,0.9968812,0.6025561
-0.04568176,0.9957069,-0.080504104,21.69227,-0.99883014,-0.046804614,-0.012118897,-29.951628,-0.015834846,0.07985637,0.99668056,0.5937821
-0.05871282,0.9949795,-0.08104652,21.633398,-0.9981193,-0.05994144,-0.012812056,-31.093729,-0.017605793,0.080141924,0.9966279,0.580675
-0.071043245,0.99416614,-0.08115683,21.55663,-0.9973014,-0.07230362,-0.012698209,-32.248295,-0.018492077,0.08003575,0.9966204,0.5690769
-0.08291856,0.99324536,-0.08116714,21.475306,-0.9964127,-0.08401169,-0.010144163,-33.430614,-0.016894642,0.08003489,0.99664885,0.55366105
-0.09316404,0.99232316,-0.08133356,21.367765,-0.99554664,-0.09402151,-0.006772415,-34.588974,-0.014367538,0.080340475,0.99666387,0.53938055
-0.103195705,0.99128157,-0.08192275,21.253458,-0.99457693,-0.10390475,-0.0044318154,-35.803875,-0.012905349,0.08102119,0.99662876,0.5242354
-0.11087183,0.99046934,-0.081717424,21.124643,-0.9937591,-0.11149925,-0.0031446263,-37.027023,-0.012226096,0.08085883,0.9966505,0.5091227
-0.11662575,0.9898145,-0.08164255,20.979063,-0.993106,-0.11719529,-0.0022065442,-38.2773,-0.011752201,0.08082241,0.9966592,0.49056378
-0.12240751,0.9890819,-0.082055956,20.841616,-0.992417,-0.122908615,-0.0010684945,-39.55766,-0.011142221,0.08130297,0.9966271,0.47901452
-0.12647434,0.98863155,-0.08131234,20.679363,-0.99192476,-0.12682149,0.00089800626,-40.84191,-0.009424363,0.08076934,0.9966882,0.4646091
-0.13084535,0.98806375,-0.08129722,20.517227,-0.99135953,-0.13116068,0.0014686706,-42.167328,-0.009211866,0.08078698,0.9966887,0.4534019
-0.1343891,0.9875734,-0.08147407,20.340832,-0.9908768,-0.13476379,0.0009038785,-43.510704,-0.010087116,0.08085228,0.99667495,0.44191575
-0.13618068,0.98726994,-0.08217306,20.16145,-0.9906086,-0.13672096,-0.00096147845,-44.86236,-0.012184027,0.081270434,0.99661744,0.42701733
-0.13859656,0.9868746,-0.08288067,19.976305,-0.9902629,-0.1391983,-0.0015021986,-46.24385,-0.013019338,0.081865475,0.99655825,0.41047797
-0.14153977,0.98635,-0.08414174,19.788689,-0.98983794,-0.1421868,-0.001721052,-47.644226,-0.013661415,0.083043106,0.9964522,0.39648354
-0.14188656,0.9862321,-0.08493573,19.585592,-0.9897964,-0.14248264,-0.0009706445,-49.055805,-0.01305916,0.08393138,0.9963859,0.36865047
-0.14307871,0.98598146,-0.08584072,19.379944,-0.9896281,-0.14364949,-0.00048131985,-50.513817,-0.012805558,0.08488154,0.9963087,0.3582044
-0.14251687,0.9860488,-0.086001135,19.181087,-0.9897225,-0.14299668,0.00058287237,-51.98105,-0.011723146,0.085200354,0.99629474,0.33403638
-0.14185527,0.9862077,-0.08526988,18.970606,-0.9898302,-0.14224207,0.0015489691,-53.470963,-0.010601367,0.08462246,0.9963566,0.324131
-0.14165498,0.9862286,-0.08536154,18.763231,-0.9898585,-0.1420455,0.0015080674,-54.978374,-0.01063793,0.084709495,0.9963488,0.30944481
-0.13955654,0.98651,-0.08556656,18.558743,-0.9901554,-0.13996302,0.0012556498,-56.506603,-0.010737449,0.084899455,0.9963316,0.2931846
-0.13861598,0.986606,-0.085986845,18.346027,-0.99029046,-0.13900185,0.0015083917,-58.071583,-0.0104641495,0.08536107,0.99629503,0.28222132
-0.13751413,0.9867716,-0.08585586,18.133013,-0.99045336,-0.13782461,0.0023249357,-59.64337,-0.009538877,0.085355975,0.99630475,0.26370132
-0.13669331,0.9868342,-0.0864445,17.925686,-0.990572,-0.13695908,0.0028727849,-61.25217,-0.009004404,0.086022235,0.9962524,0.2527238
-0.1359163,0.98695964,-0.08623839,17.70924,-0.99068034,-0.13617185,0.0029354831,-62.86949,-0.0088460455,0.08583371,0.9962701,0.23745126
-0.13505208,0.98695326,-0.08765798,17.494274,-0.99078256,-0.13545059,0.0014090098,-64.51195,-0.010482707,0.08704034,0.9961496,0.22514078
-0.1338279,0.9868961,-0.09014388,17.278269,-0.9909322,-0.13435882,0.00017553278,-66.16625,-0.011938403,0.08935002,0.9959287,0.20929885
-0.1334951,0.9867653,-0.09204841,17.059189,-0.990984,-0.13397221,0.0009998704,-67.8113,-0.011345302,0.091352046,0.99575394,0.19689827
-0.13281299,0.9868004,-0.0926573,16.83815,-0.9910867,-0.13319871,0.0020321829,-69.504974,-0.010336483,0.09210138,0.9956959,0.1915735
-0.13207407,0.9868826,-0.0928374,16.622616,-0.99119055,-0.13241664,0.0024829104,-71.20326,-0.009842884,0.09234753,0.9956781,0.17560038
-0.13187404,0.98686,-0.093361005,16.399534,-0.9912111,-0.1322717,0.0019384243,-72.89476,-0.010436075,0.09279615,0.9956303,0.16910014
-0.13125183,0.9869349,-0.09344551,16.182207,-0.9912908,-0.13167739,0.0016195159,-74.6374,-0.010706312,0.09284429,0.995623,0.15085651
-0.13145886,0.98677176,-0.09486616,15.95115,-0.99125844,-0.13192324,0.0013828808,-76.361305,-0.011150472,0.094218716,0.995489,0.14289683
-0.13116953,0.9867259,-0.09573927,15.728281,-0.9912981,-0.13162287,0.0015878822,-78.13895,-0.0110346805,0.09511448,0.9954051,0.12538047
-0.13123764,0.9867052,-0.095860064,15.496238,-0.9912964,-0.13162506,0.0022940184,-79.91036,-0.010354073,0.09532684,0.99539214,0.11451251
-0.13190423,0.9866748,-0.09525558,15.263387,-0.9912182,-0.13219099,0.0033171442,-81.671135,-0.009318994,0.09485666,0.9954473,0.10070746
-0.13286658,0.9866155,-0.0945294,15.0382805,-0.99109674,-0.1330765,0.004103542,-83.49808,-0.00853103,0.09423304,0.9955136,0.09127684
-0.13445817,0.9864895,-0.093588255,14.799504,-0.990885,-0.13463137,0.0044851894,-85.31017,-0.008175327,0.09333831,0.9956009,0.08575103
-0.13596517,0.9863295,-0.093095995,14.551366,-0.9906756,-0.13617495,0.0041206935,-87.12981,-0.008612985,0.09278825,0.9956486,0.07382563
-0.13626377,0.98631525,-0.09280996,14.310804,-0.99062926,-0.13652873,0.0035138847,-89.00015,-0.009205433,0.09241913,0.99567765,0.0696922
-0.13685763,0.98640645,-0.090947635,14.062409,-0.9905453,-0.13714737,0.0030811385,-90.86041,-0.009433979,0.090509474,0.9958509,0.054078862
-0.1387894,0.9861785,-0.09049102,13.803658,-0.99028087,-0.13902976,0.003667905,-92.71229,-0.00896374,0.090120636,0.99589056,0.043556675
-0.14075468,0.9860248,-0.0891209,13.54519,-0.99001205,-0.14090131,0.0046707923,-94.61854,-0.007951738,0.08888825,0.9960099,0.029715922
-0.14544986,0.9853093,-0.089494646,13.274443,-0.9893342,-0.14556459,0.0052740104,-96.50689,-0.007830722,0.08930726,0.9959734,0.021753008
-0.149955,0.9848021,-0.0876222,13.002242,-0.98865736,-0.15010525,0.0049044243,-98.43508,-0.00832267,0.087363824,0.99614173,0.013247684
-0.15449488,0.98421955,-0.08626998,12.713889,-0.9879518,-0.15469608,0.004383718,-100.35843,-0.009031093,0.0859079,0.9962622,0.0015259078
-0.15987335,0.98344105,-0.085343264,12.417944,-0.98709816,-0.16003494,0.0049840435,-102.276245,-0.008756397,0.08503905,0.99633914,-0.0030087738
-0.16387376,0.98280495,-0.085083045,12.104573,-0.9864513,-0.16392452,0.0064321365,-104.22667,-0.007625665,0.0849844,0.9963531,-0.0071386173
-0.16888513,0.9820003,-0.084573284,11.786007,-0.98561543,-0.16880174,0.00818306,-106.169075,-0.0062403525,0.0847388,0.99638367,-0.010053106
-0.17430656,0.98114264,-0.083521016,11.457259,-0.984673,-0.17418605,0.008778957,-108.114265,-0.0059347893,0.083771184,0.99646735,-0.012990432
-0.1791623,0.980411,-0.08181981,11.1183815,-0.9837993,-0.179064,0.008592432,-110.08753,-0.0062268698,0.082033776,0.99661005,-0.013095988
-0.1848821,0.9795059,-0.07991279,10.765991,-0.9827357,-0.18483895,0.007996116,-112.04708,-0.006938755,0.08001154,0.9967698,-0.018806247
-0.19029094,0.9785115,-0.07939619,10.400715,-0.98169583,-0.19030799,0.0074167186,-114.04548,-0.007852386,0.07935429,0.99681556,-0.019784318
-0.19590694,0.9773961,-0.07947751,10.018762,-0.98058605,-0.19594887,0.0073423963,-116.039665,-0.0083971005,0.07937302,0.9968096,-0.027458146
-0.20189168,0.9761226,-0.08014756,9.624445,-0.9793762,-0.20186059,0.008569612,-118.01879,-0.007813641,0.08022479,0.9967461,-0.02717117
-0.20754139,0.9750241,-0.07908158,9.223338,-0.9782006,-0.20743641,0.009625875,-120.025795,-0.0070189387,0.07935546,0.99682164,-0.033592783
-0.2134851,0.9736653,-0.07999577,8.797439,-0.97691613,-0.21340093,0.009695,-122.04431,-0.0076314867,0.08021893,0.99674803,-0.03298644
-0.21942961,0.9723769,-0.07958129,8.358279,-0.97559637,-0.21934715,0.009879668,-124.04538,-0.00784917,0.079807155,0.9967793,-0.03936302
-0.22489071,0.97120976,-0.078581415,7.9107842,-0.9743557,-0.22476138,0.0105966,-126.08415,-0.0073705483,0.07894936,0.99685127,-0.043336306
-0.23044296,0.96998656,-0.077597514,7.4477515,-0.9730575,-0.23030609,0.010825714,-128.10098,-0.0073703844,0.07800158,0.99692583,-0.048419613
-0.23462248,0.9688738,-0.0789627,6.974558,-0.97204757,-0.23456106,0.010179246,-130.14796,-0.008659173,0.079143815,0.9968254,-0.050631285
-0.23839486,0.96775186,-0.08138479,6.47782,-0.97112054,-0.23837194,0.010135724,-132.18822,-0.009590987,0.081450775,0.996631,-0.057734475
-0.24250364,0.96664053,-0.08244576,5.972427,-0.9701028,-0.24245314,0.010771424,-134.23593,-0.009577144,0.08259301,0.99653715,-0.06454816
-0.24509932,0.96598375,-0.082468435,5.467715,-0.96945184,-0.24502489,0.011174887,-136.29222,-0.009412062,0.08268817,0.99653083,-0.07685945
-0.24855234,0.96515703,-0.081810944,4.9557447,-0.968569,-0.2485012,0.01096497,-138.35646,-0.009747203,0.081964955,0.99658734,-0.08682475
-0.2528676,0.9641297,-0.08069323,4.423695,-0.9674564,-0.25277054,0.011580208,-140.44876,-0.009232053,0.08099548,0.99667156,-0.09470314
-0.2569691,0.9632124,-0.078665346,3.8918812,-0.96637946,-0.2568438,0.01187491,-142.52379,-0.008766648,0.07907209,0.9968302,-0.10419463
-0.261533,0.9620147,-0.07827965,3.3462355,-0.9651519,-0.26141816,0.0118883485,-144.59547,-0.009026958,0.07866097,0.99686044,-0.11584018
-0.26620042,0.9607283,-0.07834455,2.7968729,-0.963874,-0.2660776,0.012190428,-146.67508,-0.00913404,0.0787594,0.9968517,-0.119067565
-0.2707531,0.9595018,-0.07777184,2.2258008,-0.9626092,-0.27058595,0.012875686,-148.76755,-0.00868972,0.078350045,0.9968879,-0.12869115
-0.27539232,0.9582275,-0.07719075,1.6314955,-0.9612906,-0.27523145,0.012921014,-150.88245,-0.008864049,0.07776111,0.99693245,-0.13274604
-0.27881065,0.9572386,-0.07718921,1.0444854,-0.9602981,-0.27869403,0.012492941,-152.96204,-0.009553446,0.07760784,0.99693805,-0.14049457
-0.28291276,0.9559737,-0.07793539,0.4358179,-0.95909333,-0.28280643,0.012624214,-155.0711,-0.009972216,0.078318894,0.9968783,-0.1473252
-0.28748846,0.9545409,-0.07874865,-0.19350928,-0.95773107,-0.2873606,0.013191873,-157.21706,-0.010037082,0.07921258,0.99680704,-0.15367794
-0.29068395,0.95358884,-0.07855174,-0.8136643,-0.9567732,-0.29048827,0.014155275,-159.31877,-0.00932005,0.07927096,0.99680936,-0.16370228
-0.2944923,0.9524329,-0.07839155,-1.4526532,-0.95562106,-0.29416406,0.0159608,-161.45502,-0.007858389,0.079613,0.9967947,-0.16556834
-0.29907605,0.950995,-0.078493685,-2.1155663,-0.9542018,-0.2986721,0.017107932,-163.6014,-0.0071743173,0.08001543,0.99676764,-0.17316987
-0.30172238,0.95019263,-0.07808241,-2.7673564,-0.9533726,-0.30126593,0.017838575,-165.74951,-0.0065734875,0.07982398,0.99678713,-0.17280506
-0.30596685,0.94883806,-0.07803828,-3.4505746,-0.95201665,-0.3055231,0.017853437,-167.89978,-0.0069024777,0.07975635,0.9967903,-0.18018694
-0.3090763,0.9478252,-0.07809389,-4.1294203,-0.9510122,-0.30861357,0.018225884,-170.07317,-0.006825879,0.07990147,0.9967792,-0.17938557
-0.31285784,0.94646484,-0.07952246,-4.8328533,-0.94977194,-0.31238708,0.018610284,-172.24055,-0.007227809,0.081350625,0.99665916,-0.18151651
-0.31692636,0.9449002,-0.08197993,-5.5510716,-0.94841605,-0.3164556,0.019014103,-174.39989,-0.007976579,0.083777204,0.9964524,-0.184751
-0.31937122,0.9440024,-0.08283126,-6.2652693,-0.94758916,-0.31893805,0.018762592,-176.58357,-0.008706108,0.08448228,0.99638677,-0.18981323
-0.32180023,0.9431862,-0.082727686,-6.993579,-0.9467625,-0.32140106,0.018459016,-178.76736,-0.009178474,0.08426363,0.9964011,-0.1929193
-0.32512453,0.9421451,-0.08158509,-7.7335744,-0.9456296,-0.32470134,0.018769914,-180.93188,-0.008806802,0.083251886,0.99648947,-0.20403862
-0.32797852,0.9413127,-0.07975001,-8.475679,-0.94466007,-0.32740706,0.020508764,-183.13284,-0.00680555,0.08206312,0.9966038,-0.21069476
-0.33097315,0.94037026,-0.078485966,-9.233938,-0.94362515,-0.33028057,0.022021027,-185.34052,-0.0052144616,0.08134974,0.99667186,-0.20617151
-0.33521202,0.9389776,-0.077159226,-10.001594,-0.9421333,-0.3344366,0.023143964,-187.52274,-0.0040731938,0.08045245,0.99675,-0.2135614
-0.33829302,0.9380263,-0.0752595,-10.769891,-0.94103575,-0.33745277,0.023997711,-189.74033,-0.0028860287,0.07894018,0.99687505,-0.20629077
-0.34230062,0.9365107,-0.07601017,-11.562314,-0.9395851,-0.34143156,0.024550768,-191.93747,-0.0029602025,0.07982182,0.9968046,-0.1990816
-0.3454085,0.93538547,-0.07580532,-12.357744,-0.9384441,-0.34460217,0.023883956,-194.16772,-0.0037819627,0.07938883,0.9968363,-0.1950351
-0.34915888,0.93397236,-0.076047346,-13.171557,-0.9370511,-0.34840858,0.023348063,-196.38887,-0.00468909,0.07941248,0.9968306,-0.18871999
-0.35324168,0.9324272,-0.07615341,-14.003014,-0.93551636,-0.35252455,0.023107925,-198.60655,-0.0052994792,0.0794055,0.996828,-0.1850909
-0.35659435,0.9312484,-0.074943505,-14.824954,-0.9342462,-0.35585317,0.023472387,-200.84428,-0.0048102504,0.07838586,0.9969112,-0.18427083
-0.36038747,0.9298478,-0.07418626,-15.668039,-0.9327924,-0.35960114,0.024159085,-203.07391,-0.0042131827,0.07790708,0.99695146,-0.18098694
-0.3642047,0.9283735,-0.07400784,-16.524576,-0.93130916,-0.36339846,0.024559129,-205.29625,-0.0040942817,0.0778688,0.9969549,-0.1735709
-0.366557,0.92740375,-0.07455085,-17.384007,-0.93038636,-0.3657161,0.025124671,-207.52574,-0.0039637233,0.07857078,0.9969004,-0.16101062
-0.3696227,0.92607707,-0.07589329,-18.258545,-0.92916936,-0.368793,0.02518352,-209.75186,-0.004667026,0.07982619,0.99679756,-0.15353869
-0.3716791,0.9251166,-0.0775464,-19.13421,-0.9283439,-0.37087047,0.025114529,-211.988,-0.0055257985,0.08132436,0.99667203,-0.1490861
-0.37438086,0.9239512,-0.07843806,-20.016323,-0.92725617,-0.37355724,0.025475401,-214.21117,-0.00576307,0.08226976,0.99659306,-0.14422248
-0.37765166,0.9226552,-0.07801313,-20.921177,-0.92593175,-0.37678316,0.026132096,-216.44951,-0.0052831103,0.082103744,0.9966094,-0.13745517
-0.37982792,0.9218146,-0.077382185,-21.810179,-0.92504424,-0.37891868,0.026682565,-218.67413,-0.0047251666,0.081716806,0.99664396,-0.13345934
-0.38277948,0.92065465,-0.07664437,-22.717165,-0.92383164,-0.38178658,0.027791461,-220.90137,-0.0036754408,0.08144457,0.99667066,-0.1234197
-0.38629478,0.91925496,-0.075803384,-23.656893,-0.9223705,-0.38523293,0.02875172,-223.14664,-0.0027717832,0.08102552,0.9967078,-0.110174835
-0.38861394,0.9184377,-0.07382975,-24.558483,-0.92139804,-0.38752624,0.029110728,-225.35706,-0.0018745579,0.07933949,0.9968455,-0.09941697
-0.3914209,0.9172216,-0.074118935,-25.48948,-0.9202099,-0.3902776,0.029926524,-227.59097,-0.0014776879,0.079918906,0.9967999,-0.080578364
-0.39473242,0.9156436,-0.0760432,-26.449606,-0.91879094,-0.39363536,0.029544383,-229.82053,-0.0028811544,0.08153,0.9966664,-0.063192636
-0.39686567,0.9146768,-0.07657277,-27.38677,-0.9178671,-0.39584535,0.028719928,-232.03001,-0.0040415092,0.08168165,0.9966499,-0.054022495
-0.4003185,0.9132133,-0.076065175,-28.356941,-0.91636425,-0.3993413,0.028312277,-234.25986,-0.004520799,0.081037395,0.99670047,-0.046656393
-0.40308234,0.9121206,-0.074565694,-29.302774,-0.9151535,-0.40210867,0.028303504,-236.47777,-0.0041672867,0.079647765,0.996814,-0.034117196
-0.4066192,0.91067773,-0.07298212,-30.274565,-0.9135873,-0.4056851,0.027863963,-238.69817,-0.004232652,0.07800562,0.99694365,-0.028056305
-0.41037935,0.90904105,-0.072337024,-31.264761,-0.9119021,-0.40948847,0.027424505,-240.92366,-0.0046911607,0.0772188,0.99700284,-0.01964048
-0.4133827,0.9077401,-0.07156957,-32.248695,-0.9105437,-0.4125177,0.027162734,-243.1369,-0.004866993,0.07639589,0.9970654,-0.007659627
-0.4169364,0.9061614,-0.07095762,-33.24422,-0.9089205,-0.41609782,0.026918428,-245.3556,-0.0051328535,0.07571818,0.9971158,-0.0014066249
-0.42148122,0.9041125,-0.07024055,-34.25896,-0.9068181,-0.42069885,0.02630308,-247.56406,-0.00576916,0.07478174,0.99718297,0.008762337
-0.42491132,0.90255994,-0.06953746,-35.265938,-0.9052169,-0.42412305,0.026464595,-249.7684,-0.0056065423,0.074191675,0.99722797,0.012975352
-0.4287363,0.9007736,-0.06922141,-36.298054,-0.90341306,-0.4279211,0.02695433,-251.96974,-0.005341533,0.07409191,0.9972368,0.020152438
-0.43300417,0.8987055,-0.069537126,-37.33624,-0.9013735,-0.43218735,0.027168453,-254.16135,-0.0056366134,0.074443065,0.997209,0.031478167
-0.43597752,0.89729035,-0.06923226,-38.37313,-0.89993876,-0.4351627,0.027236473,-256.3554,-0.005688261,0.07417938,0.9972283,0.038694166
-0.4403703,0.8952273,-0.068128675,-39.441456,-0.8977985,-0.43955883,0.027279824,-258.5531,-0.0055249045,0.07317914,0.9973032,0.04435431
-0.44320047,0.893826,-0.06817542,-40.490166,-0.89640594,-0.4423606,0.027780794,-260.73227,-0.0053269123,0.073425405,0.99728614,0.045767907
-0.4470086,0.891889,-0.068679154,-41.558754,-0.89451295,-0.4461394,0.028364643,-262.91098,-0.005342351,0.07411373,0.9972352,0.04698687
-0.45136958,0.8896269,-0.06949007,-42.65877,-0.8923221,-0.45043063,0.029525781,-265.0955,-0.005033514,0.07533466,0.9971453,0.054445297
-0.4547291,0.8878212,-0.07067107,-43.748024,-0.8906185,-0.45367548,0.031233955,-267.26257,-0.0043315506,0.07714404,0.9970103,0.06285806
-0.4577767,0.8861835,-0.07154526,-44.86337,-0.8890569,-0.45665884,0.032229804,-269.43723,-0.0041102436,0.07836196,0.99691623,0.06298936
-0.46156436,0.88412577,-0.0726598,-45.993427,-0.88709956,-0.46032012,0.03402926,-271.61713,-0.0033606102,0.08016327,0.9967758,0.06906106
-0.4638461,0.88285047,-0.07362996,-47.109478,-0.8859127,-0.46242666,0.036309887,-273.78098,-0.0019922494,0.08207202,0.9966241,0.07751139
-0.46744078,0.8808872,-0.074405946,-48.254875,-0.88402116,-0.46597344,0.03705964,-275.9585,-0.002025824,0.08309972,0.9965389,0.08129354
-0.47053123,0.87926877,-0.07406886,-49.402267,-0.88238096,-0.46902472,0.03765349,-278.1524,-0.0016325795,0.083074205,0.99654174,0.08779707
-0.473893,0.8775418,-0.07311187,-50.56641,-0.8805807,-0.47237226,0.03794995,-280.34952,-0.0012333451,0.08236522,0.9966012,0.08550339
-0.4780641,0.87526983,-0.0731913,-51.763596,-0.87832373,-0.47647804,0.03891348,-282.5628,-0.0008142445,0.082888894,0.9965583,0.089355946
-0.48097563,0.8737493,-0.07227751,-52.941753,-0.876733,-0.4793696,0.039269716,-284.75012,-0.0003357472,0.08225595,0.996611,0.09666547
-0.48391667,0.8722441,-0.07081166,-54.141758,-0.8751132,-0.48231852,0.03929162,-286.96582,0.00011811717,0.08098218,0.99671537,0.101827696
-0.48699212,0.8704552,-0.07173444,-55.36764,-0.8734054,-0.48537308,0.039674267,-289.1863,-0.00028328746,0.0819744,0.99663424,0.11261254
-0.48911786,0.869133,-0.073287174,-56.584843,-0.87221605,-0.48749894,0.03977547,-291.38608,-0.0011572433,0.08337724,0.9965172,0.12106089
-0.4911046,0.8679189,-0.074380904,-57.833035,-0.87109727,-0.48951432,0.039541397,-293.61008,-0.0020917917,0.08421207,0.9964455,0.12560841
-0.4940061,0.8662734,-0.07434999,-59.091793,-0.8694538,-0.49244633,0.039305054,-295.86108,-0.002564464,0.08406093,0.99645716,0.12851286
-0.4958809,0.865223,-0.074100174,-60.355446,-0.8683847,-0.49435857,0.038934216,-298.08688,-0.0029452804,0.0836543,0.99649036,0.1243827
-0.49864405,0.86353785,-0.075206414,-61.643635,-0.86679643,-0.4971652,0.038586866,-300.34665,-0.0040687975,0.08442987,0.99642104,0.12456762
-0.50074846,0.8622766,-0.07569438,-62.919907,-0.8655795,-0.49929348,0.03842466,-302.58563,-0.0046610315,0.084760696,0.9963904,0.12529662
-0.50294435,0.8610816,-0.07473355,-64.21754,-0.86431015,-0.5014247,0.03923706,-304.8355,-0.003686939,0.08432713,0.99643123,0.12105582
-0.50618994,0.85935485,-0.072668195,-65.53314,-0.86241966,-0.5045522,0.040715866,-307.12018,-0.0016755203,0.08328055,0.9965247,0.1279348
-0.5092594,0.85767025,-0.071107365,-66.83799,-0.8606111,-0.50765854,0.040369574,-309.36536,-0.00147448,0.081754476,0.99665135,0.12935041
-0.51340795,0.85530084,-0.06980275,-68.17636,-0.8581397,-0.51195896,0.038633626,-311.6575,-0.0026927735,0.07973543,0.9968124,0.1308089
-0.5188473,0.8521366,-0.068266615,-69.52639,-0.85485566,-0.5175791,0.036494065,-313.9496,-0.004235448,0.077293046,0.9969994,0.13039003
-0.52310777,0.84958184,-0.067591354,-70.88818,-0.8522494,-0.52194065,0.035313543,-316.21613,-0.0052769347,0.07607758,0.99708784,0.12567854
-0.5273179,0.84696406,-0.06773008,-72.2699,-0.8496458,-0.52619326,0.034940597,-318.48196,-0.006045683,0.07597148,0.99709153,0.119086504
-0.5321742,0.8437957,-0.06927456,-73.66546,-0.8466106,-0.5309837,0.03612404,-320.75015,-0.0063023516,0.077872954,0.99694324,0.11468501
-0.53573066,0.84147745,-0.07005693,-75.08367,-0.84436566,-0.53447473,0.037168965,-323.0213,-0.006166819,0.079066314,0.9968501,0.10960734
-0.540294,0.83849835,-0.07072811,-76.50488,-0.8414444,-0.53908515,0.036832426,-325.28638,-0.0072445525,0.079414204,0.99681515,0.10668061
-0.5432306,0.83649313,-0.0719672,-77.949844,-0.8395361,-0.5421043,0.036057323,-327.56012,-0.008852032,0.0800066,0.99675477,0.09911654
-0.5474,0.8338107,-0.071500994,-79.39535,-0.8368072,-0.54640526,0.03453794,-329.82056,-0.010270425,0.07873872,0.996842,0.093965
-0.5519547,0.8308505,-0.07094342,-80.85497,-0.83380365,-0.55100584,0.03408581,-332.07687,-0.01077004,0.07796681,0.99689746,0.08865891
-0.5555336,0.8284847,-0.070675425,-82.32297,-0.83141387,-0.5546438,0.033451155,-334.32507,-0.0114859305,0.07734387,0.996938,0.0755858
-0.56006336,0.8252633,-0.07258898,-83.8098,-0.82835263,-0.5591796,0.03387976,-336.5773,-0.012630575,0.07910419,0.99678606,0.06573431
-0.5645477,0.82211447,-0.073575385,-85.29553,-0.82527727,-0.5637507,0.033171523,-338.81332,-0.014207402,0.079447106,0.9967376,0.053488925
-0.5676995,0.8200364,-0.072506644,-86.816216,-0.8231007,-0.56699127,0.03199894,-341.07132,-0.014870352,0.07784615,0.9968543,0.029746618
-0.57136416,0.8174204,-0.07325693,-88.344475,-0.8205411,-0.57070833,0.031654153,-343.31952,-0.015933603,0.07819647,0.9968105,0.0013916958
-0.57490385,0.8148423,-0.07427875,-89.886406,-0.8180328,-0.5743405,0.030870853,-345.55423,-0.01750643,0.07851033,0.9967594,-0.023276258
-0.5775365,0.8131761,-0.072082974,-91.438065,-0.8161766,-0.57703966,0.0296436,-347.80457,-0.017489282,0.075952806,0.99695784,-0.0443372
-0.58075553,0.8112064,-0.0683151,-92.97073,-0.8139154,-0.58026415,0.028861428,-349.9981,-0.016228246,0.07236424,0.997246,-0.075909
-0.5834375,0.809613,-0.06424392,-94.52521,-0.81201714,-0.582977,0.027634136,-352.22433,-0.01507979,0.06829005,0.9975514,-0.09976891
-0.5868714,0.80719745,-0.06335665,-96.08864,-0.8095094,-0.5865514,0.025488835,-354.43616,-0.016587436,0.06624657,0.9976653,-0.12277886
-0.59050745,0.804398,-0.06514966,-97.64611,-0.8068152,-0.59028965,0.024596175,-356.616,-0.01867208,0.06708807,0.9975722,-0.15079147
-0.5933975,0.80232435,-0.06445769,-99.23871,-0.8047008,-0.5931579,0.024857784,-358.82507,-0.018289609,0.06661981,0.9976107,-0.18061587
-0.5969662,0.7998164,-0.06264788,-100.8409,-0.802046,-0.596806,0.023288548,-361.0413,-0.018762093,0.06414907,0.9977639,-0.20735255
-0.6003682,0.7972499,-0.06285161,-102.46107,-0.79943806,-0.60039425,0.020568762,-363.2388,-0.02133733,0.062594905,0.99781084,-0.24878065
-0.6033682,0.7950369,-0.062150545,-104.11835,-0.7971289,-0.6035325,0.018205455,-365.48593,-0.023035895,0.060526695,0.99790066,-0.2891862
-0.6066377,0.79265285,-0.060759176,-105.76826,-0.7946379,-0.6068376,0.017209295,-367.6891,-0.02322998,0.058721453,0.998004,-0.338427
-0.61026436,0.7898805,-0.06054393,-107.40589,-0.79185605,-0.61045814,0.017382426,-369.8502,-0.023229517,0.05855006,0.9980141,-0.3851015
-0.61268437,0.78795373,-0.061206315,-109.06786,-0.7899621,-0.6129135,0.017152341,-372.03983,-0.023998952,0.05885975,0.9979777,-0.42468566
-0.6154755,0.7857665,-0.061322227,-110.73034,-0.78776944,-0.6157417,0.01669043,-374.18042,-0.024643904,0.05858044,0.9979783,-0.4665217
-0.6180968,0.7838633,-0.059279516,-112.39386,-0.78571504,-0.61839575,0.015353896,-376.34238,-0.024622876,0.05606711,0.9981232,-0.50345963
-0.62139934,0.7819258,-0.04954173,-114.05638,-0.78319716,-0.621658,0.011861467,-378.48398,-0.021523258,0.046171743,0.99870145,-0.5380937
-0.6253949,0.7794299,-0.037009273,-115.70446,-0.7802087,-0.62536514,0.013784058,-380.58792,-0.012400615,0.037495513,0.9992198,-0.585238
-0.6281174,0.7770509,-0.0407398,-117.390205,-0.77808106,-0.62773156,0.023237217,-382.70416,-0.0075171636,0.04629466,0.9988994,-0.57926875
-0.6294423,0.7754803,-0.049315725,-119.09572,-0.7769575,-0.62905914,0.024874227,-384.81424,-0.011733047,0.053973213,0.99847335,-0.57463056
-0.6306017,0.77403116,-0.05671516,-120.8107,-0.77577883,-0.6307702,0.01712834,-386.95038,-0.022516396,0.054799683,0.99824333,-0.607102
-0.6328812,0.7720667,-0.058083445,-122.51122,-0.7736115,-0.6336192,0.0070187496,-389.07462,-0.031383887,0.04937615,0.9982869,-0.6634622
-0.6366806,0.76915497,-0.055116784,-124.23025,-0.7703316,-0.6376413,0.00018101186,-391.20215,-0.035005566,0.042573534,0.9984797,-0.7337443
-0.63926584,0.76710147,-0.053796034,-125.94354,-0.7681988,-0.6402092,-0.0004169145,-393.32043,-0.034760583,0.041059613,0.9985517,-0.80686104
-0.6421448,0.764509,-0.056352593,-127.671616,-0.76587474,-0.64297324,0.00431937,-395.4128,-0.032931056,0.04593278,0.99840146,-0.8647823
-0.6450815,0.76198,-0.05706092,-129.40599,-0.7635753,-0.6456274,0.010741981,-397.47098,-0.028654955,0.050499864,0.9983127,-0.913571
-0.6474135,0.7600728,-0.05607812,-131.1494,-0.7617067,-0.6477673,0.014062083,-399.56036,-0.025637401,0.051819164,0.99832714,-0.9622825
-0.65028495,0.7575878,-0.05648045,-132.89487,-0.759242,-0.65065384,0.014091055,-401.6275,-0.026074048,0.05204563,0.99830407,-1.0107441
-0.65358263,0.75465244,-0.057699587,-134.66226,-0.7563542,-0.65402,0.01354948,-403.69925,-0.027511578,0.052497126,0.99824184,-1.0596807
-0.65550053,0.75289696,-0.058864705,-136.41283,-0.754633,-0.65602344,0.012637102,-405.75674,-0.029102234,0.052704975,0.99818575,-1.1126453
-0.65756315,0.7510623,-0.059295423,-138.19101,-0.7528199,-0.6581031,0.0126451915,-407.8201,-0.02952522,0.052953884,0.9981601,-1.1634657
-0.65990055,0.7490124,-0.059257515,-139.973,-0.7507729,-0.6604332,0.012866031,-409.86185,-0.02949885,0.05297933,0.9981596,-1.2194391
-0.6607596,0.7482138,-0.059772335,-141.75351,-0.7500121,-0.6612898,0.0132363485,-411.91702,-0.029623257,0.05357611,0.99812406,-1.2727897
-0.6623369,0.7466701,-0.06159202,-143.55382,-0.7485476,-0.6629585,0.012648513,-413.9695,-0.03138873,0.054482233,0.99802107,-1.3274515
-0.66271746,0.7461127,-0.06419852,-145.33664,-0.7481093,-0.66346705,0.011893136,-416.007,-0.03372003,0.05590939,0.9978661,-1.3878603
-0.6640064,0.7447766,-0.06635828,-147.12811,-0.74687153,-0.6648712,0.011250977,-418.0414,-0.035740297,0.05703193,0.9977322,-1.4517418
-0.66580105,0.7432782,-0.06516537,-148.92302,-0.74530774,-0.66662157,0.011370896,-420.072,-0.03498895,0.056139108,0.9978094,-1.5203973
-0.6669563,0.74267554,-0.060019996,-150.70277,-0.7444289,-0.66760063,0.01150428,-422.09344,-0.03152548,0.05235356,0.99813056,-1.5859251
-0.6684958,0.74156016,-0.056586593,-152.5046,-0.7431232,-0.6690615,0.011043511,-424.1293,-0.029670523,0.049433436,0.99833626,-1.6461502
-0.670392,0.73986596,-0.05633106,-154.30312,-0.7413928,-0.6709902,0.010304857,-426.1392,-0.03017342,0.048671823,0.9983586,-1.7013478
-0.67077285,0.7396045,-0.055220187,-156.10791,-0.74103904,-0.6713994,0.009025635,-428.16702,-0.030399444,0.04697455,0.99843305,-1.7540116
-0.6716081,0.7390465,-0.05246974,-157.89188,-0.7403257,-0.6721982,0.008054131,-430.16608,-0.029317731,0.044254005,0.99858963,-1.8104776
-0.6730314,0.73780084,-0.05175795,-159.69781,-0.7390294,-0.6736302,0.0074315667,-432.16885,-0.029382747,0.043252412,0.9986316,-1.8631308
-0.6729878,0.7377281,-0.053337,-161.5034,-0.7389815,-0.67369705,0.005997715,-434.18204,-0.03150834,0.043451533,0.99855816,-1.9158311
-0.6735346,0.73697597,-0.056726687,-163.33109,-0.7383301,-0.6744223,0.004537994,-436.19305,-0.0349134,0.044939604,0.99837905,-1.9788878
-0.67193055,0.7378521,-0.06390525,-165.12857,-0.7395209,-0.6731209,0.0037972338,-438.18964,-0.040214214,0.04981084,0.9979483,-2.0521128
-0.67006713,0.7390076,-0.06984405,-166.93718,-0.74094975,-0.67155224,0.0029142871,-440.19458,-0.044750307,0.053703804,0.9975532,-2.1349084
-0.66909206,0.740329,-0.06503137,-168.7319,-0.7419279,-0.67047733,0.00067493133,-442.19434,-0.043102447,0.04870028,0.9978825,-2.2279124
-0.6682605,0.7418526,-0.055523764,-170.51357,-0.7429894,-0.6693011,-0.00022755982,-444.21512,-0.03733099,0.041101594,0.99845684,-2.3123715
-0.6671357,0.7432569,-0.049994037,-172.29959,-0.7441051,-0.6680563,-0.0023757266,-446.22803,-0.03516466,0.035615977,0.99874616,-2.3874884
-0.66501856,0.7452569,-0.04840286,-174.06682,-0.7460328,-0.6659008,-0.0029332954,-448.2165,-0.034417614,0.03415951,0.9988231,-2.452287
-0.6616941,0.7481446,-0.04940561,-175.85056,-0.7489653,-0.66260153,-0.0027588021,-450.24387,-0.03480027,0.03517769,0.9987745,-2.5159779
-0.6589578,0.7504971,-0.050289832,-177.6251,-0.7513676,-0.6598777,-0.0023314687,-452.27805,-0.034934957,0.0362499,0.99873143,-2.589475
-0.6574062,0.75208575,-0.046737045,-179.39589,-0.75284976,-0.65818775,-0.0018412711,-454.29877,-0.032146603,0.033975597,0.998905,-2.652432
-0.6554425,0.75411546,-0.04129559,-181.15102,-0.7545696,-0.65618676,-0.0063979956,-456.3598,-0.031922508,0.026966961,0.99912596,-2.7142062
-0.6549236,0.75483274,-0.03609608,-182.86963,-0.7549827,-0.6556311,-0.012088811,-458.3666,-0.03279081,0.01933475,0.9992746,-2.7788155
-0.65435475,0.75562245,-0.029237311,-184.59491,-0.7555544,-0.6548983,-0.015588284,-460.41528,-0.030926388,0.011890188,0.9994503,-2.837368
-0.6536637,0.75629914,-0.027122956,-186.34215,-0.7561794,-0.654153,-0.016547415,-462.45856,-0.030257422,0.009693452,0.9994945,-2.8953729
-0.652953,0.7568368,-0.02916553,-188.08163,-0.75673765,-0.6535061,-0.016588286,-464.487,-0.031614542,0.011239361,0.9994363,-2.9487207
-0.6510978,0.75831753,-0.032038096,-189.83183,-0.7582214,-0.6517577,-0.017591821,-466.5523,-0.034221333,0.0128380535,0.9993312,-3.005498
-0.6496606,0.75952864,-0.03252057,-191.5582,-0.75938755,-0.6503565,-0.019086985,-468.5931,-0.035647143,0.012295733,0.99928814,-3.0758014
-0.64935476,0.75990397,-0.029741319,-193.28534,-0.7597028,-0.64996254,-0.019940734,-470.6338,-0.034483857,0.009646032,0.99935806,-3.1459913
-0.64852226,0.7607284,-0.026670385,-195.00241,-0.7605235,-0.6490224,-0.019269148,-472.67206,-0.031968337,0.007787061,0.9994579,-3.2100263
-0.6470356,0.7620063,-0.026297426,-196.72055,-0.7618413,-0.64751357,-0.017929394,-474.71347,-0.03069032,0.008433586,0.99949276,-3.2678096
-0.6463641,0.76247895,-0.028974563,-198.44441,-0.7623749,-0.6469147,-0.016830653,-476.75436,-0.03157716,0.011210828,0.9994378,-3.3234653
-0.6450419,0.7635094,-0.03121847,-200.16849,-0.7634379,-0.6456634,-0.016694063,-478.8069,-0.032902762,0.013065072,0.99937254,-3.3831837
-0.64425933,0.7641498,-0.03170503,-201.88351,-0.76408094,-0.6448988,-0.01683134,-480.86072,-0.033308268,0.013381541,0.99935496,-3.4467888
-0.64314497,0.76511484,-0.031049017,-203.58284,-0.76501673,-0.64377105,-0.017479971,-482.9051,-0.03336271,0.012510941,0.9993644,-3.5082088
-0.64220494,0.76587206,-0.031828474,-205.30273,-0.7657573,-0.6428677,-0.018282618,-484.96857,-0.03446371,0.012631779,0.9993255,-3.5743153
-0.6416644,0.76631254,-0.032126915,-206.99835,-0.7661737,-0.6423477,-0.019092605,-487.01184,-0.03526762,0.012363835,0.9993008,-3.6419463
-0.64089483,0.76701957,-0.030578636,-208.68938,-0.76687264,-0.6415213,-0.01881649,-489.05197,-0.03404953,0.01139061,0.99935454,-3.7065485
-0.64038116,0.7674848,-0.029655244,-210.39043,-0.7673692,-0.64096266,-0.017569635,-491.11227,-0.0324924,0.011505338,0.9994051,-3.7718356
-0.64025766,0.7675676,-0.030173788,-212.09943,-0.76744294,-0.64086163,-0.018030714,-493.18607,-0.03317708,0.011612437,0.99938136,-3.8297317
-0.63929194,0.76836306,-0.03040338,-213.77759,-0.7682052,-0.6399162,-0.01911846,-495.22403,-0.0341456,0.011133836,0.9993542,-3.8920412
-0.63889825,0.7687081,-0.029953692,-215.48425,-0.7685088,-0.63951856,-0.020193176,-497.304,-0.034678668,0.010118366,0.9993467,-3.9609354
-0.6395286,0.7681907,-0.029778322,-217.18741,-0.76796865,-0.64014834,-0.020779788,-499.37787,-0.03502545,0.009579627,0.99933994,-4.0270004
-0.6395179,0.76821846,-0.029286169,-218.87242,-0.7680023,-0.64011776,-0.020476166,-501.42908,-0.03447683,0.009397047,0.99936074,-4.0930386
-0.6402768,0.7675785,-0.029487187,-220.56905,-0.76736605,-0.6408827,-0.020404946,-503.48764,-0.03456029,0.009562731,0.99935627,-4.1551423
-0.639726,0.7680126,-0.030130662,-222.26413,-0.76776564,-0.64036566,-0.021571444,-505.55017,-0.03586185,0.009333551,0.9993126,-4.22247
-0.64004683,0.7677406,-0.030246908,-223.97607,-0.7674458,-0.64070266,-0.022905553,-507.63074,-0.036964864,0.008552312,0.9992794,-4.2973576
-0.64064056,0.76724786,-0.030181814,-225.68753,-0.766927,-0.6412993,-0.023576738,-509.69736,-0.037444845,0.0080431085,0.99926573,-4.3677697
-0.64033294,0.76754934,-0.029021095,-227.36505,-0.7672134,-0.6409501,-0.023754964,-511.74155,-0.036834244,0.0070543634,0.99929595,-4.4410048
-0.6405289,0.7674068,-0.028461853,-229.05302,-0.76707906,-0.64112324,-0.023420317,-513.78406,-0.03622053,0.006831177,0.99932,-4.511725
-0.64071786,0.7672355,-0.028823534,-230.77205,-0.76691836,-0.64132357,-0.02319292,-515.85657,-0.036279704,0.0072452556,0.99931484,-4.58083
-0.6399313,0.7679037,-0.028501581,-232.46193,-0.7675726,-0.640528,-0.023531083,-517.90405,-0.03632573,0.0068188305,0.99931616,-4.6495934
-0.64046663,0.76746225,-0.028366491,-234.17427,-0.7671273,-0.6410587,-0.023599744,-519.98254,-0.03629656,0.0066459365,0.9993184,-4.720151
-0.6396872,0.76814955,-0.027332962,-235.88031,-0.7678087,-0.6402424,-0.023599256,-522.0533,-0.03562754,0.0058904192,0.9993472,-4.7885017
-0.6396958,0.76814455,-0.027271386,-237.58427,-0.76778466,-0.6402518,-0.024120023,-524.1273,-0.03598828,0.0055091497,0.9993365,-4.861883
-0.6399284,0.7679192,-0.028147228,-239.28482,-0.76753294,-0.64052105,-0.02496764,-526.1851,-0.037202083,0.0056264987,0.9992914,-4.9303718
-0.63881123,0.7688177,-0.02898276,-240.9541,-0.76839614,-0.6394422,-0.026046367,-528.22595,-0.038557768,0.0056316066,0.99924,-5.006297
-0.638629,0.7689795,-0.028702293,-242.66176,-0.7685687,-0.6392476,-0.025728112,-530.30066,-0.03813232,0.0056290426,0.9992563,-5.081496
-0.639444,0.76829547,-0.028876731,-244.34608,-0.7679088,-0.6400651,-0.025101526,-532.33923,-0.03776843,0.006123754,0.9992673,-5.1533475
-0.638387,0.7691523,-0.029449373,-246.0441,-0.7687639,-0.63903147,-0.02526391,-534.407,-0.038250923,0.0065115397,0.9992464,-5.2305155
-0.63820326,0.76929677,-0.029658481,-247.74472,-0.7688847,-0.63886,-0.025916668,-536.47034,-0.03888528,0.00626393,0.99922353,-5.30757
