0,1,2,3,4,5,6,7,8,9,10,11
0.9999999000017876,-6.986264529124792e-11,4.812787651048422e-10,2.9206219831490188e-08,-6.986271196968152e-11,0.9999999999998093,9.429894922288951e-12,2.0914318887843564e-11,4.812788440347604e-10,9.42989743967087e-12,0.999999999998403,-1.404219102107973e-10
0.9990475150522246,0.04357851013525884,-0.002216885419943365,1.0015461040823534,-0.04358155772524727,0.999048965866338,-0.0013444538656174042,-0.03862368036432605,0.0021561882645993093,0.001439789998888383,0.9999966190814376,0.016005567106783566
0.9960359768905038,0.08869548223137322,-0.006738736459265784,1.9978232211685638,-0.08872845950056935,0.9960445470462898,-0.004763523243646166,-0.12031846411289386,0.006289578896790213,0.005342561897167776,0.9999658760632061,0.03317028198975387
0.9908760146508162,0.13433711102176202,-0.010874688161226978,2.990889153558998,-0.13439715366399324,0.9909150358633075,-0.0049964271875442235,-0.2482651230612149,0.010104690043224205,0.00641237135563744,0.9999283494858758,0.05229389247839046
0.9835246942923762,0.1802893745918102,-0.01322098834588775,3.9708564577845196,-0.18033577361328754,0.9836021577846918,-0.0024035241185876672,-0.4123994531587218,0.012570867165276127,0.004748144537110595,0.9999096479229321,0.07433464596005046
0.9739614450445604,0.22632091398467807,-0.013335730039035829,4.945275444724295,-0.2264002614728236,0.9740227634773536,-0.004757488591770288,-0.6304055105639502,0.011912589030105992,0.007652827182207224,0.9998996914780858,0.0992742209821017
0.9623286439728068,0.27151295909177364,-0.01429006324397533,5.902498312609858,-0.2716148981006511,0.9623890630927806,-0.005720935042614688,-0.8916245415717691,0.012199290748160597,0.00938682026999894,0.9998814929344124,0.12646716851879133
0.9487069895330008,0.31562983079289697,-0.018241353275940737,6.845691936968293,-0.315808365517105,0.9487906569234659,-0.007838436212776786,-1.195355705882141,0.014833187037849136,0.013197156203976325,0.9998028535435332,0.15467648014583013
0.9334719410086494,0.3579883549151224,-0.021779848626728045,7.76856446571098,-0.35826876977839645,0.9335583590199835,-0.01060138335519607,-1.5463816493820182,0.01653759843412633,0.01769913814285782,0.9997065999713671,0.1809133632618468
0.9160296672209407,0.4004826935172141,-0.022429330214857164,8.676805946309182,-0.4007703823493951,0.9161230689046874,-0.010081515586253907,-1.9331653455518618,0.016510566015631407,0.01822398842124179,0.9996975638743715,0.20841855524327416
0.8964166011575458,0.4426615598267461,-0.02208728826729193,9.564626875663095,-0.4429565748084356,0.8964788948351953,-0.01072975386669736,-2.3591750788873207,0.015051139188968006,0.01940203901124739,0.9996984040072584,0.23793359871630274
0.8743998262688332,0.48473883031971915,-0.0212874678337673,10.428816174002597,-0.48502472811963626,0.874430703711956,-0.01104110664973167,-2.824657018679789,0.013262371720872522,0.01997930100481528,0.9997123700192103,0.2672395115395922
0.8502708878095676,0.5259366182477057,-0.020738136910510477,11.268267464990855,-0.5262108218533226,0.8502841668013627,-0.010906577590840925,-3.3295756389397133,0.011897137109510413,0.02018618641413335,0.9997254453890689,0.29633337805784804
0.8244512935203654,0.5655278916645822,-0.021408537764404635,12.079866476591706,-0.5658215741323771,0.8244494784128211,-0.011359382612092536,-3.8718365182710133,0.011226211633996102,0.021478672995697647,0.9997062280668129,0.3216469270544266
0.7969592125094814,0.6035538612268007,-0.024057760254963034,12.859940491601993,-0.6039323694335369,0.7969214303581389,-0.01348995450858997,-4.455787318687523,0.011030235335246283,0.025280205561448856,0.9996195571323793,0.3464229361691028
0.7680493606289313,0.6399096928517868,-0.02481506000530027,13.609764196323253,-0.6402936691572546,0.7680305038230348,-0.012372763528527682,-5.066027955578207,0.011141273031102288,0.025391824852624964,0.9996154355480331,0.3706306468438583
0.7373852150976152,0.6749034766343041,-0.027718304990892544,14.32617784589413,-0.6753995710724415,0.7372873238682953,-0.015580975213946012,-5.717550690113451,0.009920709914695274,0.030210126643228235,0.999494361034089,0.3932458150643588
0.7051336401840712,0.7085150823637443,-0.028157332796199037,15.011301759906477,-0.7090179210291122,0.705022378841151,-0.015395637684553584,-6.397184038096492,0.008943522809255993,0.030820051978961857,0.999484880974777,0.4145718559685554
0.6706215082808442,0.7412591912056343,-0.02831417408375884,15.664922036976552,-0.7417509394755692,0.6705262056339745,-0.01414721269897695,-7.101213759862841,0.00849864806109609,0.030489506583463947,0.9994988860851804,0.4357108773215557
0.6349973549437243,0.7718136154616835,-0.03289502042612804,16.276076274345694,-0.7724603759830668,0.6348802576541008,-0.01523600570460947,-7.836294629671085,0.009125044005770466,0.03508493812162771,0.9993426874021741,0.45236894249196835
0.5982793247401308,0.8005737112618181,-0.0338183017315326,16.854328401973255,-0.8012349446837056,0.5981906733344577,-0.013798677387608175,-8.59346242371189,0.009182946850313246,0.035351894385765935,0.9993327019254106,0.4710676676831352
0.5604839538722761,0.8273553050381612,-0.03661988110355368,17.39264660113187,-0.8281095956684316,0.5604108428960507,-0.013198536552877818,-9.378518602558644,0.009602302128395593,0.037722859957247605,0.9992421032316722,0.4893601449267556
0.521435741945271,0.852199565449501,-0.04313493494638346,17.891960681943548,-0.853200907590267,0.5214470072235131,-0.011883602464655372,-10.189743589192828,0.012365384207592025,0.04299932445855562,0.9989985508312146,0.505575394347226
0.4820827253299105,0.8750011973869418,-0.04437512153308549,18.356943284575042,-0.8760468674570832,0.4820998520688112,-0.011025754266422296,-11.021093293726526,0.01174569795095911,0.0441900339374642,0.998954022601277,0.5196452325474655
0.44350579399488516,0.8949872790843679,-0.04796340166736376,18.785571697169463,-0.896218626360568,0.4434255036798255,-0.012884363465418226,-11.88078049264077,0.009736869913765931,0.048700003824453844,0.9987660023252882,0.5361013289044008
0.4061456848981072,0.9124006659053874,-0.050702375258486414,19.1765256517491,-0.9137741383493923,0.4059848102728444,-0.013898641930563047,-12.761559863542724,0.007903275430374924,0.05197540896367604,0.9986171048290473,0.5529468882156859
0.3702988465416184,0.9273896978508194,-0.05317028487296268,19.537986380237964,-0.9288712362334339,0.37021570015356675,-0.011770305023997443,-13.656385564253137,0.008768816545103471,0.05374690814233176,0.9985160533048137,0.5655139558191911
0.3364827118200858,0.9401488993163085,-0.05384623799217763,19.86878447624567,-0.9416667344069791,0.3363223029720394,-0.01228649585533118,-14.575895683869792,0.00655855926258432,0.054839432740084904,0.9984735852078737,0.5767221184217571
0.30318114457918294,0.9513712020844112,-0.05453440125553044,20.17212514956654,-0.9529299206642576,0.3028272731400611,-0.014840172938171798,-15.515636433883996,0.0023959950747029306,0.05646674484192128,0.9984015822807549,0.5874080336322828
0.2700556070142745,0.9612763615581016,-0.05493481505099539,20.443431280602717,-0.9628445200770819,0.2696496256681928,-0.014813908285004306,-16.4710150754488,0.0005728912785161223,0.05689428898945583,0.9983800673175317,0.5972642632807955
0.23730424994284202,0.9699880712796297,-0.05300764444813464,20.687018485461348,-0.9714350785940136,0.23699237854019084,-0.01218579820533902,-17.433576606674347,0.0007423353827426572,0.054385254615541445,0.998519771516966,0.6023961646653925
0.20564925792150132,0.9771839631336732,-0.053102302965786045,20.89938729075719,-0.9786253166391695,0.20539449741158136,-0.010269532877471507,-18.411493951198555,0.0008717001062317673,0.05407921114034355,0.9985362446669162,0.6070131126519043
0.1747487763104532,0.9830964469863889,-0.054628094782225814,21.079958896378727,-0.9846129192224543,0.17445420408037365,-0.010151964178676635,-19.4110085151667,-0.0004502519939867376,0.05556160156142789,0.9984551196091721,0.6118793254452094
0.14396467555785963,0.9879999064038373,-0.055949559922715456,21.23185010286572,-0.9895794124772377,0.14358596636047027,-0.010751934370726659,-20.426998194013155,-0.00258932779329118,0.056914453008076696,0.998375658081669,0.615107232136081
0.11330255067867835,0.9920754731807526,-0.054303319825181086,21.357047597354907,-0.9935441880909286,0.11281847723973104,-0.011908430849795102,-21.45909823495614,-0.005687643321484425,0.0553020325325119,0.9984534720815893,0.6168486438377981
0.08360212688830164,0.9949923084795681,-0.054782449895111274,21.45289074262007,-0.9964713544934137,0.08306241927094438,-0.012059973673407156,-22.507754334467307,-0.007449211422392568,0.05559741087527674,0.9984254738407528,0.6143097522319227
0.055901599402363555,0.9967850083441208,-0.05739913870228031,21.51481940469139,-0.9984006078481827,0.05532172368667224,-0.011643706293964464,-23.57033482341009,-0.008430844547094397,0.05795826999273358,0.998283386910963,0.6082784818785584
0.030384893740497805,0.9976361352381328,-0.06163547818819248,21.548513233430494,-0.9994946280069852,0.029749498568749085,-0.011200723657048689,-24.64771143950582,-0.00934061919839329,0.061944683568093156,0.9980358376907521,0.600556702031161
0.007396965704340171,0.9977936350773841,-0.0659788046461657,21.55501890345577,-0.9999177509005184,0.006689265112901705,-0.01094066970353189,-25.74015282495023,-0.010475176151360724,0.06605433323336816,0.9977609981827569,0.5911151954135161
-0.013322030483946663,0.997316060210901,-0.07199467365763129,21.536549301764442,-0.9998397288676146,-0.0141473737801418,-0.010966106903644954,-26.844124258157443,-0.01195520214352996,0.07183708354022494,0.9973447342640872,0.5808441847452824
-0.031223445150120696,0.9965753365852672,-0.07656914243627429,21.49601152316445,-0.9994111512126042,-0.03221872216891447,-0.011797351889198997,-27.959721061490693,-0.014223904932948618,0.07615573386368826,0.9969944073190339,0.5695287999606561
-0.04703252819150666,0.9956916267780659,-0.07991397133956732,21.438600214341157,-0.9987750025352284,-0.048107581110349115,-0.01157992989776503,-29.087765076405795,-0.015374504374869162,0.07927147164627683,0.9967344693018544,0.557027237440466
-0.061545878545736205,0.9946829770327517,-0.08257073015654508,21.365314192171596,-0.9979528583005328,-0.06276621030703244,-0.012263264270264558,-30.22086019214031,-0.01738070922345803,0.08164697781880656,0.9965097388527674,0.5439517586565448
-0.07486375438109438,0.9937384579178759,-0.08294173044218996,21.279850148225123,-0.9969993495521032,-0.07623215967592228,-0.013451671262918807,-31.36036116430868,-0.019690273430080073,0.08168583965099276,0.9964635440570154,0.5293895905565866
-0.08725478245203737,0.9927317111393327,-0.08288797634901707,21.181012010896296,-0.9959675128171759,-0.08867578909211092,-0.013612665264362249,-32.505620932989196,-0.020863880751932743,0.0813659969669647,0.9964658915441469,0.5132053460808671
-0.0988823128617789,0.9916445293987661,-0.08284579034291399,21.06645061175623,-0.9949153275639394,-0.10012064902837908,-0.010918410668383442,-33.66134631980356,-0.019121751981125902,0.0813449413851847,0.9965025818901567,0.49427974431716243
-0.1095012918199502,0.990498844586843,-0.08319555418279882,20.93668192686197,-0.9938529261952394,-0.11047489440872406,-0.0071768328828130225,-34.83391117976239,-0.016299666982421555,0.0818983073554566,0.9965073862286731,0.4739194312093241
-0.11937248493953113,0.9892865699207715,-0.08403735708860369,20.791582534829463,-0.9927440993659271,-0.12016470182499354,-0.00441424171084142,-36.02851934957372,-0.014465274409794438,0.08290068854087287,0.9964527867645238,0.4532445987163694
-0.12708713675899033,0.988346620807987,-0.08378467772062319,20.6362027659114,-0.9917938440276935,-0.12780596143212714,-0.003249513669111992,-37.246446235826326,-0.01391982334514343,0.08268418650837774,0.9964785981911161,0.4333784085583134
-0.13301496031720839,0.9876110412143706,-0.083256012597411,20.470358501086938,-0.9910173561579949,-0.13370468714051642,-0.002739241598410421,-38.487192349242996,-0.013837019176296692,0.08214382997653873,0.9965244474577234,0.4133964845657455
-0.13830754474368967,0.9868117012019503,-0.08410579248733252,20.293991876924636,-0.9903060325403724,-0.13889764217047812,-0.0011770269755628834,-39.74403126218859,-0.012843588351765488,0.08312767994970209,0.9964560869141662,0.3936679525609761
-0.14299439974453343,0.9862256958429266,-0.08313517710330377,20.10983526021439,-0.9896597782576307,-0.14343313405489744,0.0007032393418415787,-41.02560004070717,-0.01123078404827459,0.08237613231727242,0.9965380337994293,0.37376309191670537
-0.14721724276708245,0.985591865626067,-0.08328106516280726,19.915722506863656,-0.9890478748772272,-0.14758415875398243,0.0017671862479525257,-42.327039966030625,-0.010549237033721471,0.08262916522473653,0.9965245015210633,0.35596970109013726
-0.15021472858556442,0.9851465446748339,-0.08319786929660698,19.714321498982887,-0.988583938278357,-0.1506687133588792,0.0008306088792714083,-43.65324358835518,-0.011717042271330391,0.08237288451488635,0.996532641944442,0.3390516144717524
-0.152286999154489,0.9847441371947315,-0.08418828619722316,19.505040573327715,-0.9882303740839044,-0.1529644721214683,-0.0016178431229844322,-45.00207164476325,-0.014470969901147858,0.0829510691361648,0.9964485712759559,0.3197115899872008
-0.15446330316105072,0.9843868911061942,-0.08440153613061784,19.290937582534916,-0.9878742278825706,-0.15523439455950858,-0.002610287535378577,-46.36934356597593,-0.015671559501169115,0.08297496341098173,0.996428397720558,0.2977621406070405
-0.15651394704406368,0.9838745022847074,-0.0865705797565952,19.06902729684984,-0.987554412304223,-0.15726623922236183,-0.0018958943941738294,-47.75644951582699,-0.015479942471800108,0.08519650129345174,0.9962438862664242,0.2728752713448843
-0.1575706290085594,0.9837364055816359,-0.08622163978610244,18.843598983708457,-0.9873937925555776,-0.1582768653067596,-0.001373914843457968,-49.16284791867574,-0.01499846091826666,0.08491826913305689,0.9962749943153179,0.24883462847374088
-0.15817904975837474,0.9834654201954585,-0.08817664952303912,18.610929891748846,-0.987303720960116,-0.15884263952902583,-0.0005160865616175725,-50.59201452351417,-0.014513754757498828,0.08697549121209293,0.9961046892873993,0.22345004235792673
-0.15831234868955457,0.9834940688614762,-0.08761694281210915,18.377305736307356,-0.9872907741225281,-0.1589242163782852,-7.0506222746648565e-06,-52.03704725620364,-0.01393138413302313,0.08650233138250628,0.9961541650678385,0.20094077481071174
-0.15791019282307847,0.9835719936637178,-0.08746775188456835,18.140267285184162,-0.9873726429370027,-0.15840994643327394,0.0012427344028951056,-53.50473115737439,-0.012633437318361298,0.08655956005051485,0.996166539256351,0.1801023380422343
-0.15673123436867176,0.9837310309313786,-0.08779864198071397,17.900906218467018,-0.9875617868485306,-0.15722576107850195,0.0012979364681972104,-54.99611348171636,-0.01252738429281514,0.08691012287736181,0.9961373954471723,0.15943024303779216
-0.1551340428456013,0.9840497688089281,-0.0870608458410539,17.661893508630843,-0.9878014345945404,-0.15571851285600402,7.907220699959541e-05,-56.507379414347824,-0.013479174614981281,0.08601116843108922,0.996202955701604,0.1402828797704273
-0.1540701131518468,0.9841401589389637,-0.08792439415567437,17.419633123011728,-0.9879774232444317,-0.15459569980920704,0.0008409610836836867,-58.04005671106012,-0.012765100508110194,0.0869969052049286,0.9961268129610523,0.1191390740007634
-0.152952759747307,0.9843338291146659,-0.08770590805384018,17.178483085089017,-0.9881636353213263,-0.1533935956957713,0.0017316041262901093,-59.590257789767584,-0.011749040985322451,0.08693265521717283,0.9961448554430767,0.09725625640583722
-0.15205073346191034,0.9843920285758921,-0.08861746199265265,16.9333306994111,-0.988309889724239,-0.15243913357037597,0.0024072604229999173,-61.16944599161798,-0.011139083073392323,0.08794756643778451,0.9960627670322846,0.07771145533509993
-0.15100630988633926,0.9845921204953416,-0.08817829253143133,16.688427076014584,-0.9884711063787801,-0.15139107722755452,0.0023473566917896122,-62.765715578714904,-0.011038206786369747,0.08751615464006285,0.9961018871138921,0.05892208191958698
-0.14988285531556508,0.9845792449620403,-0.0902157284807571,16.439344818474265,-0.9886188123818093,-0.15044036632374083,0.0006275556530777146,-64.38158230017604,-0.012954200138118713,0.08928303686961742,0.9959220216393045,0.04028564063091586
-0.1490175428840294,0.9845668312776822,-0.09177095018625817,16.188388621911916,-0.9887232015703343,-0.14975039927126724,-0.0011139827001888163,-66.01291289486038,-0.014839521626064948,0.09057004520483478,0.9957795421552953,0.02110326762441432
-0.14828939867326615,0.9845392869178597,-0.09323475367088466,15.938734923067905,-0.9888382831780005,-0.14899112522240557,-0.0005725820238147469,-67.65368290720868,-0.014454878995070931,0.09210920451067832,0.9956439238956702,0.0002652933098242771
-0.14745711100904618,0.984466168704642,-0.0953038023927495,15.685399235960222,-0.9889910012807671,-0.147964722383513,0.0017580407349186724,-69.31138693810257,-0.012370856781037519,0.09451380821890355,0.9954466333925576,-0.01901283782794443
-0.14678792455672732,0.9846333025289422,-0.09460735191347631,15.43576782217925,-0.9890889433190798,-0.1473119854550133,0.0014597714830973903,-70.98342207502219,-0.01249945409358908,0.09378945742475432,0.9955136100117391,-0.03469184645508459
-0.14654411327990016,0.9846259340791459,-0.09506078068471083,15.182967083368306,-0.9891198823759006,-0.1471076211798242,0.0010915168953350483,-72.66955367762435,-0.012909429322834565,0.09418647204926905,0.9954708344597226,-0.05077397722009284
-0.1461645978999295,0.9847267871614982,-0.09460002777360495,14.930316822698986,-0.9891563079253037,-0.1468653435071691,-0.000449760600920981,-74.37686545115625,-0.014336357378296343,0.09350854516243254,0.9955152414070971,-0.06834765351215057
-0.1457835620948791,0.9846054615498555,-0.09643271847662246,14.672791791786993,-0.989213181062489,-0.14648239261972193,-0.00016879648257397495,-76.09586892136889,-0.014291880640318404,0.09536795140340795,0.9953394547145995,-0.08889026037467185
-0.14578357212155088,0.984540328450275,-0.09709549096343825,14.415269949228422,-0.9892144515410695,-0.14647404473193867,1.7454385998272326e-05,-77.83210693361882,-0.01420477469006287,0.09605085997933374,0.9952750168534878,-0.10845301357446477
-0.14587371354077988,0.9844929884362439,-0.09743957521712741,14.154441405473978,-0.9892144615538645,-0.14647020828539423,0.0010426045187134022,-79.58416154153569,-0.013245544648515491,0.09654074975966373,0.9952409218261729,-0.128097172717496
-0.14628030386121882,0.9844950463195418,-0.0968072019827857,13.893918467669144,-0.9891640700041077,-0.14680407088456096,0.0017285872652011553,-81.34655838248841,-0.012509907327571417,0.09601111932804784,0.9953015747457785,-0.14590989321076522
-0.14743138223992217,0.9844372483693351,-0.09564171296874499,13.629652840551694,-0.988997221007324,-0.14792062603655529,0.0019937307637803246,-83.1232396335244,-0.012184673926845557,0.09488338709049583,0.995413808276476,-0.16166959521425806
-0.14868541966373203,0.9843187962548131,-0.09491659731895966,13.36151706930342,-0.9888187347567947,-0.14909588026564427,0.0027925650288098485,-84.91393664052477,-0.011402902032791835,0.09427058209596613,0.9954812999293751,-0.1763731254994824
-0.1496286799155484,0.9842772542520946,-0.0938597717880835,13.089726406221,-0.9886699897437038,-0.1500897651534355,0.0021685486531808633,-86.72569082860763,-0.011952935940827525,0.0931208813496682,0.9955830450689827,-0.19122552350955238
-0.15055718493719003,0.9841129006425654,-0.09409737719546471,12.812055439454697,-0.9885211791972401,-0.15107318490335275,0.0016573640937294137,-88.54790262430718,-0.012584543557766243,0.09326681338358837,0.9955615698405413,-0.20836803421861494
-0.1509072136141837,0.9842936571383005,-0.09161388930335546,12.533232655978066,-0.9884589642727954,-0.15148735652170958,0.0006285405592380712,-90.38715357748362,-0.013259668915406047,0.09065143981885274,0.9957943701358917,-0.22665770534871152
-0.15240540440956507,0.9840965841415967,-0.0912497796736633,12.247096100877725,-0.988241721870113,-0.1528897544888206,0.0016997475644416724,-92.2367151040301,-0.01227843916607287,0.0904359111809516,0.995826558898384,-0.24682335961369173
-0.15514743975398212,0.9837874681369474,-0.08995248642587672,11.956808203530745,-0.9878297619046241,-0.15550978509272578,0.0030094799865918393,-94.10486277456832,-0.011027792407895918,0.0893246715458321,0.9959415248467063,-0.26629486120370094
-0.15893032385511985,0.9831119058666103,-0.09073159378029412,11.656781290471178,-0.987221946147232,-0.15932393083598664,0.0029347101571030078,-95.98471568956153,-0.011570563942807326,0.09003865043444313,0.9958710546911053,-0.2862236533059548
-0.16358157717014218,0.982549448574046,-0.08853025393701582,11.35055776107517,-0.9864553034139413,-0.1640117249259421,0.0024430086152004184,-97.87519206851066,-0.012119612329681478,0.08773078840128097,0.9960705020960829,-0.3011566843032895
-0.16832724477659844,0.9819318934034414,-0.08646290786932044,11.033729060858692,-0.9856407060503354,-0.16885139982590744,0.0012673678388190474,-99.77445912151543,-0.013354917036315962,0.08543469353262913,0.9962542446025047,-0.3156855910271562
-0.17313595757530392,0.9811969189270962,-0.08530277584438553,10.706033536351663,-0.9848202338582114,-0.17355925872709355,0.002485149768497579,-101.67737280211998,-0.012366668551256173,0.08443818519734313,0.9963519163023964,-0.33007845716502787
-0.17791543908924762,0.980314985835856,-0.0856080318398066,10.364434463765635,-0.9839782106499195,-0.17824799750703013,0.0038057254014349515,-103.59218818594293,-0.011528648282758444,0.0849135879922782,0.9963216365962765,-0.34502182170918644
-0.1826624216515271,0.9794923305719967,-0.08502485545997514,10.012177743081434,-0.9831231978356918,-0.18286191995253098,0.005502139873626444,-105.51371955742931,-0.010158501166410563,0.08459501131959787,0.9963636416040567,-0.35648991563273186
-0.1875396285450625,0.9786741348109452,-0.08382009540771083,9.649291955807277,-0.9822100986199336,-0.18768072950869064,0.006263805035335969,-107.447948044944,-0.009601193129298625,0.08350368180792274,0.9964611580537516,-0.3652193223489736
-0.19242735508722247,0.9778919280363546,-0.08184817940355077,9.276885770757898,-0.9812515127912292,-0.19266485932094526,0.005062063857186657,-109.39199476171744,-0.010819114462511317,0.08128776948647469,0.9966319144081663,-0.374893945625076
-0.19777365211363798,0.9769782047934507,-0.07999491338536083,8.894439826335809,-0.9801848631885847,-0.19802500212527613,0.004858178309873627,-111.34481414272616,-0.011094655122705022,0.07937066294450834,0.9967834542389126,-0.38628527626414205
-0.20330195775080592,0.9759061826726184,-0.07921797669221536,8.497221638318006,-0.9790384801792401,-0.2036379499151067,0.003900141521239898,-113.30629207297385,-0.012325612947419283,0.07835038048904593,0.9968497076659111,-0.39944676678826796
-0.2087802279458816,0.9747481380084181,-0.07922704920693555,8.086913869414753,-0.9778770902202487,-0.20914644406800897,0.003739753049639703,-115.2731205358079,-0.012924741234746814,0.07825514197022125,0.9968495720138892,-0.4144612320936266
-0.21432088976882271,0.9735185634041164,-0.07955039510810327,7.662070410707397,-0.9766879344486775,-0.21460379472511373,0.005076378586320799,-117.24397753180756,-0.012129870766245818,0.07878392666423287,0.9968178844939352,-0.43001880388389024
-0.22008104666609057,0.972277606201472,-0.07899715508054936,7.225958917240342,-0.9754131381946597,-0.22030180353206208,0.0060190852307448325,-119.2225921145775,-0.011550995155782322,0.07837958355609362,0.9968566501981514,-0.4452011306481731
-0.22597360014856355,0.9708833805685619,-0.07950785324501955,6.771433215351859,-0.9740569801517353,-0.22622434994465368,0.005958499633083847,-121.21300499643033,-0.01220160465032816,0.07879167417769302,0.9968164500932158,-0.45911402719078365
-0.23157232276509435,0.9696447764770503,-0.07850671371576975,6.305992331888258,-0.9727417867516862,-0.23180665075526996,0.006241301442063428,-123.20919120533235,-0.01214653004017432,0.07781212029428002,0.9968939735203629,-0.47279499763495475
-0.23674935371207348,0.9684406924679555,-0.07792576266289346,5.828648678475155,-0.9714950845108438,-0.23696896903596068,0.006550473099310484,-125.2074403344653,-0.01212224349502852,0.07725534848265844,0.9969376227480329,-0.48843289406769586
-0.24194359221065334,0.9672591187781717,-0.07663645027773913,5.338568269154,-0.9702146703587654,-0.24215469707703344,0.006667359785252095,-127.2175271382777,-0.012108807942467213,0.07596697075841352,0.9970367892876856,-0.5027241952740786
-0.2463387563714305,0.9660132413516594,-0.07833075257291909,4.831855332352073,-0.969098992242896,-0.24658025972033953,0.006726761731382416,-129.22955244526167,-0.012816675075442143,0.07756734802251947,0.9969047160917686,-0.5186399463569169
-0.25008650257298515,0.9648773789093676,-0.08042695160772702,4.3114801407121,-0.968109237568815,-0.25046888603804773,0.0054624585759492274,-131.25299395043754,-0.01487383949033333,0.07922818837863319,0.9967454886110314,-0.5368225639517373
-0.2537703046791065,0.9638154035766344,-0.08161216555417576,3.7813593670727377,-0.9671592083889249,-0.25408252631057554,0.006710426325450449,-133.27868043475016,-0.014268616641413356,0.08063489800432112,0.9966415309896804,-0.5561856827783619
-0.2568454463697333,0.9629818732397442,-0.08183144836040723,3.2418599016492045,-0.9663485206830842,-0.25713736521696284,0.007132188659889966,-135.31417003269263,-0.014173743596446393,0.08090960501512395,0.9966206115866947,-0.5754820939538877
-0.2602372636741468,0.9621413868911731,-0.08099729484679515,2.694769886566549,-0.9654362740805517,-0.2605477587663306,0.006898282485290945,-137.3559360252517,-0.014466545039841213,0.07999295509586517,0.9966904224404759,-0.5943874734697129
-0.26419002845157524,0.961176364456447,-0.07964685117123377,2.1381370723798008,-0.9643651432505346,-0.2644800903363593,0.007077099718113828,-139.41112971307354,-0.014262658914947797,0.07867838050287489,0.9967980187879331,-0.6141837336095541
-0.2687296368386195,0.9600467950802792,-0.0780680260274032,1.5732533681991352,-0.9631228067017172,-0.268945053558517,0.007940297491595737,-141.46236691368648,-0.013372951721762198,0.07732291963868121,0.9969163903971351,-0.631397893685542
-0.2731786678498544,0.9588575485037689,-0.07723749853538092,0.9948791570217613,-0.961865480419886,-0.273413620031961,0.007723340093671452,-143.525268892314,-0.01371219215975869,0.07640196759762433,0.996982787881814,-0.6490559182101636
-0.2777605512799865,0.9575278449212606,-0.07739147931070131,0.40408627323924706,-0.960549144503404,-0.2779977168551252,0.007910297208185117,-145.5949621803118,-0.013940320652814541,0.0765355171580634,0.9969693681351103,-0.6679804009028811
-0.28229332539804974,0.9562526898627536,-0.07675468469093889,-0.19726849399487434,-0.9592310300184506,-0.2824983067450923,0.00840104364199317,-147.6642508994048,-0.013649551900354849,0.07599706811224534,0.9970146321431407,-0.6860176957069019
-0.2868786016918967,0.9549259489229504,-0.07627036234220916,-0.8112247997262457,-0.9578731554758465,-0.28705382812171076,0.00889308667776724,-149.74116508150533,-0.013401456933017473,0.07560860124444012,0.9970475298136063,-0.7030932825419842
-0.29098724330432846,0.9536816115485337,-0.07627469312957809,-1.4404042731362594,-0.9566134801219861,-0.29125424049825843,0.00784745065325077,-151.83182791758347,-0.01473135091843243,0.07524893506715392,0.9970559838025856,-0.7211946349068268
-0.29521155491235396,0.9523312099835811,-0.07691124075226172,-2.07920794475487,-0.9553106440988228,-0.2954986745212009,0.007881343019309747,-153.916842343529,-0.015221515247516191,0.07580082385774162,0.9970067294335535,-0.7401184714913362
-0.299172001328173,0.9510208760628963,-0.0778165481633923,-2.7317312707880244,-0.9540772061814113,-0.29944138515695456,0.008457727956912214,-156.01150270411486,-0.01525801854066006,0.07677334429151966,0.9969317864851265,-0.7599147016535316
-0.3028533373079453,0.9498694316865015,-0.07764004999005904,-3.3936101982401263,-0.9529282954389944,-0.30304321565182163,0.00960921176164742,-158.1101057204713,-0.014400800642342724,0.07689562068908479,0.9969351529597656,-0.7800477506792782
-0.3066137894671293,0.9486708816417077,-0.07753460767917716,-4.0655079062495005,-0.9517497649882786,-0.30665109181666167,0.011720176151054685,-160.21087554147047,-0.01265747449196837,0.07738715050398179,0.9969207812837899,-0.7994852010772967
-0.31006189270050866,0.9475068047497763,-0.07805515295664955,-4.750318877748382,-0.950633312074857,-0.3100728655578864,0.012287076835362459,-162.3252296056304,-0.01256068725494703,0.07801162844241688,0.9968732582583942,-0.8169913807921355
-0.31349702929500645,0.9464147781016319,-0.07758086056977463,-5.4450085620963735,-0.9495145061067709,-0.3134486793489834,0.013116974364783188,-164.4419928662628,-0.011903519802299848,0.07777632044212184,0.9968997086439887,-0.8322549602016114
-0.31700304207351443,0.9452600964039038,-0.07741041802299609,-6.1492038898276125,-0.9483480934337303,-0.31695567569041855,0.01322386027282758,-166.56461632699222,-0.0120356829155359,0.07760405998713535,0.9969116177639317,-0.847301450789115
-0.32098144527286554,0.9439122131769441,-0.07746425085850975,-6.8639228388352205,-0.947003032039242,-0.32095724188501423,0.01310269922657531,-168.69330808141916,-0.012494912926812186,0.07756464193209767,0.9969089871578782,-0.8631241550604847
-0.32476643620103657,0.9424969955738022,-0.07890574118954306,-7.593621482445843,-0.9457033960305002,-0.32475892770760545,0.013287649734297628,-170.82737396207966,-0.0131017755408251,0.07893684494325762,0.9967934639086405,-0.878850581934925
-0.3280351231353263,0.9411748654159934,-0.08113506544599618,-8.334925560943205,-0.9445729309930926,-0.32799315226431,0.014226732884110619,-172.96533743652554,-0.01322189392666763,0.08130489639174222,0.9966015753996348,-0.8958460531566595
-0.3307366729117709,0.9401498638627642,-0.08204518394498894,-9.085058932427684,-0.9436157278829014,-0.33075819730950845,0.013725484525728153,-175.10791376084714,-0.014233094680044004,0.08195867468349255,0.9965340702212778,-0.9145895201447063
-0.33335452846884794,0.9392160925908147,-0.08214647044756151,-9.843873986412195,-0.9426800697418266,-0.33344245119683796,0.013051392688015263,-177.25888578029927,-0.015133049575700223,0.08178862064960973,0.9965347796656842,-0.9347086548123116
-0.33611811316430945,0.9383324663446638,-0.0809748186038195,-10.609465959998051,-0.941699471172984,-0.3362049364308977,0.012970241609211461,-179.41393658604412,-0.015053734304156241,0.08061351542338305,0.9966317495952057,-0.9557324555828716
-0.3392726796553004,0.9373310461464085,-0.07940081019712672,-11.384228601055117,-0.9405968058383503,-0.33920441985061406,0.014761696769124786,-181.57333804614098,-0.013096492631635388,0.07969243015043039,0.9967333995059131,-0.975628582990457
-0.3426595869777656,0.9361543723708058,-0.07873598402647235,-12.16992087405179,-0.9393856120057966,-0.34247927775855613,0.016206796665676336,-183.74051245356202,-0.011793367653356946,0.0795168972917269,0.9967637647363202,-0.9936316027484196
-0.3459726698436233,0.9351159122034062,-0.07655861939749009,-12.965999943280718,-0.9381899580928194,-0.34567875309451723,0.017482249867806193,-185.9141464388447,-0.010116759881833413,0.07787494211597666,0.9969118229381393,-1.0054762472114311
-0.3494101205293779,0.933981841313697,-0.07476983411273873,-13.771431105207068,-0.936932067556551,-0.34899811581877416,0.018934756276968806,-188.08889882202237,-0.00840981292806799,0.07667028817170471,0.997021036348151,-1.0167350369663273
-0.3531619325381192,0.9325020477824619,-0.07560845786632052,-14.588918991385734,-0.935518660355753,-0.3527697804087321,0.018928025586023432,-190.2651922180528,-0.009021951841991942,0.07741781840934844,0.99695791294685,-1.0269049870777356
-0.35664682671728387,0.9312120801720072,-0.07514685487654992,-15.42077492268147,-0.9341824684975859,-0.35635632972942966,0.017696897292714005,-192.45524569275716,-0.010299494033751648,0.07651244981011579,0.9970154564467123,-1.0357462247055371
-0.36030073356755066,0.9298053729582036,-0.07513620768053196,-16.263136684082554,-0.9327674613427094,-0.3600813968419959,0.016918492236545575,-194.6483808136527,-0.011324249574626001,0.0761803890390142,0.9970297304095453,-1.0473876753308415
-0.36419171795806116,0.9282648555502598,-0.07542392663961694,-17.115305741475332,-0.9312504281271052,-0.36398438953510115,0.01696834929112613,-196.84119665038526,-0.011702003212124324,0.07641834284931598,0.9970071074931611,-1.0602909168286476
-0.36765775025770925,0.9269842762549716,-0.07434967713804967,-17.980754293340397,-0.9298901860325752,-0.3674404810138973,0.017079471038566968,-199.04476425303113,-0.01148667609992795,0.07541647030041841,0.9970859312716056,-1.073369850191736
-0.3714438422201072,0.925574165816518,-0.0730890081431201,-18.848283856388505,-0.9283922796384989,-0.3711837898113725,0.01761542905157511,-201.23016911362672,-0.010825062210555535,0.07439844449869636,0.9971698320314787,-1.084431006221182
-0.3746857354449834,0.9242692508830062,-0.07305496359380159,-19.736469794921163,-0.9270859114031103,-0.37443383159558363,0.017632929024307617,-203.43876172197838,-0.01105668088938362,0.07433507260674302,0.997171967040566,-1.0939127805739322
-0.37752293140700915,0.9230451002084746,-0.07392046701065381,-20.62736269851668,-0.9259342785053264,-0.3772439976325006,0.01823908532592535,-205.62828283835682,-0.011050555558260266,0.07533120494084711,0.9970973290395089,-1.1020561242389784
-0.38004165040204624,0.9219042713842125,-0.07523944494652919,-21.535155911838185,-0.924896072630353,-0.3797758744580891,0.018369446107045582,-207.82679433060738,-0.011639247247645047,0.07656986382789001,0.9969962248601343,-1.1109624900798731
-0.3826826820542066,0.9207130196115846,-0.07643009477058703,-22.45081876288408,-0.9237928446186549,-0.38246998702322144,0.017983286953743082,-210.02733365131886,-0.012674769982188392,0.07748750029773759,0.9969127690774269,-1.122894456516049
-0.38521613633689417,0.9195835044639998,-0.07729604282810415,-23.37419113629487,-0.9227395890572276,-0.38497468575749727,0.01860189036062564,-212.2277952818014,-0.012651016469992617,0.07848990732928897,0.9968346220943904,-1.1360906787246097
-0.38782552637494505,0.9184816005934116,-0.077349794064536,-24.300412914847417,-0.9216568539800997,-0.3875027915469863,0.019753496795884506,-214.42374218313697,-0.011830041957806528,0.07895091554507797,0.9968083179219304,-1.1488701035156423
-0.39059114811824447,0.9173767266959683,-0.07654049422443411,-25.23691490584041,-0.9204909105082439,-0.3902571357782412,0.019895805375409897,-216.62640287472914,-0.011618532360487521,0.0782259865746834,0.9968678838964848,-1.1583245696712345
-0.3933834315194668,0.9162605246356009,-0.07560495590952193,-26.18499254947074,-0.9193118799759461,-0.3929835758824132,0.020723612708019996,-218.84094968615392,-0.010723272076788231,0.0776568995113233,0.9969224074018794,-1.1660197119983342
-0.39635351297919014,0.9150180976818665,-0.07513836334098169,-27.13028214540425,-0.9180462094403368,-0.39587075724306087,0.02185271539539795,-221.03152215745786,-0.009749436832786989,0.0776419246613426,0.9969335702222503,-1.1715746811691568
-0.3988060185392074,0.9141181697130575,-0.07308726011144276,-28.08503650736357,-0.9169897633717055,-0.39831164800766866,0.021853692968464407,-223.2319172724822,-0.00913463859335323,0.07573568376163264,0.9970860665468754,-1.1744413234491191
-0.401763858308933,0.9128197763912783,-0.07311545302546131,-29.050554774003995,-0.9157005908145718,-0.4012334871407691,0.022451686502467896,-225.43226853302738,-0.008842017218418576,0.07597217227341813,0.9970707454497014,-1.1757500889840606
-0.4042916213608393,0.911530256229639,-0.07523946886003784,-30.024729213885884,-0.9145739356094624,-0.4038082097926099,0.022212602031822102,-227.62741873290454,-0.01013485315912094,0.0777924688307952,0.9969180311534485,-1.1766085163558029
-0.4067600946552304,0.9103966389623463,-0.07565877958731768,-31.00542166809371,-0.913466761308481,-0.40634469719185506,0.021503888893014547,-229.8252702661223,-0.011166479793954565,0.07785873752654415,0.9969018918470846,-1.1802603370190612
-0.4098667391692155,0.9090482193097748,-0.07510359485084997,-31.9903939324028,-0.9120664959079954,-0.40952235362486156,0.020641951352068606,-232.01898443075206,-0.01199206284194156,0.07695996744716693,0.996961992794076,-1.1890031610137952
-0.41293109534023537,0.9077777708304304,-0.07367192448944694,-32.98118106342662,-0.9106912070150806,-0.41255616787561417,0.020950586684756505,-234.20922521113587,-0.011375327427075867,0.07574355453600531,0.9970624632158483,-1.1982937535821971
-0.4162709668669631,0.9063645761559861,-0.07226210924589528,-33.98219847515962,-0.9091664119382868,-0.41593518829347687,0.020352156781259203,-236.4025813956141,-0.011609886964911149,0.07417032378620445,0.9971779551604387,-1.2058152234212214
-0.41962687342596544,0.9048755498606454,-0.07150970017711195,-34.988608500351894,-0.9076111795038504,-0.4193644824744137,0.019373656772527243,-238.58996332937153,-0.012457881028489897,0.07303275146026526,0.9972517559003776,-1.2140427447883357
-0.423179668624893,0.9032681515084839,-0.07089217099417003,-36.00461175275413,-0.9059599789779234,-0.4229187206116487,0.019394928412145872,-240.77412255206008,-0.012462802523167752,0.07243304886849657,0.9972953892365399,-1.2225034903049656
-0.4267742172082548,0.9016265013280874,-0.0702390128302385,-37.027736640864454,-0.904265616013691,-0.4265527966964714,0.01887823918919603,-242.95192598056798,-0.012939533919191561,0.07157150386169597,0.9973515139047245,-1.2311252938001127
-0.4306852284405007,0.8998279958229525,-0.06942550140991743,-38.058030226015525,-0.9024188123039186,-0.430414919536572,0.019576846149851817,-245.12341662953799,-0.0122659785747345,0.07108236335341606,0.9973950479770713,-1.2393888247016913
-0.4347177912523109,0.8979501565058073,-0.0686007072964472,-39.09671725734321,-0.9004733886956389,-0.43450666134413324,0.018754052208584678,-247.29180882151311,-0.012967252607767496,0.0699258629092465,0.9974678525964427,-1.249596916462382
-0.4385546783659943,0.8960920376304458,-0.06847618259367627,-40.14632104395925,-0.8986085873205386,-0.4383463877867339,0.018843038903648187,-249.45233171311455,-0.013131196276459742,0.06979701458073301,0.9974747661527267,-1.259458371233505
-0.4421131447513472,0.8943194867446398,-0.06876551544488964,-41.2070282599139,-0.8968703925071579,-0.44184708721503735,0.019862185037375565,-251.61177835813143,-0.012620705902366696,0.07045512186598801,0.9974351319663829,-1.2680007217152418
-0.44573064067021306,0.8925520384621597,-0.06837437249702458,-42.27242841631469,-0.8950753748771336,-0.44547655040880496,0.019766696205757963,-253.75999296073505,-0.012816372286919432,0.07001086317835561,0.9974638910790165,-1.2781317834020518
-0.4493881499869971,0.8907983371441867,-0.06729472628939417,-43.34698876232996,-0.8932495834082154,-0.4491187280249295,0.019936693579869026,-255.91389099964064,-0.012463746510600183,0.06907032537395978,0.9975338780119252,-1.2902671497602078
-0.45299363371736645,0.8889748971769158,-0.06723443280396885,-44.43248916077873,-0.891420611516552,-0.4527463122376538,0.019749064011825204,-258.0675074640181,-0.012883709899066554,0.0688803950200166,0.9975417459550189,-1.3030485546842654
-0.4565011335457561,0.8871562747661229,-0.06753069005602967,-45.526901365522114,-0.8896340323493692,-0.45621095855875565,0.020563442757805906,-260.21794416434017,-0.012565252455815763,0.06946486909261115,0.9975051921045103,-1.3176312582745842
-0.46007421698642076,0.8852233912587042,-0.06863836964518961,-46.63492935488181,-0.8877935341353764,-0.45973415583713995,0.02161324328260897,-262.36679331088493,-0.0124228416718149,0.0708804314229264,0.9974074728235592,-1.3317204931680788
-0.46343090180691526,0.8833540626183717,-0.0701246202476081,-47.74921832661558,-0.8860562868019862,-0.46297867335776893,0.023556275023996934,-264.50917928627933,-0.011657678545960297,0.07305110597807296,0.9972600751646826,-1.3437668042702586
