'01':
  ARE: 0.0011041260185517825
  ATE: 0.03397425855742332
  STD_ARE: 0.0008198526139137024
  STD_ATE: 0.021520450813868858
  nsecs_per_frame: 0.08079010784138775
  rot_err: 4.347439491321592e-05
  tr_err: 0.01138399507214263
AVG:
  ARE: 0.0011041260185517825
  ATE: 0.03397425855742332
  STD_ARE: 0.0008198526139137024
  STD_ATE: 0.021520450813868858
  nsecs_per_frame: 0.08079010784138775
  rot_err: 4.347439491321592e-05
  tr_err: 0.01138399507214263
