0,1,2,3,4,5,6,7,8,9,10,11
1.0,0.0,0.0,0.0,0.0,1.0,0.0,0.0,0.0,0.0,1.0,0.0
0.9999982,-0.0017761481,-0.00065661035,0.56121016,0.0017751573,0.9999973,-0.0015062683,0.0024738729,0.00065928395,0.0015050999,0.9999986,0.011280461
0.99999446,-0.002730422,-0.0019160483,1.130713,0.0027267667,0.9999945,-0.001907591,0.0065680775,0.0019212463,0.0019023556,0.99999636,0.02178739
0.9999827,-0.0048410343,-0.003337168,1.6881071,0.0048335204,0.9999859,-0.0022559948,0.013369815,0.0033480418,0.0022398254,0.9999919,0.02943724
0.9999632,-0.00693034,-0.0050604963,2.2441955,0.006908191,0.9999667,-0.0043813237,0.016892709,0.0050906907,0.004346203,0.99997765,0.03962931
0.99994165,-0.008325613,-0.0068927878,2.8046803,0.008279672,0.9999437,-0.0066671036,0.021229405,0.0069479058,0.006609644,0.99995404,0.052176826
0.9999203,-0.010006176,-0.0077100643,3.3742566,0.009945672,0.99992,-0.007846246,0.03009988,0.007787956,0.0077689365,0.99993956,0.06019737
0.9999111,-0.011176338,-0.007292338,3.9540734,0.011116403,0.9999048,-0.008208518,0.03684056,0.007383383,0.008126722,0.9999398,0.070108235
0.999891,-0.012673473,-0.007604105,4.53553,0.012609312,0.99988526,-0.008427273,0.046540298,0.0077100326,0.008330468,0.9999357,0.08173149
0.99986,-0.013465656,-0.009960125,5.127573,0.013386258,0.9998787,-0.007996026,0.057520982,0.010066587,0.007861575,0.9999185,0.09622079
0.99979305,-0.014970072,-0.013791613,5.7254014,0.014880593,0.99986804,-0.0065679853,0.0718675,0.013888111,0.006361397,0.9998834,0.109074056
0.99971163,-0.016313363,-0.017632794,6.331703,0.016228264,0.99985635,-0.0049586496,0.08807509,0.017711144,0.004671069,0.9998324,0.11963333
0.99969506,-0.017135555,-0.017790128,6.9560003,0.017081615,0.9998494,-0.0031797276,0.105589375,0.017841926,0.002874873,0.99983686,0.13370597
0.9997602,-0.018620668,-0.01153889,7.600661,0.018610636,0.9998267,-0.0009764191,0.1237337,0.011555066,0.0007614391,0.9999332,0.14087628
0.9998167,-0.019118564,-0.0011222716,8.258424,0.019118406,0.9998176,-0.00015358994,0.13266839,0.0011250015,0.00013210624,0.9999996,0.15503827
0.99977714,-0.020331947,0.0057051852,8.931852,0.020327944,0.99979347,0.00075866404,0.15712762,-0.005719432,-0.0006425195,0.99998367,0.1689817
0.99975514,-0.021496685,0.005277516,9.609814,0.021483505,0.99976635,0.0025418154,0.17858176,-0.005330923,-0.0024278122,0.99998313,0.18288288
0.9997611,-0.021769196,-0.0020367668,10.299837,0.02177982,0.9997488,0.0053466847,0.19905993,0.0019198611,-0.005389766,0.9999839,0.18413176
0.9996993,-0.023160877,-0.008081518,11.011262,0.023205202,0.99971634,0.005434218,0.22310604,0.007953361,-0.0056201145,0.99995285,0.18365915
0.99968946,-0.023928268,-0.0069911,11.739308,0.023953501,0.99970716,0.0035473143,0.2408086,0.006904168,-0.003713672,0.99996954,0.18808453
0.99968594,-0.024972226,0.0021794452,12.501016,0.024967518,0.9996863,0.0021648975,0.26093063,-0.002232824,-0.002109801,0.9999955,0.19464746
0.99964005,-0.02497774,0.009813031,13.272915,0.024967086,0.9996879,0.0012076666,0.28444302,-0.009840132,-0.00096222805,0.9999514,0.1958653
0.9995861,-0.025945568,0.012449581,14.062431,0.025940381,0.9996637,0.00057894224,0.30840445,-0.012460413,-0.00025575474,0.99992263,0.19849597
0.9995915,-0.025977565,0.011937929,14.864727,0.025994102,0.99966174,-0.0012310649,0.32726812,-0.0119019095,0.001540878,0.9999283,0.19967721
0.99963456,-0.025312427,0.0095193265,15.682114,0.025327712,0.9996785,-0.0014872574,0.34755835,-0.009478619,0.0017278168,0.9999539,0.19965082
0.9996696,-0.025058854,0.0057769883,16.513369,0.025055584,0.9996863,0.0006399463,0.37457415,-0.0057912134,-0.00049498805,0.99998343,0.18691802
0.99972063,-0.023646297,0.00039032174,17.365734,0.023647048,0.9997188,-0.0020074055,0.39230442,-0.00034274714,0.0020160745,0.9999983,0.19246656
0.9997069,-0.023519738,-0.0057919724,18.236364,0.02349214,0.999713,-0.0047900183,0.41334578,0.0059029637,0.004652547,0.99997216,0.20072436
0.99970114,-0.02183386,-0.0110290805,19.131016,0.021792296,0.9997555,-0.003876029,0.43824726,0.011111003,0.0036345206,0.9999321,0.21216144
0.9996784,-0.022101434,-0.012466627,20.030098,0.022076972,0.9997546,-0.0020976975,0.46458828,0.012509918,0.001821797,0.99992055,0.21835795
0.99968255,-0.022261355,-0.011832643,20.951935,0.022233441,0.99975026,-0.0024868397,0.48665178,0.011885038,0.0022229692,0.9999274,0.23675606
0.9996755,-0.02206038,-0.012770882,21.895992,0.022041317,0.99975634,-0.0016329316,0.5124287,0.012803781,0.0013509147,0.9999177,0.2564792
0.9996452,-0.02201515,-0.015023563,22.839249,0.022041962,0.9997564,0.0016201562,0.5446398,0.01498422,-0.0019507287,0.99988645,0.2777137
0.9996315,-0.021881728,-0.016089903,23.809397,0.021972595,0.9997442,0.0054914216,0.5766154,0.015965609,-0.005842932,0.9998561,0.2962975
0.9996223,-0.022298472,-0.016092584,24.777058,0.022411862,0.99972564,0.0068993997,0.60650873,0.015934309,-0.007257454,0.99984735,0.32087928
0.99962497,-0.022141377,-0.01614177,25.765238,0.022265106,0.99972445,0.0075251213,0.63294685,0.015970692,-0.007881693,0.9998421,0.34551415
0.9996173,-0.02257324,-0.016017424,26.749743,0.022702683,0.99971133,0.007944993,0.6600424,0.015833443,-0.008305586,0.9998409,0.37158144
0.999623,-0.02292733,-0.015129866,27.744051,0.0230611,0.9996966,0.008725924,0.6892984,0.0149252005,-0.009071543,0.9998482,0.3985783
0.9996468,-0.023042336,-0.013272592,28.751041,0.023167228,0.9996887,0.009332929,0.7157412,0.013053394,-0.009637117,0.99986905,0.42328805
0.99964684,-0.02367682,-0.012097249,29.76201,0.023796368,0.99966913,0.009834276,0.7442655,0.011860389,-0.010118669,0.9998791,0.44484055
0.99964315,-0.023456398,-0.012813824,30.781155,0.023586098,0.9996719,0.010064918,0.77170014,0.012573519,-0.01036355,0.999868,0.4753335
0.9996151,-0.024162978,-0.013666853,31.802921,0.024322353,0.9996374,0.011616627,0.80844367,0.0133811915,-0.011944559,0.9998399,0.49797308
0.99961585,-0.024457248,-0.013070311,32.834145,0.024601046,0.999638,0.010955339,0.8356934,0.012797629,-0.01127267,0.9998553,0.517466
0.9996435,-0.024640111,-0.010325849,33.888535,0.024747103,0.9996407,0.010363246,0.86338127,0.010066775,-0.010615082,0.9998937,0.54502565
0.9996535,-0.025423527,-0.0068855323,34.9415,0.025494296,0.9996217,0.010389819,0.89146554,0.0066187703,-0.010561757,0.99992305,0.5642887
0.9996598,-0.02573066,-0.004381102,35.998035,0.025774194,0.9996166,0.010183154,0.9218168,0.0041173925,-0.010292605,0.99993926,0.58555126
0.99963796,-0.026631534,-0.0039375313,37.06763,0.026670268,0.9995937,0.010128773,0.9546487,0.0036661762,-0.0102301175,0.99994165,0.6029242
0.9996339,-0.026568163,-0.005197212,38.140625,0.026619863,0.9995949,0.010139586,0.98958135,0.004925706,-0.010274219,0.9999358,0.62044334
0.9996063,-0.027501715,-0.0056363596,39.21194,0.027561724,0.9995619,0.010856148,1.0233264,0.0053353165,-0.011007218,0.999926,0.63706934
0.9995873,-0.028349496,-0.0047329115,40.29442,0.02839775,0.99954283,0.010454172,1.0576899,0.0044343662,-0.0105842585,0.999935,0.6542538
0.9995868,-0.028633509,-0.0026564188,41.37356,0.028659385,0.99953735,0.010265205,1.0931548,0.0023612503,-0.010337092,0.9999446,0.6747606
0.9995535,-0.029892825,-0.00023955521,42.447575,0.02989376,0.9995049,0.009897142,1.1312125,-5.642644e-05,-0.009899881,0.99995184,0.6916867
0.99955285,-0.02991359,-0.00018208704,43.52442,0.029913826,0.999494,0.010887072,1.1698248,-0.00014368597,-0.010887648,0.9999416,0.7087452
0.9995274,-0.030530265,-0.0036855333,44.595898,0.030574838,0.9994526,0.012705085,1.207601,0.0032956155,-0.012811762,0.99991333,0.7306062
0.99950635,-0.030438993,-0.007824969,45.67172,0.030552886,0.9994234,0.014869149,1.2473499,0.0073678424,-0.015100881,0.9998597,0.75132054
0.99949443,-0.03069085,-0.00834909,46.74384,0.030820394,0.9994001,0.015853502,1.2869793,0.00785751,-0.016102806,0.9998404,0.7700089
0.999513,-0.030671017,-0.0058206622,47.833733,0.030755898,0.9994138,0.0150962025,1.3247054,0.005354221,-0.015267868,0.99987,0.7931091
0.99953747,-0.030160617,-0.0039881025,48.912457,0.030220198,0.9994188,0.01582692,1.3622928,0.0035084225,-0.015940119,0.9998677,0.8101759
0.9995344,-0.0304164,-0.0025766531,49.998543,0.030449823,0.9994377,0.014102548,1.3996867,0.0021462436,-0.014174439,0.99989814,0.8319499
0.99955386,-0.02971199,-0.0031849702,51.077232,0.029756093,0.9994482,0.014824082,1.4368556,0.002742747,-0.014912238,0.999886,0.8476788
0.99955475,-0.029472481,-0.0047515715,52.154346,0.029536698,0.9994658,0.014058583,1.4705868,0.0043346784,-0.014192667,0.99989086,0.871591
0.9995406,-0.029435162,-0.007272355,53.22978,0.02953867,0.9994586,0.014557624,1.5100408,0.0068398975,-0.01476575,0.9998685,0.8865695
0.99954206,-0.028751532,-0.009475277,54.314247,0.028877208,0.9994941,0.013402152,1.5442656,0.009085136,-0.013669631,0.9998662,0.9136128
0.9994978,-0.02909815,-0.012581564,55.381912,0.029247632,0.9995028,0.011863012,1.5780747,0.012230098,-0.012225032,0.9998514,0.93917495
0.9994945,-0.02841981,-0.014278847,56.46545,0.028573692,0.9995355,0.010689165,1.612251,0.013968411,-0.0110917585,0.9998418,0.97015065
0.9995196,-0.028480686,-0.012258538,57.541763,0.028599804,0.99954534,0.009651884,1.6454198,0.0119780535,-0.009997836,0.9998792,0.99899405
0.99958545,-0.028044583,-0.0065792142,58.63554,0.02809585,0.99957556,0.0078295935,1.6749796,0.006356828,-0.008011194,0.9999486,1.0242977
0.99960023,-0.028279202,-0.0007762589,59.722652,0.028283574,0.99958104,0.0063167163,1.7083867,0.000597289,-0.0063361446,0.9999807,1.0440543
0.99961007,-0.027935898,0.000570759,60.80733,0.027932923,0.99959975,0.0047193794,1.7396784,-0.00070238294,-0.0047015953,0.9999897,1.0653212
0.999622,-0.027415315,-0.0023295386,61.896374,0.027419712,0.9996234,0.001866272,1.7703193,0.0022774825,-0.0019294426,0.9999966,1.0813249
0.9996002,-0.027743189,-0.0055756583,62.9731,0.027746152,0.999616,0.00044983847,1.8033415,0.0055610216,-0.0006043633,0.99998546,1.0991448
0.99957997,-0.027449831,-0.009361017,64.061035,0.027473178,0.99962085,0.0023717617,1.8369136,0.009292344,-0.0026279427,0.99995446,1.1187696
0.9995225,-0.027794521,-0.013544775,65.14188,0.027833778,0.99961,0.0027164165,1.8706033,0.013463968,-0.0030921218,0.99990565,1.1472496
0.9995305,-0.02695352,-0.014615957,66.23257,0.027037183,0.99962014,0.0055550905,1.9062645,0.014460652,-0.005947654,0.9998788,1.1718352
0.99959767,-0.02596768,-0.011474403,67.33054,0.026070721,0.9996215,0.008921204,1.9465115,0.011238376,-0.009216756,0.9998955,1.1944296
0.99961984,-0.026042609,-0.009131996,68.42021,0.026138078,0.9996045,0.01049252,1.9805002,0.008855112,-0.010727219,0.9999044,1.2255131
0.9996311,-0.025859399,-0.008394559,69.51319,0.025945362,0.9996116,0.010294641,2.0146651,0.008125066,-0.010508638,0.999913,1.2504966
0.99963105,-0.026122116,-0.00754501,70.601944,0.026190424,0.9996169,0.009097267,2.04417,0.0073044607,-0.009291515,0.9999314,1.274132
0.9996432,-0.026005771,-0.00622442,71.694046,0.02605645,0.9996282,0.008199614,2.0766163,0.00600885,-0.008358872,0.99994826,1.297326
0.9996358,-0.026695758,-0.004149956,72.78263,0.0267225,0.99962294,0.0065209754,2.1072962,0.0039742924,-0.006629495,0.99997145,1.3206218
0.9996255,-0.027292656,-0.002379718,73.870636,0.02730489,0.99961466,0.005256703,2.1409593,0.0022353167,-0.0053197104,0.99998474,1.3414184
0.99961346,-0.027632425,-0.003319282,74.953705,0.027647208,0.999609,0.004484844,2.1715188,0.0031940418,-0.004574878,0.9999858,1.363863
0.9995752,-0.02832775,-0.0069723697,76.027916,0.028362058,0.9995872,0.004867702,2.2045145,0.0068315826,-0.005063383,0.99996525,1.3882735
0.9995528,-0.028562978,-0.008947525,77.10255,0.028614946,0.99957544,0.005731783,2.2433014,0.0087799905,-0.0059852498,0.999945,1.4125389
0.99954075,-0.029344006,-0.0076790666,78.18024,0.029397698,0.99954486,0.006971364,2.2806163,0.007470986,-0.0071939053,0.99994767,1.4335694
0.9995427,-0.030044533,-0.0036544001,79.25353,0.030073177,0.99951667,0.008045122,2.3176212,0.0034109072,-0.0081513375,0.9999624,1.4595714
0.9995383,-0.030410454,0.00035544022,80.31859,0.030405847,0.9994955,0.009326823,2.3587434,-0.00063890585,-0.009311703,0.9999579,1.4771162
0.99951434,-0.031167677,0.0011759471,81.39008,0.031154012,0.9994632,0.010269353,2.3971956,-0.0014953992,-0.010227723,0.9999481,1.4961257
0.99950874,-0.031361163,-0.0007229085,82.45024,0.031367157,0.9994514,0.01076135,2.4383564,0.00038501061,-0.010778732,0.9999433,1.5134407
0.99947846,-0.032279026,-0.0016153322,83.50209,0.03229448,0.9994229,0.010662637,2.475118,0.0012702069,-0.0107092345,0.9999433,1.5312114
0.99947345,-0.0324269,-0.0017369989,84.549545,0.032443047,0.99942267,0.010231198,2.5132565,0.0014042162,-0.010282157,0.99994767,1.5483887
0.9994414,-0.03341559,-0.0014572027,85.57522,0.033427577,0.99940073,0.00914762,2.5522208,0.0011506426,-0.009191214,0.99995863,1.5712808
0.9994205,-0.034065302,0.00011885223,86.590324,0.034063186,0.99938697,0.008268593,2.5894275,-0.00040046376,-0.008259747,0.9999674,1.5918974
0.99940854,-0.034311604,0.0026748125,87.58602,0.034290332,0.9993842,0.0076406603,2.630141,-0.0029353385,-0.0075444165,0.9999688,1.6088339
0.9993658,-0.035420537,0.003902797,88.57359,0.035393547,0.9993519,0.006788261,2.6676304,-0.0041407202,-0.0066458187,0.9999709,1.6290538
0.99930096,-0.03717622,0.004173842,89.532364,0.037152186,0.9992949,0.0057024956,2.706261,-0.0043829046,-0.005543439,0.99997663,1.6449704
0.99916583,-0.04071705,0.0034244154,90.46196,0.04070014,0.99916106,0.0048789373,2.7502244,-0.0036202075,-0.0047354912,0.99998385,1.6648061
0.999028,-0.044027533,0.002552615,91.36708,0.044014942,0.9990209,0.0048068576,2.7909691,-0.00276176,-0.00468983,0.9999868,1.6787391
0.9988992,-0.046855032,0.0026385186,92.25128,0.046842676,0.9988934,0.0045767305,2.8366904,-0.002850052,-0.0044480953,0.99998766,1.6955997
0.99872446,-0.050372712,0.0037486292,93.11592,0.050352484,0.9987189,0.005317741,2.8857162,-0.0040117055,-0.0051222034,0.99998045,1.7104626
0.99858797,-0.052930392,0.0047359727,93.950935,0.05290019,0.9985815,0.006297757,2.9347377,-0.0050626057,-0.0060383277,0.99997056,1.7250453
0.9984007,-0.056203675,0.006253381,94.76741,0.056159586,0.9983987,0.0070224013,2.9865494,-0.0066380585,-0.00665998,0.99995744,1.7399112
0.9982479,-0.05876886,0.0070086545,95.55709,0.05870703,0.9982387,0.008730145,3.0412009,-0.007509376,-0.008303388,0.99993896,1.751846
0.99807745,-0.061561815,0.007306795,96.31761,0.06148413,0.9980552,0.010425368,3.0947416,-0.007934394,-0.009956067,0.99992067,1.7642596
0.99791527,-0.064252466,0.006218676,97.046265,0.06417562,0.99786973,0.011862547,3.1480181,-0.0069676316,-0.011438723,0.999912,1.7777424
0.9977779,-0.06659377,0.0025558393,97.7428,0.06655252,0.99768907,0.013798089,3.1994262,-0.0034688078,-0.013597321,0.99990326,1.7935462
0.9976086,-0.069116354,-0.0014016916,98.4057,0.06912998,0.9974819,0.015935829,3.2563133,0.0002967248,-0.015994607,0.9998738,1.8045977
0.99746555,-0.07103747,-0.004260149,99.03603,0.071103096,0.9973084,0.017983187,3.3104784,0.002971189,-0.018240508,0.9998311,1.8160735
0.99739206,-0.07199275,-0.0052980077,99.64445,0.072083935,0.9972055,0.019699967,3.3622293,0.0038649344,-0.02003048,0.9997937,1.8306905
0.99744487,-0.071266286,-0.005176498,100.23164,0.07136341,0.9972106,0.021938153,3.4103186,0.003598595,-0.0222515,0.99974775,1.8459
0.99766415,-0.06821864,-0.0037787918,100.79225,0.06829339,0.99733746,0.025632435,3.4559076,0.0020201085,-0.025830617,0.9996661,1.8598709
0.99800575,-0.06309609,-0.002309778,101.32654,0.06313635,0.9976002,0.028474377,3.4960144,0.000507602,-0.02856341,0.9995936,1.8731549
0.9984563,-0.05555997,-0.00019286394,101.8442,0.055541694,0.9980259,0.029370243,3.529371,-0.0014393363,-0.029335601,0.9995703,1.8855605
0.9989295,-0.046203878,0.0026303476,102.333015,0.046107095,0.99850726,0.029335847,3.5494316,-0.003981858,-0.029183151,0.99956787,1.8951894
0.9994,-0.0343851,0.0043703974,102.80426,0.034245685,0.9990017,0.02874357,3.5628037,-0.00535439,-0.028576644,0.999579,1.9059618
0.99976313,-0.021235514,0.004958684,103.25791,0.021088392,0.9993859,0.028043948,3.5691319,-0.005551171,-0.02793272,0.9995961,1.9148751
0.99997234,-0.0059282584,0.004690278,103.69135,0.005797242,0.99960756,0.027468031,3.5683274,-0.00485128,-0.027440067,0.99961334,1.9228758
0.9999267,0.011942444,0.002432453,104.10864,-0.012002736,0.9995789,0.026485212,3.5575097,-0.0021151376,-0.026512451,0.999648,1.9348582
0.9994481,0.03321612,-0.0014511567,104.51556,-0.03316747,0.99911577,0.025906835,3.5361733,0.0023103866,-0.02584439,0.9996651,1.9415666
0.9983142,0.057799786,-0.0054764915,104.92874,-0.05765067,0.99804246,0.024317073,3.503608,0.0068712765,-0.02396034,0.99969107,1.9518234
0.9963725,0.08476283,-0.007683961,105.31625,-0.0845752,0.99617314,0.022130948,3.454449,0.009530419,-0.021400783,0.99972737,1.960059
0.9933587,0.11474825,-0.008565208,105.7105,-0.11456556,0.9932275,0.019430336,3.397266,0.010736777,-0.018320005,0.9997763,1.9676483
0.9890903,0.14697246,-0.010072796,106.07835,-0.14678872,0.9890227,0.017056795,3.3246498,0.012469081,-0.015392133,0.99980557,1.9769626
0.9831169,0.18263727,-0.011263411,106.459435,-0.18246195,0.98309994,0.015030669,3.2397318,0.013818196,-0.012721758,0.9998254,1.987977
0.97527105,0.22069287,-0.01196149,106.81039,-0.22055894,0.97530675,0.011582879,3.1325822,0.014222359,-0.008658236,0.9998632,1.9992211
0.9653188,0.2607699,-0.0126770325,107.17608,-0.26066718,0.96538657,0.009218952,3.0167077,0.0146422405,-0.0055947467,0.999879,2.0145016
0.9532569,0.3018819,-0.013064935,107.50214,-0.3017721,0.9533321,0.009752865,2.8902454,0.015399412,-0.0053543593,0.999869,2.0285504
0.9381503,0.34600618,-0.012483349,107.836876,-0.34586948,0.9382091,0.011904736,2.7529256,0.01583108,-0.006850827,0.99985313,2.0325603
0.9204091,0.3908101,-0.010803356,108.17694,-0.39069408,0.9204517,0.01142703,2.5900707,0.014409742,-0.006296741,0.99987835,2.0456984
0.90056527,0.4346228,-0.009348395,108.466324,-0.4345218,0.9005949,0.011111274,2.4209328,0.013248309,-0.0059443526,0.99989665,2.049693
0.87755066,0.47938317,-0.009939216,108.78056,-0.47929853,0.8775992,0.009815882,2.2238839,0.013428195,-0.0038500903,0.9999045,2.0632951
0.85269696,0.52228117,-0.011509898,109.04511,-0.52219194,0.8527715,0.01000095,2.0332055,0.0150386,-0.0025174124,0.9998858,2.076879
0.8252128,0.5646577,-0.01370077,109.33283,-0.5645445,0.8253253,0.0114585515,1.8143084,0.017777728,-0.0017210585,0.9998425,2.0897734
0.7950361,0.6063717,-0.0152653875,109.58051,-0.60617656,0.7951765,0.015745675,1.5974655,0.021686383,-0.0032648696,0.9997615,2.100366
0.7613106,0.64821744,-0.014908349,109.85095,-0.64789385,0.761427,0.021589255,1.352323,0.02534612,-0.0067771096,0.9996578,2.1132057
0.72456783,0.6890695,-0.013663923,110.081566,-0.6886285,0.7246306,0.026552713,1.1065642,0.028197927,-0.009829884,0.99955606,2.112161
0.68562496,0.72782195,-0.013987428,110.31305,-0.7273744,0.68571895,0.026830018,0.8270234,0.029118884,-0.008221246,0.99954426,2.1235113
0.64452374,0.76445687,-0.014028002,110.53321,-0.76411486,0.6446627,0.023288324,0.52459514,0.026846219,-0.004290892,0.9996325,2.1461704
0.6010697,0.7991055,-0.012150735,110.7246,-0.7988266,0.6011848,0.02137299,0.23079479,0.024384085,-0.0031403461,0.9996999,2.148348
0.5548123,0.8319212,-0.00961599,110.9311,-0.83170414,0.55488974,0.019220116,-0.11179116,0.02132541,-0.002665917,0.9997712,2.1654286
0.5074711,0.8616348,-0.007785452,111.08717,-0.861475,0.5075281,0.016728178,-0.4273517,0.018364891,-0.0017821151,0.9998319,2.165645
0.4566621,0.8896154,-0.0067955926,111.251976,-0.8895425,0.4567124,0.011479111,-0.8015417,0.013315605,0.00080287014,0.9999132,2.1956937
0.40580708,0.91395396,-0.0032892136,111.37896,-0.9138842,0.40581745,0.011476427,-1.1503961,0.011823728,-0.0016512775,0.9999309,2.1985514
0.354865,0.9349185,-0.00018737838,111.50413,-0.93480635,0.35482556,0.015480182,-1.5165596,0.0145391775,-0.0053182323,0.9998823,2.2107198
0.3041249,0.95263183,0.001530701,111.61796,-0.9524413,0.30403095,0.020601248,-1.9193677,0.019160006,-0.0077232732,0.99978876,2.217496
0.25740448,0.96630454,0.00034670468,111.70246,-0.9660644,0.25733244,0.02243314,-2.3062725,0.021588005,-0.0061093485,0.99975044,2.2209873
0.2152081,0.97655296,-0.0056099333,111.77812,-0.97631174,0.21527995,0.021762514,-2.732481,0.022459934,0.00079355156,0.9997496,2.2360663
0.18016836,0.98355556,-0.012627927,111.8231,-0.98336995,0.18040417,0.021016225,-3.1530833,0.022948736,0.008631436,0.9997016,2.2502072
0.14886828,0.9887353,-0.015568811,111.88062,-0.98857147,0.14918633,0.021766301,-3.603278,0.023843747,0.012150539,0.9996441,2.2652593
0.12118514,0.99254966,-0.012693989,111.92726,-0.9923995,0.12142369,0.020086162,-4.059983,0.021477848,0.010163333,0.9997199,2.2788746
0.09596427,0.9953675,-0.006006942,111.97744,-0.99523693,0.096052885,0.016770393,-4.543981,0.017269675,0.0043689436,0.9998436,2.2811706
0.0715467,0.99743783,-0.00066309096,112.0196,-0.9973532,0.07154933,0.01308582,-5.0483284,0.013099725,-0.00027493853,0.99991643,2.286362
0.049212433,0.9987823,-0.0037111267,112.03629,-0.99873686,0.04924795,0.010157609,-5.565381,0.010327997,0.0032065292,0.9999438,2.303319
0.028627744,0.99953645,-0.010435019,112.0326,-0.99953717,0.028734012,0.010176057,-6.098522,0.010471172,0.010138839,0.99989605,2.32027
0.011010541,0.99981177,-0.016025765,112.028564,-0.9998639,0.011207623,0.012258912,-6.6613684,0.012436207,0.015888572,0.99979866,2.3379257
-0.0036734138,0.9998617,-0.016268479,112.023445,-0.999845,-0.00339045,0.01738633,-7.2239857,0.017328758,0.016329786,0.9997188,2.342943
-0.015023307,0.9998066,-0.012756769,112.02144,-0.9996444,-0.0147362,0.022309855,-7.8289614,0.02211754,0.013087363,0.999672,2.3415933
-0.021043744,0.9996751,-0.0144403195,112.00527,-0.999535,-0.020716334,0.02246086,-8.441221,0.022154396,0.014906227,0.9996457,2.3503127
-0.02407207,0.9994956,-0.020753084,111.97883,-0.999543,-0.023680983,0.01888961,-9.081254,0.018388616,0.02119827,0.99960846,2.3764737
-0.023923837,0.99946016,-0.022553952,111.963196,-0.9995782,-0.023540262,0.01712243,-9.73036,0.016582249,0.02295403,0.9996013,2.3892756
-0.02189134,0.99951977,-0.021969663,111.9532,-0.99963033,-0.02152608,0.01672716,-10.402589,0.016246196,0.02232768,0.99962103,2.4099782
-0.020410309,0.9996262,-0.018235078,111.94539,-0.99964935,-0.020094028,0.017363045,-11.096605,0.016990127,0.01858303,0.99968535,2.4154267
-0.01918171,0.9996722,-0.01700902,111.939316,-0.9996567,-0.018870171,0.018291397,-11.808964,0.017964425,0.017353998,0.9996904,2.435673
-0.018050503,0.9997024,-0.016464911,111.92739,-0.999663,-0.017735813,0.019062731,-12.528323,0.018765025,0.016803414,0.9996851,2.4526913
-0.017438177,0.9997131,-0.016473379,111.920265,-0.9996801,-0.017129144,0.018717952,-13.273207,0.018430395,0.016794475,0.9996915,2.4719906
-0.016635487,0.9997402,-0.015642215,111.912476,-0.9997111,-0.01635761,0.017727675,-14.034123,0.017467186,0.015932564,0.9997229,2.4878378
-0.01622811,0.9997381,-0.016196823,111.902466,-0.9997427,-0.015965031,0.016241737,-14.812246,0.015978888,0.016456187,0.9997393,2.5088685
-0.016437303,0.9997211,-0.01701579,111.89033,-0.99977326,-0.01620039,0.013968505,-15.593017,0.013688937,0.017241497,0.99976003,2.5299208
-0.017482894,0.9997294,-0.015413579,111.880196,-0.9997733,-0.017289411,0.012597829,-16.383678,0.012327919,0.015630292,0.99980426,2.5478935
-0.01878398,0.99973774,-0.0131837,111.8717,-0.9997605,-0.018630423,0.011675266,-17.177898,0.011426576,0.013399811,0.9998474,2.5608451
-0.01964801,0.99969,-0.015364345,111.85526,-0.9997703,-0.019509317,0.009125441,-17.979637,0.0088228565,0.015540071,0.9998429,2.579259
-0.020913033,0.9996408,-0.01682461,111.838684,-0.9997606,-0.020795528,0.0071291765,-18.787437,0.006776733,0.016969632,0.99983567,2.600472
-0.022165338,0.99964005,-0.015189497,111.82586,-0.99973744,-0.022068176,0.006534989,-19.603207,0.006197426,0.0153303165,0.9998659,2.61274
-0.023510307,0.9996479,-0.01239327,111.815575,-0.9996722,-0.023378732,0.010657323,-20.42046,0.010363822,0.012639725,0.99986905,2.6280892
-0.024388699,0.99962366,-0.012649238,111.79936,-0.9995902,-0.024192339,0.015451524,-21.254564,0.015139681,0.013020857,0.9998033,2.644311
-0.025610939,0.9995889,-0.012978352,111.783356,-0.99953485,-0.025388347,0.017035754,-22.099129,0.016699236,0.013408576,0.9997734,2.6687164
-0.027060509,0.999596,-0.008831071,111.769615,-0.99952835,-0.02692683,0.014921989,-22.945717,0.014678152,0.009230666,0.9998524,2.686475
-0.027715938,0.99959284,-0.0069562984,111.754456,-0.99956185,-0.027639868,0.010805215,-23.792727,0.010608532,0.0072526922,0.9999202,2.7073102
-0.028315732,0.9995852,-0.005485924,111.73558,-0.9995855,-0.028283967,0.0057867644,-24.650286,0.005629192,0.005647473,0.999971,2.729823
-0.028141107,0.99960214,-0.002490616,111.72109,-0.9996063,-0.028140422,0.0003156683,-25.496386,0.00024545193,0.0024984875,0.99999964,2.7434952
-0.028030813,0.99960834,5.199923e-05,111.703285,-0.999609,-0.02803076,-0.0010119306,-26.345,-0.0010100795,-8.0372905e-05,1.0000023,2.7513433
-0.027824586,0.999612,-0.002073598,111.683205,-0.9996018,-0.027813356,0.0052686916,-27.169916,0.005208965,0.0022193403,0.99998677,2.7770724
-0.026659818,0.9996369,-0.004227285,111.66401,-0.9995209,-0.026589055,0.01599825,-27.99144,0.015880022,0.0046517365,0.9998659,2.7969942
-0.026708975,0.999629,-0.00557044,111.6461,-0.99942577,-0.0265858,0.021126486,-28.822792,0.020970529,0.006131473,0.9997642,2.818485
-0.025142068,0.99965966,-0.0071374793,111.62526,-0.99955297,-0.02502144,0.016516563,-29.656666,0.016332332,0.007549512,0.99984103,2.8355367
-0.024155304,0.9996515,-0.010765709,111.605675,-0.999674,-0.024060754,0.008828304,-30.48728,0.008566182,0.01097541,0.999906,2.8607514
-0.023977235,0.9996378,-0.01232806,111.58848,-0.99970025,-0.023908,0.005733991,-31.313066,0.005437163,0.012461809,0.99991053,2.8852835
-0.023822175,0.999654,-0.011269651,111.57323,-0.9997029,-0.023756683,0.0059110764,-32.133232,0.00564129,0.011407077,0.99992204,2.903457
-0.025111377,0.9996518,-0.0082606785,111.56046,-0.9996663,-0.02505651,0.0066811247,-32.94768,0.0064718025,0.008425657,0.99994653,2.9217124
-0.026545525,0.99963003,-0.0061387136,111.54511,-0.99962723,-0.026502848,0.0069341166,-33.765774,0.0067688455,0.0063204607,0.9999601,2.9391844
-0.028847992,0.99957,-0.005503348,111.526505,-0.999564,-0.028810069,0.0068529435,-34.5812,0.0066914326,0.0056986087,0.9999644,2.9577842
-0.030605784,0.99952173,-0.0047180876,111.50813,-0.9995084,-0.030570827,0.007314809,-35.38813,0.0071670623,0.0049396106,0.9999652,2.9789765
-0.032816947,0.99945825,-0.00299057,111.48686,-0.99943626,-0.03279366,0.0075349165,-36.191998,0.0074327495,0.0032361257,0.9999702,2.9941258
-0.035314552,0.99937594,-0.0018452038,111.46553,-0.99935627,-0.03530131,0.0067854603,-36.99383,0.006716075,0.0020836112,0.99997836,3.010127
-0.037011057,0.999315,-0.0015777405,111.44222,-0.9993026,-0.0370019,0.0054970863,-37.788044,0.00543493,0.0017800634,0.9999867,3.0335486
-0.03951217,0.9992191,-0.0016950959,111.41597,-0.99920595,-0.03950201,0.0056713703,-38.578213,0.0055999705,0.0019178081,0.9999856,3.049617
-0.040911224,0.99916345,-0.0012840873,111.388824,-0.99914545,-0.04090229,0.0063652038,-39.36505,0.006307345,0.0015433687,0.999982,3.0685697
-0.042497724,0.9990966,-0.0017286551,111.35714,-0.99907815,-0.042485565,0.0065642227,-40.144844,0.0064848377,0.002005996,0.99998003,3.0833657
-0.04329976,0.9990592,-0.0029927623,111.32393,-0.9990506,-0.043283023,0.0054576476,-40.9241,0.0053229667,0.0032262043,0.9999837,3.104637
-0.044980455,0.998983,-0.0035757027,111.29415,-0.99898,-0.04496325,0.0047623706,-41.697426,0.0045967423,0.003786237,0.9999854,3.1211178
-0.046659283,0.99890745,-0.0031405762,111.26461,-0.9989048,-0.046645533,0.0043257857,-42.46271,0.0041745566,0.0033389432,0.99998885,3.140051
-0.047349595,0.99887884,-0.0014845519,111.23305,-0.9988756,-0.04734439,0.0033787377,-43.209923,0.0033046561,0.0016428346,0.99999636,3.1549604
-0.048504222,0.9988242,-0.00085624837,111.203545,-0.998823,-0.048502095,0.0023776095,-43.932472,0.002333277,0.0009705355,1.0,3.1706169
-0.04897326,0.9988015,-0.00050551567,111.17543,-0.99880064,-0.048972107,0.0021240606,-44.653507,0.0020967522,0.0006089028,1.0000008,3.1836472
-0.049572445,0.99877197,-0.0004744048,111.14173,-0.9987646,-0.049570043,0.004209436,-45.35753,0.0041807415,0.0006824619,0.9999943,3.20051
-0.049432553,0.99877894,0.00032950897,111.1153,-0.9987572,-0.04943368,0.006773106,-46.0604,0.006781113,5.6843273e-06,0.9999803,3.21977
-0.049523327,0.99877304,0.0017075962,111.08535,-0.9987382,-0.04953624,0.008582965,-46.755535,0.0086570075,-0.0012804114,0.999965,3.232167
-0.050135862,0.9987429,0.0014430645,111.0544,-0.9987019,-0.050147116,0.009241238,-47.451504,0.009301973,-0.0009779007,0.9999595,3.2504516
-0.049780957,0.99876165,0.00023010513,111.02193,-0.9987189,-0.04978095,0.009380871,-48.143017,0.0093806945,0.00023715035,0.9999593,3.265559
-0.0505026,0.9987254,-0.00038751593,110.98984,-0.99868894,-0.050497327,0.008723683,-48.839184,0.008692981,0.0008275478,0.9999652,3.28782
-0.050516,0.9987204,0.002954273,110.96257,-0.99868405,-0.050540823,0.009028692,-49.528004,0.009166435,-0.0024943168,0.99995816,3.2979534
-0.050720986,0.9987013,0.00512446,110.93401,-0.99867153,-0.050766382,0.009150805,-50.21549,0.009399056,-0.0046535367,0.9999483,3.3154721
-0.050517626,0.99871755,0.0038005244,110.90348,-0.9986931,-0.050546534,0.0079332655,-50.887695,0.008115182,-0.0033948114,0.9999646,3.335162
-0.051609606,0.9986623,0.0036450317,110.871284,-0.99864256,-0.051635027,0.0072561237,-51.556633,0.007434616,-0.0032656218,0.9999703,3.3529553
-0.05536187,0.9984429,0.0070793033,110.84375,-0.9984456,-0.055408064,0.006500315,-52.237183,0.0068824324,-0.0067084483,0.9999571,3.3700783
-0.060219843,0.99815375,0.008111328,110.817535,-0.99816227,-0.060274787,0.006704088,-52.90666,0.007180608,-0.00769272,0.9999479,3.3810387
-0.066279605,0.9977766,0.007202088,110.77246,-0.9977532,-0.066347376,0.0096115945,-53.5711,0.01006805,-0.006548873,0.99993116,3.400917
-0.07296513,0.9973191,0.0058091898,110.72237,-0.9972554,-0.07303265,0.012400439,-54.237892,0.012791437,-0.0048884675,0.9999096,3.4130666
-0.0802081,0.9967564,0.0068112453,110.67289,-0.99667925,-0.080295734,0.0137405945,-54.90463,0.01424292,-0.0056865406,0.9998857,3.4321601
-0.086281076,0.9962271,0.00949182,110.61969,-0.9961746,-0.086403035,0.013284461,-55.589115,0.014054444,-0.008309331,0.99987,3.446047
-0.09176683,0.9957292,0.010252129,110.560776,-0.99569654,-0.09188996,0.012257729,-56.266304,0.013147429,-0.009083176,0.9998756,3.4637985
-0.0966462,0.9952398,0.012657666,110.50329,-0.9952318,-0.0968006,0.01220614,-56.948994,0.013373287,-0.011417651,0.9998487,3.4833727
-0.100564644,0.99482054,0.014894433,110.43901,-0.99484384,-0.10074528,0.011911543,-57.64741,0.013350373,-0.013619769,0.9998214,3.4965549
-0.10316567,0.9945677,0.013964784,110.36883,-0.9946115,-0.10329827,0.009123345,-58.34793,0.010516308,-0.012948333,0.99986416,3.5101385
-0.104858264,0.9944154,0.012073898,110.29586,-0.99446446,-0.10493516,0.0059125945,-59.059464,0.0071465415,-0.011387093,0.999913,3.5258298
-0.1065991,0.99423385,0.011778586,110.22507,-0.99429435,-0.1066454,0.0033655579,-59.77687,0.0046022763,-0.011352631,0.9999283,3.5402431
-0.10765684,0.99411416,0.012255857,110.15351,-0.9941823,-0.10769952,0.0028684763,-60.506348,0.004171536,-0.01187576,0.9999241,3.5521908
-0.108403854,0.99403816,0.011828086,110.07401,-0.9940841,-0.10847913,0.005910578,-61.242252,0.0071584308,-0.011117399,0.99991596,3.564221
-0.10912086,0.99400634,0.0068621486,109.99124,-0.9939734,-0.10918658,0.010055901,-61.97467,0.01074487,-0.0057235067,0.9999293,3.5741694
-0.109859094,0.9939487,0.00026301015,109.90085,-0.99384767,-0.10985164,0.014330661,-62.720753,0.014272816,0.001312932,0.99990076,3.6035163
-0.11065785,0.99385947,-0.0011652275,109.82243,-0.9937393,-0.11062585,0.015815023,-63.479286,0.015588988,0.0029079579,0.99987775,3.6162174
-0.11074026,0.9938509,0.00035276578,109.74357,-0.99375665,-0.11073459,0.013842816,-64.23398,0.013796742,0.0011823645,0.9999076,3.6332948
-0.11088918,0.9938343,-0.00028490362,109.66064,-0.9937884,-0.11088116,0.009800837,-64.98723,0.009708806,0.0013699112,0.9999554,3.6443336
-0.11098106,0.9938192,-0.0031225644,109.574814,-0.9938009,-0.110955656,0.007402738,-65.72914,0.0070105083,0.003924738,0.99997115,3.6668487
-0.11175984,0.99372333,-0.00517495,109.49338,-0.9937147,-0.11171982,0.0074785952,-66.47526,0.0068535022,0.005978196,0.9999621,3.683867
-0.11336209,0.9935512,-0.0028462699,109.41502,-0.99352866,-0.1133369,0.007854857,-67.22818,0.0074816057,0.003718261,0.9999686,3.6996145
-0.11513173,0.9933475,-0.0029192262,109.33121,-0.9933199,-0.11510332,0.008540787,-67.964386,0.0081479475,0.0038830084,0.99996275,3.7196321
-0.11775576,0.9930401,-0.0028482068,109.24765,-0.99301165,-0.11772753,0.008625626,-68.7089,0.008230272,0.003843987,0.9999622,3.7329106
-0.11911656,0.99287415,-0.0038952208,109.16184,-0.9928483,-0.11907848,0.008883098,-69.45123,0.008355955,0.004925453,0.9999564,3.751781
-0.12111563,0.9926337,-0.0035090644,109.07142,-0.9926078,-0.121081635,0.008683207,-70.20336,0.008194354,0.0045347633,0.99995965,3.7681565
-0.122922435,0.9924143,-0.0026319511,108.986046,-0.99238086,-0.12289392,0.009143814,-70.94754,0.008750994,0.0037358454,0.9999583,3.7824237
-0.123953514,0.99228865,-0.0013537093,108.89568,-0.99224395,-0.123934254,0.0099328505,-71.70935,0.009688475,0.0025743903,0.9999533,3.8065698
-0.12519802,0.9921327,-0.0011245981,108.808044,-0.99208176,-0.12517956,0.010501456,-72.45785,0.010278052,0.0024304236,0.99994785,3.8154707
-0.12610647,0.9920182,-0.00046057446,108.713234,-0.9919647,-0.12609464,0.010609341,-73.22872,0.010466572,0.0017947499,0.99994725,3.8374574
-0.12746288,0.9918446,-0.0008849158,108.618164,-0.9918042,-0.12744924,0.009354726,-73.99774,0.009165642,0.002070013,0.9999595,3.8528435
-0.12824525,0.9917439,0.0006600369,108.5206,-0.99171954,-0.12824678,0.007178411,-74.77788,0.007203783,0.0002659969,0.99997777,3.8681161
-0.12988466,0.99152476,0.003442962,108.425804,-0.9915169,-0.12990133,0.0051208003,-75.56128,0.005524637,-0.0027486668,0.9999846,3.8809996
-0.13228092,0.99121135,0.0022537198,108.32675,-0.99120456,-0.13228989,0.0043755244,-76.34424,0.004635206,-0.0016551255,0.99999154,3.89704
-0.133998,0.990981,0.0021183093,108.2224,-0.99097246,-0.1340068,0.004682083,-77.136314,0.0049237153,-0.0014718231,0.99999046,3.9126315
-0.1364552,0.99064416,0.002719503,108.11946,-0.99062985,-0.13646933,0.0058932616,-77.93152,0.0062092445,-0.001889881,0.9999826,3.9224944
-0.13748552,0.9905026,0.0023778377,108.00914,-0.99046046,-0.13750204,0.009354227,-78.73094,0.009592331,-0.0010691104,0.99995714,3.938967
-0.13865845,0.99034125,0.0011097818,107.90251,-0.99025816,-0.13866125,0.012961952,-79.5283,0.012990625,0.00069828494,0.99991906,3.9547026
-0.13918458,0.99026805,0.00028653955,107.78701,-0.9901302,-0.13916996,0.016737165,-80.33891,0.01661414,0.0020458135,0.99986356,3.9786692
-0.13905142,0.9902852,-0.0017609715,107.67401,-0.9901283,-0.13899691,0.018221656,-81.15176,0.017799849,0.0042773024,0.9998361,3.9935224
-0.13930994,0.9902377,-0.0050364155,107.55795,-0.9901135,-0.13920376,0.017429136,-81.97475,0.016557883,0.007414639,0.99983907,4.0257816
-0.13877393,0.99030614,-0.0062402296,107.44109,-0.99021536,-0.13866094,0.015902244,-82.81321,0.014882799,0.008385952,0.9998577,4.0446525
-0.13819,0.99038947,-0.005964984,107.32676,-0.9903196,-0.13809432,0.01425438,-83.656525,0.013293644,0.007877017,0.9998843,4.0660524
-0.1362251,0.990665,-0.0053766556,107.21663,-0.99062055,-0.13615488,0.011795093,-84.49639,0.010952919,0.006932977,0.9999197,4.0833244
-0.1349012,0.99083984,-0.0064372024,107.105415,-0.9908278,-0.13483958,0.009214023,-85.33828,0.008261626,0.007621105,0.9999406,4.102235
-0.13274354,0.99112785,-0.0069276053,106.992645,-0.991143,-0.13270663,0.00555416,-86.189766,0.004585542,0.0076034893,0.99996436,4.121226
-0.13132377,0.99132234,-0.006114257,106.888275,-0.9913314,-0.13129038,0.005589912,-87.04364,0.0047386596,0.006795307,0.9999695,4.135472
-0.13015972,0.99147314,-0.006539443,106.78023,-0.99146205,-0.13009778,0.009158721,-87.89099,0.008229854,0.007675669,0.9999405,4.1573615
-0.12824361,0.99172735,-0.005816602,106.67799,-0.9916419,-0.12814313,0.015234929,-88.73852,0.014363526,0.0077217314,0.99987084,4.1770563
-0.12726168,0.99186695,-0.0028172208,106.57317,-0.9917201,-0.12719195,0.017888824,-89.59553,0.01738499,0.005070422,0.99983984,4.202773
-0.12498082,0.99215794,-0.0024393257,106.47223,-0.99202746,-0.124923006,0.016799644,-90.45907,0.01636316,0.004519478,0.99985975,4.2128315
-0.12442397,0.992225,-0.0034441045,106.36521,-0.992138,-0.124363616,0.014224689,-91.32902,0.013685764,0.005186885,0.99989676,4.244608
-0.12358008,0.9923283,-0.004028183,106.25978,-0.9922642,-0.12352051,0.01269031,-92.19481,0.012095385,0.0055652563,0.99991524,4.263208
-0.12298915,0.99240404,-0.0034053451,106.156494,-0.992344,-0.12294021,0.012068241,-93.0649,0.011557912,0.004863502,0.9999253,4.2899814
-0.12267142,0.99244493,-0.002912679,106.0559,-0.99238425,-0.12262883,0.011925894,-93.92487,0.011478609,0.004353429,0.9999286,4.3130436
-0.121590964,0.992569,-0.0050937226,105.9488,-0.992534,-0.12153205,0.010623451,-94.79271,0.009925457,0.006347372,0.99993455,4.329543
-0.120917015,0.9926297,-0.008306588,105.84754,-0.99262697,-0.120834015,0.009867794,-95.65361,0.008791346,0.009438488,0.9999208,4.3553553
-0.12023404,0.9927067,-0.008985192,105.746574,-0.9927043,-0.120138004,0.010566851,-96.50585,0.00941032,0.010190093,0.9999078,4.3776727
-0.11965872,0.9927684,-0.009807047,105.64741,-0.9927524,-0.11953113,0.012711,-97.35904,0.011446828,0.011256911,0.99987507,4.3980074
-0.11848074,0.9929357,-0.006678014,105.55082,-0.99287754,-0.11838187,0.013655081,-98.22417,0.012768056,0.008248276,0.9998884,4.422732
-0.11782283,0.9930288,-0.003906523,105.46199,-0.99298537,-0.117775306,0.010750742,-99.08058,0.010215702,0.0051457686,0.99993855,4.440888
-0.118223965,0.99298835,0.0010036221,105.37242,-0.99295604,-0.11822831,0.008179993,-99.92738,0.008241294,-2.9509421e-05,0.99996996,4.465308
-0.11877306,0.9929167,0.0036442468,105.28256,-0.99288243,-0.11880118,0.008795699,-100.77419,0.009166335,-0.0025736412,0.99995863,4.4878397
-0.120153435,0.99272734,0.0077143824,105.18883,-0.992669,-0.12024346,0.012499789,-101.60882,0.013336476,-0.0061559565,0.99989605,4.5159183
-0.12072295,0.992648,0.008934222,105.094635,-0.9925611,-0.12084729,0.014994779,-102.44407,0.0159642,-0.0070575676,0.9998516,4.5345283
-0.12137248,0.9925727,0.0084865615,104.99922,-0.99247146,-0.121494174,0.015685996,-103.27265,0.016600545,-0.006518842,0.99984497,4.5599036
-0.12214741,0.9924853,0.0075478833,104.90152,-0.9923852,-0.12225109,0.0152579285,-104.09454,0.01606599,-0.005626712,0.99985915,4.583956
-0.12264727,0.99243027,0.006619841,104.8023,-0.9923155,-0.122738875,0.015863612,-104.91748,0.016556026,-0.0046233637,0.99985635,4.608795
-0.12352276,0.9923263,0.0058756787,104.705826,-0.992166,-0.1236109,0.01825911,-105.72471,0.018845277,-0.0035742559,0.9998201,4.6421456
-0.12391455,0.992277,0.0059550977,104.60753,-0.99208343,-0.124010146,0.019958965,-106.540276,0.020543298,-0.0034347705,0.99978715,4.67032
-0.12550741,0.9920633,0.007890731,104.51097,-0.9918756,-0.12564331,0.020072365,-107.34359,0.020904455,-0.005307414,0.9997715,4.698445
-0.12721534,0.9918341,0.009227638,104.414276,-0.9916682,-0.12737449,0.019393614,-108.15052,0.020410597,-0.0066836104,0.9997734,4.7259555
-0.1303086,0.9914263,0.009870399,104.31468,-0.9912475,-0.1304862,0.02020017,-108.95046,0.021314915,-0.0071517713,0.9997513,4.757754
-0.13396975,0.9909324,0.0104397945,104.21406,-0.9907067,-0.13417561,0.02243657,-109.73683,0.02363387,-0.0073369727,0.99969786,4.790743
-0.13680243,0.9905213,0.012518417,104.1102,-0.99027824,-0.13706982,0.023813335,-110.52079,0.025303487,-0.0091390135,0.99964213,4.822243
-0.14056642,0.98999757,0.012247532,104.01025,-0.9897491,-0.14082672,0.02389266,-111.29311,0.025378428,-0.008763498,0.99964356,4.847571
-0.1430974,0.9896439,0.011505373,103.89953,-0.9894061,-0.14333259,0.023187771,-112.074646,0.024596704,-0.008065397,0.999669,4.878546
-0.1461663,0.9892035,0.01077331,103.789406,-0.988951,-0.14638522,0.023530738,-112.84239,0.024853716,-0.0072148973,0.9996692,4.9114075
-0.14749698,0.9889507,0.015014205,103.68319,-0.9886207,-0.1478691,0.027752947,-113.612686,0.029666401,-0.010749896,0.9995062,4.943336
