0,1,2,3,4,5,6,7,8,9,10,11
1.0,0.0,0.0,0.0,0.0,1.0,0.0,0.0,0.0,0.0,1.0,0.0
0.999998,-0.001852667,-0.00080486154,0.5664972,0.0018514117,0.9999971,-0.0015576555,0.0028731164,0.00080774503,0.0015561623,0.9999985,0.010918916
0.9999939,-0.0027823944,-0.0021017126,1.1373005,0.002778282,0.9999943,-0.001957104,0.007865023,0.002107146,0.001951253,0.99999595,0.021738902
0.999982,-0.004911395,-0.003458499,1.6948117,0.004903652,0.9999855,-0.002243827,0.015782649,0.003469469,0.0022268272,0.9999916,0.029133912
0.9999625,-0.0069544576,-0.0051690154,2.2505949,0.0069312407,0.9999659,-0.0044958405,0.018441403,0.0052001053,0.0044598444,0.99997663,0.039199546
0.99994075,-0.008324116,-0.007026625,2.811772,0.008276935,0.99994326,-0.0067170253,0.022901116,0.0070821396,0.006658468,0.9999529,0.051954336
0.9999195,-0.009985836,-0.00783718,3.3814867,0.009924797,0.9999205,-0.0077888765,0.032715738,0.007914336,0.007710467,0.99993914,0.060792208
0.9999101,-0.011176516,-0.0074150506,3.961882,0.01111524,0.9999042,-0.008254236,0.039601713,0.0075065945,0.008171073,0.9999386,0.07002131
0.9998897,-0.012684988,-0.0077355024,4.5438337,0.012619742,0.99988496,-0.008426014,0.0493303,0.007841497,0.008327464,0.99993473,0.08196611
0.9998578,-0.013520136,-0.010087214,5.135154,0.013439508,0.9998776,-0.008018656,0.059798073,0.010194395,0.007881948,0.9999171,0.09635132
0.9997909,-0.014982945,-0.013917904,5.733279,0.014892598,0.99986756,-0.0065726982,0.07411851,0.014014543,0.00636405,0.9998816,0.1094276
0.99970853,-0.016382905,-0.01773433,6.3396707,0.01629808,0.99985516,-0.0049172123,0.089988045,0.017812323,0.0046267435,0.9998307,0.12040284
0.9996913,-0.017215976,-0.017916828,6.963992,0.017161861,0.99984777,-0.0031700172,0.107250884,0.01796868,0.0028615524,0.99983454,0.13438118
0.99975777,-0.018676814,-0.011650838,7.609022,0.01866556,0.9998253,-0.0010744217,0.12615989,0.011668875,0.0008566922,0.99993163,0.1413396
0.9998156,-0.01916032,-0.0013617487,8.266137,0.019159952,0.9998165,-0.0002861169,0.13440631,0.0013669877,0.00025997334,0.99999917,0.15480773
0.9997773,-0.020375539,0.0055052633,8.939136,0.02037202,0.99979234,0.0006953581,0.15990038,-0.0055182814,-0.0005830496,0.99998474,0.16924779
0.9997547,-0.021551438,0.0051219487,9.616754,0.02153877,0.999765,0.0025163942,0.18094519,-0.0051749703,-0.002405456,0.99998385,0.18361896
0.9997608,-0.02176821,-0.0021750093,10.307341,0.02177948,0.99974895,0.0052981805,0.20157367,0.0020591368,-0.0053442833,0.9999837,0.18483782
0.9996981,-0.023166377,-0.0082051465,11.019693,0.02321088,0.9997164,0.005370523,0.22593087,0.008078407,-0.00555935,0.9999521,0.1845069
0.9996881,-0.023957318,-0.0070762285,11.747396,0.023982715,0.9997064,0.0035263305,0.24290459,0.006989672,-0.003694938,0.9999689,0.18950325
0.9996861,-0.02497497,0.0020363666,12.509705,0.024970569,0.99968606,0.0021588583,0.26309147,-0.0020896392,-0.0021073325,0.9999957,0.19589499
0.9996413,-0.025012331,0.009579548,13.280982,0.025002558,0.99968696,0.0011385198,0.28719446,-0.009605019,-0.0008985996,0.9999536,0.19672845
0.99958736,-0.0259705,0.012275562,14.070212,0.025965765,0.9996629,0.0005449895,0.31137192,-0.012285571,-0.00022602169,0.99992466,0.1997403
0.9995934,-0.025974926,0.011770946,14.872529,0.02599141,0.99966156,-0.0012495641,0.32995388,-0.011734499,0.0015549979,0.99993014,0.20094782
0.99963707,-0.025269916,0.0093430085,15.691131,0.025285257,0.9996793,-0.0015277062,0.35089314,-0.0093014,0.0017633905,0.99995536,0.20102273
0.99967086,-0.025032997,0.0056349956,16.52119,0.025030069,0.9996868,0.00058924756,0.37715474,-0.005647974,-0.00044801063,0.9999841,0.18850313
0.9997203,-0.023653558,0.00022753082,17.372944,0.023653973,0.9997183,-0.0020507365,0.39551425,-0.00017895355,0.002055543,0.99999803,0.19395511
0.99970585,-0.023515524,-0.0059571685,18.244001,0.02348692,0.9997127,-0.004826647,0.41682422,0.006068963,0.0046853092,0.9999708,0.20236671
0.9996989,-0.021868711,-0.011145235,19.138659,0.021825608,0.99975413,-0.0039743017,0.44104597,0.011229411,0.0037298508,0.9999302,0.21375348
0.99967617,-0.02210857,-0.012616935,20.038166,0.022082651,0.999754,-0.0021898064,0.4668526,0.012662248,0.0019104794,0.9999182,0.22022569
0.999682,-0.022208804,-0.011962199,20.96064,0.022180017,0.99975103,-0.0025339627,0.48879585,0.012015499,0.0022678326,0.9999255,0.23867515
0.99967355,-0.022064846,-0.012903054,21.90469,0.022044605,0.9997558,-0.0017090051,0.5151589,0.012937615,0.001424002,0.99991554,0.25851417
0.99964535,-0.021928517,-0.015126112,22.848015,0.021953806,0.9997581,0.0015078733,0.5470186,0.015089389,-0.0018394158,0.9998847,0.27973264
0.9996293,-0.021877494,-0.01622076,23.817766,0.021968346,0.9997442,0.005444237,0.5797645,0.016097503,-0.0057985624,0.99985397,0.29877564
0.99961865,-0.022354566,-0.016228853,24.784641,0.0224679,0.99972457,0.0068352083,0.610416,0.016071582,-0.0071972297,0.9998453,0.32339236
0.9996209,-0.022213273,-0.016283931,25.7743,0.022336705,0.9997232,0.0074377675,0.6365693,0.016114205,-0.007798677,0.99984014,0.34802
0.99961454,-0.022608392,-0.016130399,26.758781,0.022737214,0.9997111,0.007848193,0.66398174,0.0159483,-0.0082119275,0.99983954,0.37419045
0.999617,-0.023082579,-0.015285459,27.756037,0.023218036,0.9996926,0.008744632,0.6952991,0.015078908,-0.00909618,0.9998454,0.40211344
0.9996396,-0.023273759,-0.01340479,28.76479,0.023400566,0.9996826,0.009382123,0.7228078,0.013182175,-0.009692419,0.99986655,0.42712933
0.9996324,-0.02421043,-0.0122303,29.783346,0.02433244,0.9996551,0.009927824,0.7545203,0.011985724,-0.010221765,0.9998764,0.44914085
0.99962837,-0.0239945,-0.012969162,30.804728,0.024131134,0.99965435,0.010483807,0.78317237,0.012713124,-0.010792868,0.9998614,0.48237377
0.9995977,-0.024783941,-0.013820513,31.82822,0.024946634,0.99962056,0.01172658,0.82744175,0.013524636,-0.012066634,0.9998362,0.50318366
0.999602,-0.024927115,-0.013244137,32.856846,0.025068052,0.9996303,0.010584484,0.8506932,0.0129753975,-0.010912273,0.99985677,0.51909834
0.99963015,-0.025096057,-0.010521606,33.914223,0.025203787,0.9996305,0.010234942,0.8776224,0.01026086,-0.010496338,0.9998928,0.54882205
0.9996387,-0.025952442,-0.0070667807,34.96326,0.026023585,0.9996102,0.010169293,0.90481573,0.0068001086,-0.010349519,0.9999238,0.56774694
0.99964815,-0.026134716,-0.004627606,36.019737,0.0261796,0.99960864,0.009921049,0.9346667,0.0043665124,-0.010038705,0.9999405,0.58940274
0.9996246,-0.027100565,-0.00412294,37.09505,0.027140945,0.99958146,0.010076876,0.96639067,0.0038481266,-0.010184991,0.9999412,0.6069548
0.9996221,-0.02697009,-0.0053904145,38.1653,0.02702322,0.99958503,0.010039854,1.0027618,0.005117402,-0.010181724,0.9999355,0.6250126
0.99959457,-0.027887346,-0.005819304,39.240093,0.02794914,0.9995514,0.01082266,1.036025,0.005514878,-0.010980913,0.99992496,0.6417164
0.9995764,-0.028701834,-0.004928917,40.32287,0.028751817,0.9995333,0.010388617,1.0715234,0.0046284446,-0.010525928,0.9999344,0.6592397
0.9995784,-0.028915966,-0.0028047925,41.396824,0.02894333,0.9995291,0.010264013,1.1081457,0.0025066792,-0.010340862,0.9999439,0.6800099
0.9995431,-0.030241119,-0.00041486372,42.47197,0.030243732,0.99949527,0.009800491,1.1460501,0.000118279466,-0.009808555,0.99995244,0.696726
0.9995424,-0.030264774,-0.00035101586,43.55073,0.030266803,0.99948335,0.010881548,1.1839527,2.1509915e-05,-0.010887187,0.99994123,0.7145882
0.9995153,-0.03091178,-0.0038316902,44.62238,0.030958548,0.99943924,0.012814032,1.2218437,0.0034334376,-0.012926437,0.99991107,0.7369085
0.9994912,-0.03088609,-0.008025626,45.698196,0.031003235,0.99940884,0.014906776,1.2639332,0.0075604664,-0.015148003,0.9998572,0.7571765
0.9994811,-0.031087901,-0.008492991,46.768917,0.031219449,0.9993881,0.015822347,1.3027669,0.007995907,-0.016079275,0.99983925,0.7761311
0.9994994,-0.0310835,-0.005988666,47.86005,0.03116997,0.99940336,0.014931269,1.3406801,0.005520975,-0.015110453,0.9998711,0.7986882
0.99952245,-0.030634811,-0.004167835,48.93726,0.030697165,0.9994042,0.015824942,1.3786467,0.003680558,-0.015945317,0.99986655,0.81650096
0.999521,-0.030839253,-0.0027730742,50.02743,0.030875403,0.99942446,0.014106942,1.4172424,0.0023364318,-0.014185799,0.9998971,0.83825886
0.99953973,-0.030165056,-0.0033717004,51.103615,0.030211568,0.9994359,0.0147208795,1.4542924,0.0029257427,-0.014815962,0.99988645,0.8540159
0.9995428,-0.029850954,-0.004903948,52.1828,0.029917428,0.9994538,0.014093214,1.4880549,0.0044805724,-0.014233478,0.99988914,0.87834746
0.9995261,-0.029880209,-0.007454109,53.257328,0.02998644,0.9994449,0.014572265,1.5290028,0.0070145456,-0.014788876,0.9998665,0.8936107
0.99952924,-0.029108707,-0.009728947,54.34345,0.029238017,0.9994831,0.013425006,1.5636998,0.009333129,-0.0137031395,0.99986297,0.9211317
0.9994827,-0.02953626,-0.01275585,55.41062,0.029686319,0.99949116,0.011739818,1.5972381,0.012402602,-0.01211242,0.9998502,0.94577205
0.9994797,-0.028829632,-0.014491611,56.497356,0.028987788,0.99952203,0.010825041,1.632947,0.014172593,-0.011239489,0.99983686,0.97817296
0.9995047,-0.028908994,-0.012469358,57.57402,0.029033476,0.9995301,0.009920853,1.666526,0.01217669,-0.010277968,0.99987346,1.0079337
0.99957204,-0.02846949,-0.0067805555,58.66791,0.028522944,0.9995626,0.007922966,1.69622,0.006552025,-0.008112978,0.99994606,1.0328419
0.9995848,-0.028805546,-0.0010953727,59.759426,0.028812123,0.9995642,0.006566149,1.7304031,0.0009057564,-0.0065949857,0.9999783,1.0523832
0.9995958,-0.028441507,0.00034617697,60.842842,0.028439453,0.9995843,0.0049201096,1.7616019,-0.00048596473,-0.00490828,0.9999883,1.0751188
0.99960804,-0.027897215,-0.0025406908,61.933228,0.027901342,0.99961036,0.0016074982,1.7958723,0.0024948567,-0.0016777632,0.999996,1.0894201
0.99957895,-0.028457643,-0.0057609007,63.01387,0.028461995,0.99959564,0.0006758035,1.8278154,0.005739337,-0.00083949283,0.9999837,1.1088538
0.99956214,-0.028021606,-0.009570734,64.10266,0.02804601,0.9996047,0.002425857,1.8618844,0.009498967,-0.0026932207,0.99995184,1.1282399
0.9995026,-0.028406348,-0.013747829,65.188614,0.028445603,0.99959284,0.0026686955,1.8948126,0.013666413,-0.0030584384,0.99990255,1.1570457
0.99951017,-0.02762242,-0.014758128,66.27499,0.027706424,0.99960196,0.005518621,1.9307894,0.014599804,-0.005924815,0.9998765,1.1818365
0.9995795,-0.026552087,-0.011714298,67.374725,0.026655532,0.9996073,0.008765259,1.9722459,0.0114769535,-0.009073822,0.9998936,1.2049984
0.99960154,-0.026680477,-0.009293713,68.4639,0.02677769,0.9995874,0.010498479,2.007246,0.009009767,-0.010743156,0.99990237,1.2356181
0.99961674,-0.026339076,-0.008608426,69.560104,0.0264271,0.9995991,0.010277488,2.043154,0.008334269,-0.010501041,0.99991083,1.2608509
0.9996148,-0.026675548,-0.0077535114,70.64868,0.026746089,0.99960166,0.009142295,2.07263,0.007506541,-0.009346148,0.99992883,1.2848943
0.9996272,-0.026556704,-0.006463136,71.73907,0.026609939,0.9996127,0.00829645,2.1060812,0.0062403018,-0.0084653385,0.99994546,1.3083394
0.99961805,-0.027312994,-0.0043867445,72.82844,0.027341418,0.99960583,0.0065579293,2.1374054,0.0042058965,-0.006675365,0.99996966,1.3317803
0.9996083,-0.027891412,-0.002606645,73.91654,0.027905034,0.9995975,0.0053474307,2.1713061,0.0024564478,-0.005418076,0.99998313,1.3525258
0.99959654,-0.028209578,-0.0035150477,74.999725,0.028225632,0.9995922,0.0046070507,2.201797,0.0033836495,-0.0047044093,0.9999841,1.3755403
0.9995569,-0.028916717,-0.007157686,76.07467,0.028952457,0.9995698,0.00494231,2.2363145,0.0070116855,-0.0051473547,0.999963,1.3998429
0.9995354,-0.029102199,-0.009138323,77.147316,0.029155457,0.9995596,0.005750928,2.2751124,0.008966926,-0.0060146893,0.99994254,1.4243276
0.9995261,-0.029784106,-0.007866255,78.22808,0.02983888,0.99953187,0.0069412226,2.312218,0.007655827,-0.0071726535,0.9999459,1.445554
0.9995255,-0.030577783,-0.0038975596,79.298744,0.030607905,0.99950135,0.007921189,2.3501346,0.0036534,-0.008036726,0.9999619,1.4712621
0.9995225,-0.030921778,0.00010224056,80.363304,0.030919496,0.99948025,0.009263666,2.392614,-0.00038863593,-0.009256081,0.99995804,1.4891883
0.99949455,-0.03180009,0.0009553416,81.43619,0.0317886,0.99944305,0.01028258,2.4306693,-0.0012817949,-0.010247012,0.99994767,1.5083108
0.99949026,-0.031933706,-0.0009734221,82.49666,0.031942323,0.9994333,0.010748416,2.4737046,0.00062963314,-0.010774029,0.9999427,1.5260435
0.99946207,-0.0327671,-0.0018156434,83.547554,0.0327846,0.9994071,0.010642228,2.5110235,0.0014658505,-0.010696027,0.99994266,1.5440067
0.99945426,-0.03299728,-0.001958809,84.59761,0.03301557,0.99940425,0.010189815,2.5490735,0.0016214043,-0.010248926,0.9999471,1.5613687
0.9994218,-0.03398319,-0.001678932,85.62261,0.03399722,0.999381,0.0091951005,2.5883665,0.0013654125,-0.009246863,0.9999573,1.5847543
0.99939764,-0.034726612,-6.7427536e-05,86.64043,0.03472593,0.99936265,0.008439669,2.6260836,-0.0002256962,-0.0084369285,0.9999654,1.6062092
0.999388,-0.034917332,0.0024815912,87.6358,0.034897164,0.9993623,0.0077481237,2.6685462,-0.0027505492,-0.007656783,0.99996793,1.6232127
0.9993464,-0.035984036,0.003695885,88.62203,0.035958268,0.9993315,0.0068129348,2.7065167,-0.0039385664,-0.006675587,0.99997103,1.6429454
0.9992794,-0.037770186,0.003984248,89.581055,0.037747044,0.9992723,0.0057279626,2.7450707,-0.0041976897,-0.0055734445,0.9999768,1.6593735
0.99914503,-0.041237917,0.003226404,90.51061,0.041222,0.9991396,0.0048493952,2.7891555,-0.003423603,-0.0047122543,0.9999842,1.6790984
0.9990053,-0.044552203,0.0023089144,91.41518,0.044540606,0.9989972,0.004846047,2.8306365,-0.0025224981,-0.0047383904,0.99998677,1.6931356
0.9988735,-0.04741039,0.002424822,92.30065,0.047398984,0.998867,0.00455914,2.8772814,-0.002638222,-0.004439075,0.99998784,1.7102042
0.99869657,-0.050938744,0.0035096975,93.16434,0.05091964,0.9986899,0.0053312685,2.9270062,-0.0037766632,-0.0051456112,0.9999808,1.7251278
0.998558,-0.05351279,0.004508959,93.99939,0.053483784,0.9985501,0.006324524,2.9763541,-0.0048408587,-0.0060742507,0.9999711,1.7401508
0.9983681,-0.05680263,0.006051463,94.81438,0.056759413,0.99836415,0.007088508,3.0287716,-0.0064442023,-0.0067334645,0.99995786,1.7551391
0.99821013,-0.05943132,0.0068139196,95.606125,0.059371263,0.99819946,0.008701076,3.0836205,-0.0073187584,-0.0082809515,0.9999403,1.766941
0.99804413,-0.0621304,0.0070467507,96.366295,0.0620553,0.99801975,0.010417609,3.1375072,-0.007680037,-0.009959944,0.9999223,1.7795328
0.9978775,-0.0648576,0.0060041277,97.0955,0.06478324,0.99783045,0.011846912,3.1913958,-0.006759455,-0.011432797,0.9999132,1.7932278
0.9977398,-0.06716959,0.0023673757,97.79136,0.067130655,0.99764955,0.013841476,3.2429442,-0.0032915324,-0.013651262,0.99990284,1.8096144
0.9975708,-0.0696554,-0.0015945261,98.45528,0.06967198,0.9974449,0.015878124,3.2998698,0.00048445645,-0.015950639,0.9998741,1.82031
0.9974201,-0.07166146,-0.0044527696,99.085785,0.071730286,0.9972643,0.017926957,3.3558352,0.0031559158,-0.018200094,0.9998309,1.8317747
0.9973448,-0.07262877,-0.0055136154,99.69432,0.072723836,0.9971603,0.019631544,3.407223,0.0040721423,-0.019980375,0.99979365,1.8465981
0.9973982,-0.07189813,-0.005432216,100.281525,0.072000556,0.9971659,0.021883652,3.4555757,0.003843426,-0.022217821,0.9997474,1.8620796
0.99762964,-0.06870817,-0.0040531466,100.843796,0.068790056,0.99730057,0.025737565,3.500232,0.0022738248,-0.025955353,0.9996622,1.8760457
0.99796885,-0.063671306,-0.0025364095,101.376205,0.06371777,0.9975637,0.028454296,3.5421052,0.00071850966,-0.02855809,0.9995936,1.889293
0.9984252,-0.0561183,-0.0004241531,101.895546,0.056106485,0.9979927,0.029421186,3.5758839,-0.0012277619,-0.029398624,0.99956876,1.9021536
0.9989041,-0.046766218,0.0024025259,102.38349,0.04667586,0.998481,0.029327776,3.596289,-0.0037704194,-0.029183472,0.9995687,1.9116824
0.9993797,-0.035006978,0.0041335523,102.855606,0.03487439,0.9989816,0.02868207,3.6099687,-0.0051334077,-0.028520098,0.9995818,1.9225073
0.999753,-0.021768648,0.004729508,103.309,0.021627635,0.9993738,0.028061355,3.6164722,-0.005337396,-0.027952112,0.99959683,1.9318335
0.99997,-0.006501206,0.0044528823,103.74235,0.0063770004,0.99960685,0.0273604,3.6163268,-0.004629,-0.027331164,0.9996175,1.9396931
0.999934,0.011364684,0.0021877063,104.15973,-0.011418701,0.9995852,0.026499925,3.6049325,-0.0018856305,-0.026523141,0.9996482,1.9516898
0.9994664,0.03264648,-0.001705107,104.565674,-0.032591395,0.99913406,0.025926888,3.584516,0.0025500536,-0.025857467,0.9996642,1.9586735
0.99834865,0.05717632,-0.005708689,104.98044,-0.057021875,0.9980786,0.024306186,3.5518215,0.007087457,-0.023940515,0.99969,1.9690616
0.996415,0.08424227,-0.007872831,105.36834,-0.08405061,0.9962171,0.022138642,3.5031433,0.009708054,-0.02139755,0.99972564,1.9774091
0.9934226,0.114175364,-0.00876992,105.76237,-0.1139892,0.99329394,0.019410005,3.4462705,0.010927248,-0.018282656,0.9997749,1.9849589
0.98918176,0.14633912,-0.010280102,106.1314,-0.14615229,0.9891168,0.017049287,3.3738365,0.012663192,-0.015362378,0.9998035,1.9944906
0.9832237,0.18204552,-0.0114860535,106.51307,-0.18186708,0.9832096,0.015046343,3.2899399,0.01403231,-0.012704983,0.9998225,2.0054417
0.9754038,0.22009239,-0.012171803,106.86262,-0.21995644,0.9754425,0.011588898,3.182484,0.014423514,-0.008626588,0.9998604,2.0168219
0.96546346,0.26022202,-0.012887485,107.229195,-0.26011896,0.96553487,0.00915512,3.0680213,0.014825672,-0.0054866564,0.9998767,2.0319328
0.9534428,0.301282,-0.013314114,107.55636,-0.30117044,0.95352197,0.009772537,2.9406989,0.01563958,-0.00530774,0.99986523,2.0463247
0.9383275,0.3455151,-0.012734457,107.892204,-0.34537458,0.9383896,0.012031454,2.8053143,0.016106922,-0.006891287,0.9998482,2.050306
0.92062026,0.39030516,-0.01102715,108.23134,-0.3901888,0.9206667,0.0113523835,2.6415606,0.014583215,-0.0061485656,0.9998764,2.0633528
0.90083015,0.43406764,-0.009579683,108.520645,-0.43396533,0.90086305,0.011105988,2.4708319,0.013450724,-0.0058473614,0.9998941,2.0675855
0.87784207,0.4788435,-0.0101821115,108.83617,-0.4787587,0.8778943,0.009763263,2.2750144,0.013613884,-0.0036958328,0.9999021,2.0808172
0.85301554,0.5217551,-0.011729967,109.099365,-0.5216657,0.85309374,0.009982036,2.0837266,0.015214931,-0.002395716,0.99988306,2.094675
0.82558155,0.56411225,-0.0139304865,109.38748,-0.5639999,0.82569844,0.011401463,1.8658134,0.017934075,-0.0015560507,0.99983966,2.1077416
0.7954326,0.6058451,-0.015498933,109.63373,-0.60565007,0.7955783,0.015713075,1.6489985,0.021850292,-0.0031117671,0.99975806,2.1180632
0.76165974,0.64780176,-0.015127771,109.9063,-0.64747804,0.761782,0.021543188,1.4042957,0.025479764,-0.006613681,0.9996551,2.131032
0.72500885,0.68860054,-0.013892041,110.13523,-0.68815905,0.72507834,0.026499646,1.157477,0.028320473,-0.009652541,0.9995539,2.1298735
0.68605214,0.72741425,-0.014228079,110.36918,-0.72696674,0.6861534,0.0267705,0.8793883,0.029235872,-0.008022617,0.99954206,2.141404
0.6449814,0.764066,-0.014266116,110.58851,-0.76372445,0.64512676,0.02323938,0.5766648,0.026959859,-0.0040935865,0.99962986,2.1642232
0.60152733,0.79875666,-0.012411358,110.77941,-0.79847884,0.6016489,0.021303907,0.28301576,0.024483906,-0.0029046766,0.99969774,2.1661437
0.55527776,0.83160746,-0.009848738,110.98769,-0.8313905,0.5553601,0.019205423,-0.059621423,0.02144096,-0.002476197,0.9997688,2.1835496
0.5080251,0.86130565,-0.008029599,111.14241,-0.8611462,0.5080865,0.01670907,-0.3761254,0.018471343,-0.0015739687,0.9998299,2.1838253
0.45717204,0.8893514,-0.0070138033,111.308235,-0.88927937,0.4572251,0.011456919,-0.74998,0.013396113,0.0009994456,0.9999115,2.2140274
0.40640652,0.91368634,-0.003525436,111.43342,-0.91361713,0.4064196,0.011435,-1.0982372,0.011880811,-0.0014263595,0.99993014,2.2165773
0.3554839,0.93468297,-0.00039345026,111.55849,-0.9345708,0.3554474,0.015440083,-1.4651976,0.014571435,-0.00512099,0.99988246,2.2292106
0.304599,0.95248044,0.0012905878,111.67494,-0.95229053,0.30451018,0.020499116,-1.8667892,0.019132007,-0.0074730185,0.9997908,2.2353663
0.25802466,0.9661389,0.000113921764,111.75892,-0.96589935,0.2579577,0.022365304,-2.25293,0.021578599,-0.0058808313,0.99975157,2.2390714
0.21578348,0.9764245,-0.0058153225,111.83514,-0.9761857,0.21585947,0.021686472,-2.6808188,0.022430493,0.0009972523,0.9997496,2.2541225
0.18079987,0.9834367,-0.012837659,111.87992,-0.983255,0.18103942,0.020938326,-3.1009803,0.022915637,0.008837039,0.99970007,2.2682269
0.14938729,0.98865324,-0.015791696,111.9374,-0.98849285,0.14971007,0.021749001,-3.5498393,0.023866393,0.0123609435,0.99964046,2.2835326
0.12178725,0.99247265,-0.012922871,111.984436,-0.9923252,0.122030325,0.020088147,-4.0075645,0.02151392,0.010377202,0.99971646,2.2968903
0.09657699,0.99530643,-0.0062406776,112.0347,-0.9951784,0.096668944,0.016711777,-4.4913425,0.017236624,0.0045966124,0.9998426,2.2992156
0.07218963,0.997391,-0.00094449194,112.07608,-0.9973073,0.072195515,0.013045179,-4.996058,0.013079339,2.249144e-07,0.9999162,2.3044267
0.049788237,0.9987526,-0.0039348793,112.09306,-0.99870884,0.049825497,0.010115618,-5.513452,0.010299066,0.0034261604,0.99994284,2.3212886
0.029225722,0.9995184,-0.010487249,112.08916,-0.9995204,0.029331826,0.010146023,-6.047231,0.010448757,0.010185689,0.9998953,2.337779
0.011697378,0.99980265,-0.0160951,112.087265,-0.99985605,0.011895215,0.012275783,-6.608519,0.012464822,0.015949177,0.9997969,2.356708
-0.0029936777,0.9998595,-0.01652609,112.080246,-0.99984735,-0.0027067289,0.017383344,-7.172533,0.017336175,0.016575595,0.99971414,2.3611162
-0.014403167,0.9998104,-0.013144573,112.08016,-0.99965376,-0.014108044,0.022306973,-7.7781243,0.0221173,0.013461302,0.9996666,2.359592
-0.020398317,0.99968433,-0.014707999,112.064674,-0.9995489,-0.020065762,0.022443112,-8.390072,0.022140898,0.015159153,0.9996418,2.3685026
-0.023491237,0.9995042,-0.020993443,112.038795,-0.9995575,-0.023096694,0.018863287,-9.028913,0.018369056,0.021427255,0.99960357,2.3946831
-0.023300579,0.9994689,-0.0228093,112.02373,-0.9995935,-0.022913687,0.017098052,-9.677872,0.016566327,0.0231984,0.9995956,2.4075456
-0.021323532,0.9995263,-0.022220612,112.01411,-0.99964315,-0.020955032,0.016706184,-10.350667,0.016232638,0.022568893,0.9996155,2.4281237
-0.019802101,0.9996339,-0.018472183,112.00622,-0.9996626,-0.01948316,0.017312353,-11.045405,0.01694612,0.018808752,0.9996815,2.4334748
-0.018568546,0.99968225,-0.01708443,112.00145,-0.99966866,-0.018256437,0.01827162,-11.757466,0.017953914,0.01741803,0.9996891,2.4542682
-0.017447412,0.99971,-0.016632479,111.98982,-0.99967444,-0.017130593,0.019029513,-12.476991,0.018739074,0.016959064,0.99968255,2.4711523
-0.016815497,0.9997216,-0.016587691,111.98287,-0.9996922,-0.016506016,0.018646391,-13.220547,0.018367408,0.016896116,0.99969053,2.490207
-0.016042482,0.9997471,-0.015799522,111.975464,-0.9997213,-0.015762627,0.017707596,-13.982517,0.017454078,0.016079176,0.9997204,2.5059133
-0.015585164,0.99974316,-0.016491715,111.965256,-0.99975306,-0.015317704,0.016247282,-14.761879,0.015990498,0.016740842,0.99973404,2.5269935
-0.01579287,0.99972916,-0.017132092,111.953186,-0.99978524,-0.0155565655,0.013864476,-15.544868,0.01359421,0.017347356,0.9997592,2.5479612
-0.016897263,0.9997399,-0.015359949,111.94379,-0.9997838,-0.016705237,0.012572751,-16.335783,0.012312896,0.015569058,0.9998051,2.566306
-0.018308744,0.99975014,-0.012874443,111.93584,-0.9997695,-0.01815929,0.011664058,-17.129347,0.01142736,0.013085015,0.9998512,2.5800884
-0.019083094,0.99970233,-0.015247159,111.92008,-0.9997815,-0.018946012,0.009113081,-17.933329,0.008821504,0.015417715,0.9998444,2.5974948
-0.020229325,0.99965614,-0.016728412,111.9042,-0.999775,-0.020113269,0.007102775,-18.741417,0.0067638797,0.016868312,0.99983704,2.6190317
-0.021619564,0.9996578,-0.01477853,111.89183,-0.9997499,-0.021526385,0.006464512,-19.55817,0.0061441823,0.014914575,0.9998721,2.6309996
-0.02302972,0.999662,-0.012129511,111.880806,-0.9996843,-0.022902211,0.010583772,-20.381813,0.010302408,0.012369405,0.9998726,2.6462586
-0.023697332,0.99964064,-0.0125920875,111.866776,-0.9996082,-0.023503331,0.015371339,-21.221165,0.015069859,0.012951394,0.9998048,2.6623805
-0.025429908,0.9996002,-0.012423583,111.851494,-0.9995409,-0.02521821,0.016944135,-22.08147,0.016624056,0.012848748,0.9997815,2.6870847
-0.02647345,0.9996224,-0.0074714255,111.837425,-0.99954563,-0.026361248,0.014793202,-22.920269,0.014590659,0.007859644,0.99986494,2.7046237
-0.026838869,0.9996166,-0.0069191526,111.82131,-0.99958783,-0.026764836,0.010641048,-23.76898,0.0104517825,0.00720188,0.99992174,2.7233202
-0.027686238,0.99960417,-0.005157681,111.79704,-0.99960357,-0.027656896,0.0057603717,-24.655584,0.0056154565,0.005315108,0.9999724,2.746222
-0.02745996,0.9996209,-0.0023708292,111.78748,-0.9996255,-0.027459659,0.00034808042,-25.497803,0.0002828633,0.0023794922,0.9999994,2.7589526
-0.02733729,0.9996271,0.00025726436,111.767426,-0.99962854,-0.027337505,-0.00087588275,-26.343573,-0.0008685048,-0.00028111762,1.0000019,2.7652345
-0.027279418,0.9996269,-0.0019570447,111.75064,-0.9996169,-0.027269239,0.0052665784,-27.162006,0.005211257,0.0020999566,0.9999866,2.793741
-0.026047915,0.99965364,-0.0039870855,111.73163,-0.9995361,-0.025981197,0.016059952,-27.97887,0.015950799,0.0044035534,0.9998654,2.8135014
-0.02621363,0.99964374,-0.005208467,111.714325,-0.9994417,-0.026099388,0.020986421,-28.809656,0.020842995,0.005755678,0.9997685,2.8364255
-0.02461833,0.9996735,-0.0069733327,111.6934,-0.999567,-0.02450134,0.016452735,-29.647003,0.016276503,0.007375339,0.9998426,2.8526387
-0.023542123,0.9996682,-0.010532736,111.67475,-0.9996884,-0.023449754,0.008849922,-30.47678,0.008599999,0.010737782,0.9999077,2.877594
-0.02342575,0.99965155,-0.012235086,111.65909,-0.9997131,-0.02335702,0.005766065,-31.30244,0.005478288,0.012366632,0.99991083,2.9023316
-0.023200516,0.99966234,-0.011777116,111.64268,-0.9997178,-0.023133075,0.005867725,-32.12285,0.00559331,0.011909908,0.9999158,2.918205
-0.02455475,0.999665,-0.008285349,111.631615,-0.99968004,-0.024500059,0.006691307,-32.936565,0.00648608,0.008446987,0.99994564,2.9379876
-0.026074925,0.99964213,-0.006122377,111.616516,-0.9996401,-0.02603318,0.0068725706,-33.752575,0.006710732,0.0062993625,0.99996006,2.9550564
-0.028334236,0.99958444,-0.00546556,111.5981,-0.99957836,-0.028296718,0.006902873,-34.56978,0.0067453533,0.0056588314,0.99996364,2.9739153
-0.03000494,0.9995405,-0.0044943667,111.580124,-0.99952674,-0.029972082,0.0073040877,-35.37694,0.007166032,0.0047113877,0.99996567,2.9954195
-0.032244403,0.9994771,-0.0027532112,111.55846,-0.9994555,-0.032223534,0.007466983,-36.18175,0.007374366,0.0029924712,0.9999708,3.0104296
-0.034743745,0.9993953,-0.0019150868,111.538734,-0.9993765,-0.034730498,0.0067787715,-36.98359,0.006708167,0.0021494045,0.99997765,3.025837
-0.0364414,0.9993355,-0.0015263319,111.51547,-0.9993242,-0.036433104,0.005422065,-37.778877,0.005362862,0.0017228804,0.9999866,3.0495431
-0.03895794,0.99924034,-0.0016878023,111.48975,-0.99922836,-0.038948398,0.005606664,-38.569763,0.0055366764,0.001904916,0.99998534,3.0659966
-0.040304035,0.99918765,-0.001219732,111.46329,-0.9991706,-0.040296007,0.0063369847,-39.355835,0.006282694,0.0014741189,0.99998164,3.0850637
-0.041952007,0.99911904,-0.00172706,111.43146,-0.99910134,-0.041940283,0.006580252,-40.135025,0.00650203,0.0020015545,0.9999794,3.0999067
-0.042695392,0.9990849,-0.0028912975,111.398186,-0.99907696,-0.04267976,0.0054207346,-40.91407,0.0052923835,0.0031200591,0.9999837,3.1205502
-0.044365026,0.99901026,-0.003489661,111.36736,-0.9990078,-0.04434877,0.0047335834,-41.68932,0.004574146,0.0036961932,0.9999853,3.1371257
-0.046088524,0.9989334,-0.0031550883,111.33923,-0.99893147,-0.04607511,0.0043422864,-42.452965,0.004192294,0.003351836,0.9999882,3.1568477
-0.04678175,0.99890506,-0.0014470549,111.30696,-0.9989026,-0.046777155,0.0033608242,-43.201416,0.0032894667,0.001602684,0.9999958,3.171528
-0.047927395,0.9988515,-0.00074264227,111.2791,-0.998851,-0.047925975,0.002390223,-43.9202,0.002351899,0.000856339,0.9999994,3.187009
-0.04834057,0.9988318,-0.00039872955,111.251785,-0.9988316,-0.048340082,0.0021507982,-44.643555,0.0021290241,0.0005022278,1.0000002,3.1997943
-0.049031805,0.99879813,-0.0003745865,111.21805,-0.9987912,-0.049030248,0.004260048,-45.350193,0.004236572,0.00058300473,0.9999935,3.2173786
-0.048845466,0.9988073,0.00040621118,111.191795,-0.99878573,-0.048847586,0.0068487287,-46.051422,0.006860409,-7.119449e-05,0.99997914,3.2364194
-0.048997745,0.99879843,0.0017400095,111.16448,-0.99876493,-0.049011324,0.008512629,-46.745693,0.0085876845,-0.0013207649,0.99996495,3.2487967
-0.049557902,0.99877113,0.0015381129,111.13285,-0.9987305,-0.04957057,0.009278379,-47.442535,0.009343225,-0.0010763475,0.99995846,3.2667685
-0.049206376,0.99878967,0.0003729147,111.101135,-0.9987472,-0.049208194,0.009406146,-48.133488,0.009413112,9.038893e-05,0.9999584,3.2818663
-0.049937874,0.99875337,-0.00033135142,111.06916,-0.9987174,-0.049933575,0.008730396,-48.829906,0.008702968,0.00076689693,0.99996454,3.3044395
-0.049939547,0.9987487,0.0030433063,111.0417,-0.9987129,-0.049965758,0.009059051,-49.51851,0.009199778,-0.0025869862,0.999957,3.3144734
-0.050171886,0.99872845,0.005154753,111.01262,-0.99869907,-0.050218232,0.009188925,-50.21046,0.0094361035,-0.0046870196,0.99994725,3.3322015
-0.04992174,0.9987469,0.003872421,110.98292,-0.99872315,-0.049951762,0.007947425,-50.879456,0.0081309015,-0.003470727,0.9999637,3.3519993
-0.051058892,0.99869,0.0037131894,110.95014,-0.9986707,-0.051085442,0.0072993594,-51.546658,0.007479489,-0.0033355565,0.9999692,3.370063
-0.05480156,0.9984735,0.007063456,110.92343,-0.99847627,-0.054848507,0.0065600784,-52.234737,0.006937487,-0.0066931844,0.9999563,3.3869402
-0.05962309,0.99818885,0.008154403,110.898964,-0.99819833,-0.059678733,0.006695151,-52.89876,0.0071696723,-0.007740518,0.99994713,3.3973162
-0.0657109,0.9978138,0.0072134435,110.853745,-0.99779063,-0.065779544,0.009654314,-53.56413,0.0101077035,-0.006563106,0.99993014,3.417989
-0.07237977,0.99736124,0.005842312,110.80419,-0.9972983,-0.072448194,0.012396641,-54.22998,0.0127871875,-0.004929257,0.99990886,3.4303122
-0.079716474,0.99679375,0.0070739617,110.75434,-0.99671894,-0.07980823,0.013718544,-54.89726,0.01423911,-0.005957152,0.99988365,3.4480848
-0.085814655,0.99626714,0.009492502,110.7014,-0.99621516,-0.08593712,0.013283619,-55.584766,0.014049783,-0.008316635,0.9998695,3.4630303
-0.09121062,0.995783,0.009966368,110.64297,-0.99574715,-0.091331355,0.012354705,-56.259205,0.013212841,-0.0087970905,0.99987686,3.481073
-0.096090175,0.99529606,0.0124461185,110.58575,-0.99528563,-0.09624283,0.01225916,-56.942123,0.013399336,-0.011209441,0.9998503,3.5006993
-0.099961296,0.9948842,0.01468583,110.5216,-0.99490476,-0.100140184,0.011954205,-57.639267,0.013363683,-0.013416024,0.9998236,3.5135348
-0.10275254,0.9946112,0.013890085,110.45182,-0.99465346,-0.102886304,0.009240314,-58.340538,0.010619615,-0.012866335,0.9998637,3.527133
-0.10432738,0.9944704,0.012115821,110.38043,-0.99452,-0.1044059,0.0059889597,-59.053333,0.0072208075,-0.011424596,0.99991155,3.5422962
-0.105709314,0.99432653,0.011947019,110.31107,-0.9943891,-0.10575803,0.0034721883,-59.773167,0.004715987,-0.011512926,0.9999255,3.5565162
-0.107115366,0.99417245,0.012242327,110.2393,-0.9942409,-0.10715912,0.0029274535,-60.50493,0.0042222766,-0.0118582295,0.99992365,3.5700514
-0.10776705,0.99410653,0.011871344,110.1595,-0.9941533,-0.107843526,0.0059505017,-61.239605,0.0071956813,-0.011160653,0.9999147,3.5810874
-0.1085272,0.99406916,0.0071271653,110.07709,-0.9940389,-0.10859598,0.0100087235,-61.971855,0.01072334,-0.0059984536,0.9999274,3.5912712
-0.10946268,0.9939921,-0.00012225192,109.986626,-0.99389106,-0.1094501,0.014415362,-62.72265,0.014315365,0.0016994444,0.9998989,3.6222458
-0.11040735,0.99388665,-0.0013918093,109.91062,-0.9937664,-0.11037204,0.015906135,-63.488182,0.015655266,0.0031392802,0.9998753,3.6336677
-0.11006201,0.99392587,-0.00018095912,109.8317,-0.9938316,-0.11004934,0.013950689,-64.24936,0.013846028,0.001715279,0.99990547,3.6510851
-0.11045303,0.99388224,-0.0008128683,109.7484,-0.9938364,-0.11044011,0.009946454,-65.01463,0.009795828,0.001906469,0.99995303,3.6631715
-0.110492446,0.9938718,-0.003560133,109.66276,-0.99385464,-0.110463694,0.007581067,-65.75385,0.0071413442,0.004375896,0.99996775,3.6853938
-0.11120401,0.993781,-0.005956077,109.580124,-0.9937765,-0.11115776,0.007685227,-66.49747,0.006975369,0.0067736236,0.99995553,3.7017524
-0.112442635,0.99365455,-0.0031132062,109.50412,-0.9936334,-0.11241582,0.007890361,-67.258316,0.0074903206,0.00398059,0.9999668,3.7190895
-0.114244744,0.9934472,-0.0036413367,109.41888,-0.9934222,-0.11421039,0.008670428,-67.99773,0.008197733,0.0046079257,0.9999586,3.7382054
-0.11689991,0.9931409,-0.0028364426,109.33694,-0.9931121,-0.11687189,0.00873,-68.742004,0.008338618,0.0038374332,0.99996066,3.751297
-0.117903076,0.9930169,-0.004346296,109.24997,-0.9929931,-0.11786134,0.008963261,-69.49458,0.0083884075,0.0053726267,0.9999532,3.7712336
-0.11996671,0.99277157,-0.0038995042,109.16032,-0.9927467,-0.11992932,0.008831929,-70.24769,0.008300423,0.0049307467,0.9999562,3.7873352
-0.1217555,0.9925563,-0.0032038998,109.07275,-0.9925238,-0.12172163,0.009353904,-70.99738,0.00889429,0.004318827,0.9999539,3.8021371
-0.1229236,0.9924158,-0.0018205406,108.98425,-0.99237204,-0.1229001,0.010024088,-71.752556,0.009724314,0.003038844,0.99995095,3.8262455
-0.12426351,0.9922494,-0.0014887378,108.89777,-0.9922,-0.12424186,0.01050477,-72.50263,0.010238383,0.0027824794,0.9999466,3.8329408
-0.12504345,0.99215215,-0.0009061195,108.80227,-0.9920987,-0.1250272,0.010752702,-73.2737,0.0105550205,0.0022435102,0.9999447,3.856803
-0.12633902,0.99198735,-0.0014814879,108.70764,-0.9919468,-0.12631983,0.009594628,-74.04373,0.009330603,0.0026817273,0.99995583,3.87213
-0.12724225,0.99187297,3.752706e-05,108.61106,-0.9918487,-0.12723972,0.0073090736,-74.819984,0.0072544473,0.0008927997,0.9999763,3.8882322
-0.12873185,0.99167687,0.00277211,108.51667,-0.9916671,-0.12874573,0.005311897,-75.603714,0.0056245853,-0.0020651964,0.99998504,3.900596
-0.13117209,0.9913597,0.001561049,108.419,-0.9913517,-0.1311786,0.004599454,-76.388855,0.004764493,-0.00094422733,0.9999912,3.9174924
-0.13293985,0.9911241,0.001619562,108.31478,-0.9911152,-0.13294682,0.004790968,-77.18263,0.0049637626,-0.0009682606,0.99999017,3.9333887
-0.13543542,0.99078524,0.0020977035,108.21242,-0.99076986,-0.13544644,0.0060559167,-77.97932,0.0062842406,-0.0012581537,0.9999824,3.9430282
-0.13645391,0.99064595,0.0018756562,108.103516,-0.990603,-0.13646626,0.0094818985,-78.776306,0.009649162,-0.00056418777,0.9999562,3.9598017
-0.13766067,0.99048054,0.0005567187,107.998184,-0.9903957,-0.1376566,0.013200292,-79.57389,0.013151257,0.0012657864,0.9999156,3.9756305
-0.1380771,0.9904227,-0.00025052938,107.88233,-0.9902854,-0.13805398,0.016833397,-80.38534,0.016637571,0.0025723963,0.9998611,3.9991083
-0.1379321,0.99044025,-0.0023038764,107.770294,-0.99028456,-0.13786806,0.018340215,-81.19666,0.017847233,0.0048111873,0.999832,4.0139074
-0.13831003,0.990375,-0.005506659,107.65555,-0.9902536,-0.13819595,0.017524613,-82.02019,0.016594918,0.007876801,0.9998341,4.046471
-0.1378179,0.99043643,-0.006665813,107.54004,-0.9903464,-0.13769692,0.01615936,-82.85941,0.01508694,0.008828494,0.99985003,4.0656614
-0.13724333,0.99051803,-0.0063893627,107.4262,-0.99045026,-0.13714124,0.014418568,-83.70404,0.013405594,0.008307181,0.99987847,4.086439
-0.13519834,0.9908026,-0.005849447,107.31627,-0.99076056,-0.13512233,0.011955182,-84.54451,0.011054826,0.0074117067,0.9999143,4.103942
-0.13387302,0.99097514,-0.006986548,107.20672,-0.9909667,-0.13380587,0.009405595,-85.385864,0.008385867,0.008182575,0.99993426,4.122513
-0.13167441,0.9912673,-0.007312995,107.09416,-0.9912856,-0.13163516,0.0056953146,-86.237144,0.0046829367,0.007999177,0.99995995,4.141499
-0.13029137,0.991455,-0.006605995,106.99048,-0.99146736,-0.13025469,0.005798653,-87.0914,0.0048886463,0.0073051276,0.9999643,4.156
-0.12913305,0.99160355,-0.00704108,106.883316,-0.9915962,-0.12906648,0.00928732,-87.937996,0.008300569,0.008181191,0.99993503,4.177865
-0.12726842,0.99184984,-0.0062583103,106.781555,-0.9917674,-0.1271615,0.015323823,-88.7867,0.0144031,0.00815701,0.99986595,4.197964
-0.12626931,0.99199146,-0.003386423,106.67836,-0.9918456,-0.12618946,0.01805425,-89.64302,0.017482309,0.005638495,0.9998342,4.2237573
-0.123972654,0.99228275,-0.0028669636,106.57841,-0.9921515,-0.12390743,0.017022211,-90.506966,0.016535586,0.004954741,0.9998539,4.234013
-0.123379976,0.992353,-0.0039134864,106.47177,-0.9922668,-0.123312704,0.01442558,-91.37702,0.013832669,0.0056630387,0.9998912,4.2658877
-0.122503094,0.9924594,-0.004454653,106.36801,-0.9923968,-0.12243804,0.012846292,-92.24601,0.0122039905,0.005994481,0.9999105,4.2844563
-0.12188991,0.992538,-0.0037183187,106.26537,-0.9924787,-0.12183721,0.012215778,-93.11659,0.01167158,0.0051793214,0.99992144,4.311745
-0.12159007,0.9925769,-0.003102449,106.164734,-0.992516,-0.12154516,0.012093928,-93.979416,0.011627051,0.004549722,0.999925,4.3353724
-0.12050717,0.9926998,-0.005272448,106.05858,-0.99266505,-0.12044603,0.010783785,-94.84669,0.0100700045,0.0065332847,0.999931,4.3506
-0.11983788,0.99275833,-0.008508325,105.958336,-0.99275714,-0.11975231,0.010006301,-95.70753,0.008914939,0.009645814,0.99991673,4.3769264
-0.119100876,0.99284023,-0.0092654815,105.85811,-0.99283975,-0.11900082,0.010750034,-96.56252,0.009570456,0.010479454,0.9999023,4.399653
-0.11845554,0.99291694,-0.009314018,105.76162,-0.99289477,-0.118332766,0.012839441,-97.41529,0.01164633,0.01076872,0.9998772,4.4199095
-0.11709465,0.9930941,-0.0074500656,105.664925,-0.9930409,-0.116984785,0.013850769,-98.289215,0.012883555,0.009020052,0.9998794,4.4441533
-0.11631677,0.9932034,-0.004468731,105.578026,-0.99316126,-0.1162626,0.011011397,-99.145325,0.010416998,0.0057189683,0.99993247,4.463431
-0.116845295,0.9931508,0.0011340044,105.48949,-0.99311835,-0.116851285,0.008323176,-99.99201,0.008398671,-0.00015367754,0.9999678,4.487153
-0.117083065,0.9931181,0.0032655154,105.402855,-0.9930814,-0.1171089,0.009084425,-100.83984,0.009404318,-0.0021792874,0.99995655,4.5105
-0.11865963,0.99290913,0.0073582986,105.3095,-0.99284726,-0.11874663,0.012698245,-101.675446,0.01348196,-0.0057988875,0.99989545,4.5389137
-0.11923152,0.9928352,0.008054619,105.21554,-0.9927397,-0.11934408,0.015252159,-102.513275,0.016104128,-0.0061775898,0.99985445,4.557054
-0.11999882,0.99274546,0.0077192835,105.12342,-0.99263704,-0.12010972,0.01591027,-103.34324,0.016721984,-0.0057532224,0.9998469,4.5838757
-0.12085773,0.9926479,0.00681989,105.02538,-0.9925404,-0.12095182,0.01555578,-104.16357,0.016266266,-0.0048889713,0.999859,4.607111
-0.121344164,0.99259186,0.0063259117,104.92671,-0.9924756,-0.12143187,0.015943598,-104.98507,0.016593626,-0.004343643,0.9998561,4.630131
-0.12237775,0.9924704,0.005406283,104.831505,-0.9923082,-0.12245795,0.018336384,-105.79382,0.018860327,-0.0031207283,0.99982053,4.6648355
-0.12270201,0.9924295,0.0055609257,104.731964,-0.99223316,-0.122790605,0.02008756,-106.61257,0.020618282,-0.0030529462,0.999786,4.693151
-0.1244602,0.99219733,0.0075639244,104.63435,-0.9920053,-0.12459086,0.020257052,-107.41753,0.021041352,-0.004982248,0.9997695,4.721565
-0.12607674,0.99198264,0.008848542,104.538445,-0.99181175,-0.12622997,0.019575482,-108.22415,0.020535452,-0.006308064,0.99977255,4.749019
-0.1292529,0.99156743,0.009538886,104.4402,-0.99138355,-0.12942536,0.020384282,-109.02506,0.021446925,-0.006821955,0.99974996,4.7806582
-0.13291125,0.99108213,0.009698355,104.3385,-0.99084604,-0.13310213,0.022707356,-109.81815,0.023795681,-0.006591502,0.9996984,4.815916
-0.13555492,0.99069977,0.011925714,104.23659,-0.9904454,-0.13581067,0.024106912,-110.59581,0.025502304,-0.008543942,0.99964154,4.846586
-0.13938622,0.99017155,0.011628734,104.13939,-0.9899129,-0.13963366,0.02413585,-111.36976,0.02552235,-0.0081472155,0.99964434,4.871496
-0.14185785,0.9898277,0.011000989,104.028564,-0.9895819,-0.14208315,0.02340679,-112.15166,0.024731698,-0.00756593,0.99966884,4.9031487
-0.14490028,0.98939514,0.01023601,103.919014,-0.98913336,-0.1451086,0.023803266,-112.91859,0.02503612,-0.0066756695,0.9996676,4.9350696
