'05':
  ARE: 0.0010518559370059453
  ATE: 0.010236811384515819
  STD_ARE: 0.0008851581140672174
  STD_ATE: 0.007415126170918708
  nsecs_per_frame: 0.6635756811254571
  rot_err: 3.0305910405764426e-05
  tr_err: 0.003288970436482652
AVG:
  ARE: 0.0010518559370059453
  ATE: 0.010236811384515819
  STD_ARE: 0.0008851581140672174
  STD_ATE: 0.007415126170918708
  nsecs_per_frame: 0.6635756811254571
  rot_err: 3.0305910405764426e-05
  tr_err: 0.003288970436482652
