'05':
  ARE: 0.0011537652717687143
  ATE: 0.011242707998518217
  STD_ARE: 0.0009689091768798873
  STD_ATE: 0.008351725870157978
  nsecs_per_frame: 0.3301773103239397
  rot_err: 3.377980575868457e-05
  tr_err: 0.003825708628166679
AVG:
  ARE: 0.0011537652717687143
  ATE: 0.011242707998518217
  STD_ARE: 0.0009689091768798873
  STD_ATE: 0.008351725870157978
  nsecs_per_frame: 0.3301773103239397
  rot_err: 3.377980575868457e-05
  tr_err: 0.003825708628166679
