0,1,2,3,4,5,6,7,8,9,10,11
1.0,0.0,0.0,0.0,0.0,1.0,0.0,0.0,0.0,0.0,1.0,0.0
0.99997854,-0.0065521323,0.00020325782,0.092897356,0.006552116,0.99997854,8.06676e-05,0.006765022,-0.000203782,-7.93341e-05,1.0,0.0034595386
0.99990875,-0.013508236,0.00019860013,0.18604322,0.01350816,0.9999087,0.00037746123,0.014096324,-0.00020368084,-0.00037474406,0.99999994,0.005268711
0.9997723,-0.02133724,-0.00034814357,0.29241943,0.021337416,0.99977225,0.00051342905,0.023755522,0.00033710906,-0.00052074064,0.9999999,0.0065578762
0.9995274,-0.030702095,-0.001553554,0.40175998,0.03070344,0.9995282,0.0008500791,0.03446803,0.001526722,-0.00089737686,0.9999985,0.006503494
0.99911726,-0.041911874,-0.0028660796,0.5162374,0.041914623,0.9991208,0.00090582186,0.046696004,0.0028255954,-0.0010251529,0.9999956,0.00763369
0.9984461,-0.05557508,-0.004092333,0.64760345,0.055578984,0.99845386,0.00084648497,0.0649224,0.004038963,-0.0010726174,0.99999136,0.00842099
0.99741226,-0.07175799,-0.0044035856,0.78652847,0.07176205,0.9974214,0.0007711763,0.08648767,0.0043368936,-0.0010851912,0.9999901,0.0086917
0.9959045,-0.09029901,-0.0044964813,0.9396149,0.0902987,0.99591464,-0.00027323846,0.111,0.004502786,-0.0001339069,0.99999,0.009788698
0.99392146,-0.10999191,-0.0046537444,1.1047382,0.10998702,0.9939321,-0.0012934584,0.1381445,0.0047677774,0.0007737448,0.99998844,0.016237464
0.9911746,-0.13246012,-0.005192895,1.2699238,0.13245347,0.9911879,-0.0016037789,0.17529948,0.005359573,0.00090180815,0.99998534,0.019572427
0.98765635,-0.15648171,-0.0069333958,1.4468154,0.15649778,0.98767656,0.0018329523,0.22543259,0.0065611308,-0.002895389,0.99997437,0.02527292
0.9832836,-0.18180877,-0.009924853,1.6258272,0.18186976,0.98330647,0.005623891,0.2825601,0.008736702,-0.007334913,0.999935,0.028440323
0.9778967,-0.20876427,-0.011627197,1.8048673,0.20886756,0.97790694,0.008505481,0.34717417,0.009594678,-0.01074603,0.9998963,0.034595516
0.9711359,-0.23819406,-0.012580751,2.0021207,0.2383151,0.97114444,0.009182284,0.41816717,0.010030563,-0.011915432,0.99987876,0.04081648
0.96309775,-0.26883778,-0.012986592,2.1883364,0.26898068,0.96308404,0.010879463,0.49410158,0.009582371,-0.013971131,0.99985653,0.04591169
0.9536712,-0.300559,-0.013234817,2.3941503,0.30071956,0.9536307,0.0124875065,0.58236516,0.008867899,-0.015888948,0.9998344,0.048557226
0.94246876,-0.3340173,-0.013591952,2.590671,0.33419928,0.94238985,0.014556674,0.68097055,0.007946739,-0.018261638,0.99980164,0.054888174
0.9299546,-0.36735743,-0.0152507555,2.772333,0.36758593,0.92983913,0.016713668,0.7827564,0.008040863,-0.021148924,0.999744,0.054430846
0.91618663,-0.40039545,-0.016886506,2.9804685,0.40067485,0.9160216,0.019070975,0.9025205,0.007832478,-0.02423858,0.9996755,0.055772215
0.90019566,-0.43511966,-0.017839924,3.1763282,0.43541884,0.90001816,0.01942346,1.0237586,0.00760473,-0.025252763,0.99965215,0.053700134
0.8818454,-0.4711983,-0.017897584,3.3595364,0.47145835,0.881759,0.015089795,1.1435457,0.008671074,-0.021744842,0.99972594,0.053308517
0.8605906,-0.50900686,-0.017185802,3.5664535,0.5092107,0.8605758,0.010646531,1.2867283,0.009370533,-0.017913507,0.9997956,0.06157602
0.83596194,-0.5485548,-0.0159596,3.7457335,0.5487419,0.83591247,0.011505036,1.4369043,0.0070296903,-0.018375482,0.99980646,0.068909906
0.80731785,-0.5898881,-0.016406376,3.9380457,0.59010684,0.8071502,0.016796477,1.6273034,0.003334369,-0.023241622,0.99972427,0.07187496
0.77516234,-0.63150555,-0.01797914,4.1167717,0.6317587,0.7749311,0.019039204,1.8214562,0.00190923,-0.026116965,0.99965703,0.077949226
0.73979557,-0.6725681,-0.018811302,4.277621,0.6728293,0.73957247,0.018249603,2.0115798,0.0016382191,-0.026157783,0.99965644,0.076676734
0.7002985,-0.7136731,-0.015870858,4.4682407,0.71384925,0.7001515,0.014381112,2.2364511,0.0008485905,-0.021400483,0.9997706,0.084062956
0.65811425,-0.75280356,-0.013098766,4.636839,0.75291723,0.65803415,0.0103105875,2.4638538,0.00085758744,-0.016647842,0.99986094,0.08676738
0.6139397,-0.7892753,-0.011035656,4.7851353,0.7893524,0.61386883,0.009353673,2.7023413,-0.0006081804,-0.014453622,0.9998953,0.08773442
0.5660526,-0.82432294,-0.008683763,4.9485226,0.82436424,0.5659827,0.009325631,2.9896057,-0.0027724754,-0.01243739,0.9999187,0.087021485
0.51530194,-0.8569755,-0.007500393,5.081542,0.8569964,0.51522845,0.009833142,3.2734427,-0.0045623514,-0.011494854,0.9999234,0.09011572
0.46324998,-0.8862013,-0.0067840694,5.192598,0.8862073,0.46317425,0.010300077,3.5646968,-0.005985741,-0.010783609,0.9999238,0.08771129
0.4087793,-0.91261375,-0.0059189564,5.316488,0.9125939,0.40869305,0.011929187,3.9124746,-0.008467711,-0.0102780145,0.99991125,0.088143036
0.35401204,-0.9352233,-0.005675861,5.406661,0.9351825,0.35391584,0.013314088,4.23544,-0.010442875,-0.01002132,0.99989516,0.086405605
0.29852682,-0.95439327,-0.0038085491,5.500043,0.9543025,0.29843634,0.015571779,4.620943,-0.0137249995,-0.008283108,0.9998714,0.086754784
0.2449286,-0.9695408,-0.00010924623,5.57306,0.96940273,0.24489187,0.016917624,4.9927235,-0.016375583,-0.004249518,0.99985677,0.089610726
0.19407023,-0.9809869,0.00094698905,5.62717,0.9808356,0.19405717,0.017413083,5.374121,-0.017265787,-0.0024505246,0.9998478,0.09373243
0.1464217,-0.9892202,-0.001871282,5.6584578,0.9890756,0.14636725,0.017493015,5.802707,-0.017030561,-0.0044122003,0.99984515,0.09014271
0.10399722,-0.9945636,-0.0052190362,5.675991,0.99444026,0.10389433,0.017159477,6.2230787,-0.016523974,-0.006974562,0.999839,0.0791477
0.06545286,-0.99782616,-0.0076367054,5.683464,0.99773765,0.06532556,0.015880285,6.6819744,-0.0153469015,-0.008658842,0.9998446,0.07229904
0.030777924,-0.9994951,-0.007858238,5.680519,0.9994441,0.030673686,0.013063799,7.147864,-0.012816171,-0.00825595,0.99988365,0.068694115
-0.00034356862,-0.9999664,-0.008152111,5.664346,0.999947,-0.00042739697,0.01028855,7.607129,-0.010291697,-0.008148148,0.99991363,0.06976094
-0.027645811,-0.9995767,-0.009035219,5.632773,0.9995835,-0.02771864,0.0080410475,8.106571,-0.008288098,-0.008809158,0.9999267,0.066893145
-0.04866649,-0.99876577,-0.0099040875,5.594781,0.9987962,-0.048724186,0.0056731133,8.609773,-0.00614869,-0.009616077,0.99993473,0.062516734
-0.06514919,-0.9978196,-0.01054747,5.549437,0.9978609,-0.06520186,0.0047324104,9.141873,-0.0054098167,-0.010216598,0.99993306,0.05236745
-0.07858349,-0.99685925,-0.009789571,5.499668,0.9968927,-0.0786321,0.0046869735,9.684379,-0.0054420377,-0.009390837,0.999941,0.054898415
-0.08783528,-0.99608153,-0.010296334,5.4412103,0.99611384,-0.08789597,0.005598736,10.244203,-0.006481814,-0.009764558,0.99993116,0.058399405
-0.09499728,-0.99540466,-0.012028309,5.375712,0.9954475,-0.09508125,0.006612562,10.816603,-0.0077258516,-0.011345378,0.99990565,0.060934387
-0.09928184,-0.994985,-0.012153044,5.31198,0.9950212,-0.099377595,0.007546216,11.404401,-0.008716121,-0.0113433385,0.99989754,0.059718262
-0.10115361,-0.9948024,-0.011651372,5.2482004,0.9948267,-0.10125251,0.008237054,12.019442,-0.009373982,-0.010757891,0.9998981,0.057006698
-0.09994999,-0.99494535,-0.009658527,5.1855154,0.99493134,-0.10004673,0.010116337,12.641189,-0.011031518,-0.008598446,0.99990207,0.053482383
-0.09857518,-0.9950844,-0.009461324,5.119707,0.9950388,-0.098690145,0.012573516,13.285677,-0.013445461,-0.008174951,0.9998761,0.053363338
-0.09683844,-0.99524385,-0.010558839,5.04975,0.9952093,-0.09696741,0.012479034,13.952058,-0.013443557,-0.009299809,0.9998663,0.050674956
-0.09484606,-0.9953943,-0.013930987,4.9809804,0.9954223,-0.094995566,0.0104953265,14.622755,-0.011770381,-0.012871781,0.9998478,0.049979653
-0.09371568,-0.99548423,-0.015104052,4.912428,0.99553293,-0.093873255,0.010086078,15.309519,-0.011458409,-0.014091365,0.99983495,0.0432598
-0.091902845,-0.9956558,-0.014934376,4.8476834,0.9956753,-0.09208832,0.012247466,16.007046,-0.013569552,-0.013744221,0.9998134,0.03855522
-0.09038501,-0.9957726,-0.016339442,4.775833,0.99575865,-0.09064232,0.015761074,16.728033,-0.017175505,-0.014845583,0.9997422,0.03439029
-0.088301204,-0.99595666,-0.016513312,4.705771,0.9959179,-0.08858485,0.017316809,17.461489,-0.018709637,-0.014916816,0.9997136,0.028778914
-0.08668084,-0.9960718,-0.018075705,4.6333504,0.9960602,-0.086992055,0.01720733,18.201244,-0.018712198,-0.016512953,0.99968845,0.024671368
-0.08477706,-0.9961766,-0.021079613,4.558747,0.9962633,-0.08509654,0.014750713,18.95886,-0.016488135,-0.019750332,0.9996689,0.018905226
-0.08305028,-0.9962986,-0.022157367,4.488743,0.9964221,-0.083368875,0.01386413,19.736212,-0.015660068,-0.02092668,0.9996583,0.007979676
-0.08187523,-0.99643993,-0.02007804,4.4240727,0.9964972,-0.08219053,0.015416021,20.515812,-0.017011385,-0.01874553,0.99967945,0.0034353058
-0.080241725,-0.9966092,-0.018182356,4.3601017,0.996595,-0.08056068,0.017546741,21.313385,-0.01895205,-0.016712474,0.9996805,0.0001722679
-0.079584375,-0.99669385,-0.016337669,4.294042,0.99662393,-0.0798889,0.01892072,22.111105,-0.020163387,-0.014776727,0.9996873,-0.0046371133
-0.07863172,-0.99677473,-0.01601161,4.2262197,0.9967765,-0.07886792,0.01469837,22.91447,-0.01591379,-0.014804246,0.9997636,-0.009119494
-0.07849988,-0.9967955,-0.015354628,4.1617513,0.9968737,-0.07862572,0.007772578,23.728971,-0.00895496,-0.014696485,0.9998517,-0.012822172
-0.078873284,-0.9968019,-0.012810081,4.096866,0.99687517,-0.07892138,0.0032946519,24.546074,-0.0042951237,-0.012510199,0.9999123,-0.016838972
-0.0792525,-0.9967816,-0.012025607,4.0277185,0.9968422,-0.079305336,0.003983443,25.381252,-0.0049243374,-0.011671941,0.9999196,-0.015433443
-0.07949772,-0.996762,-0.012029733,3.9540234,0.99676174,-0.079632185,0.011147398,26.226992,-0.01206928,-0.01110459,0.9998653,-0.0105551155
-0.07989867,-0.996714,-0.013282285,3.8788457,0.99662054,-0.08013171,0.018054016,27.07695,-0.01905905,-0.011794913,0.99974865,-0.010810473
-0.079665005,-0.9967138,-0.014629853,3.8020916,0.9965205,-0.07999294,0.02339799,27.919043,-0.024491416,-0.012714956,0.99961907,-0.0132727735
-0.080638744,-0.99660856,-0.016365984,3.7258031,0.9964316,-0.08101318,0.023676053,28.766653,-0.024921646,-0.014398385,0.9995857,-0.017890848
-0.08058834,-0.99660486,-0.016833873,3.652864,0.9965062,-0.08092873,0.020626549,29.601244,-0.02191889,-0.01511281,0.9996455,-0.023025388
-0.08160295,-0.9965039,-0.01788947,3.5756555,0.9964781,-0.081921786,0.017880248,30.436502,-0.0192833,-0.016367394,0.99968,-0.028447904
-0.08198359,-0.9964415,-0.01954916,3.4982958,0.99643105,-0.082346424,0.018540021,31.278599,-0.020083874,-0.017959422,0.9996369,-0.035121217
-0.08134445,-0.9964954,-0.019469906,3.4221315,0.9964415,-0.08174153,0.020550054,32.121296,-0.02206956,-0.017728996,0.99959916,-0.039650757
-0.081910126,-0.99642724,-0.020559913,3.3448398,0.996426,-0.082302175,0.019006545,32.95832,-0.020630788,-0.01892961,0.99960786,-0.042354204
-0.08089374,-0.9964963,-0.021225605,3.2710602,0.9965938,-0.08120731,0.014351637,33.783672,-0.01602505,-0.019992355,0.99967164,-0.0440373
-0.08100987,-0.99645346,-0.022738103,3.195888,0.99664116,-0.081257135,0.010168602,34.613174,-0.011980194,-0.02183798,0.9996897,-0.04591684
-0.08088583,-0.9964571,-0.023016993,3.1237361,0.996646,-0.08114542,0.010576093,35.446346,-0.01240637,-0.022084346,0.999679,-0.048064295
-0.07978822,-0.9965833,-0.021323465,3.0524912,0.9967094,-0.080068216,0.012616006,36.283134,-0.014280258,-0.020246698,0.9996929,-0.04382278
-0.079763986,-0.996564,-0.022293627,2.98089,0.9966281,-0.08016067,0.017505215,37.1179,-0.019232169,-0.020822179,0.9995981,-0.044419322
-0.07910191,-0.9966367,-0.021384604,2.9099197,0.9965648,-0.079587385,0.022893658,37.958813,-0.024518637,-0.019500224,0.99950904,-0.04894703
-0.079601794,-0.9965548,-0.023263354,2.837795,0.99644345,-0.08019646,0.025857065,38.796024,-0.027633654,-0.021122359,0.99939483,-0.056679152
-0.07935865,-0.99659604,-0.022305574,2.765599,0.9964674,-0.0799252,0.025772655,39.63989,-0.027467739,-0.020181505,0.99941885,-0.06559564
-0.07924131,-0.9965935,-0.022832515,2.6979294,0.99657637,-0.07974011,0.02183243,40.460583,-0.023578757,-0.021024326,0.99950075,-0.07248723
-0.07880056,-0.99660337,-0.023902077,2.6238134,0.9966973,-0.079234324,0.017778007,41.3035,-0.019611519,-0.022422232,0.99955606,-0.0782652
-0.078705244,-0.9965443,-0.02653531,2.5474901,0.9967535,-0.07911875,0.014910252,42.132214,-0.016958198,-0.02527566,0.9995365,-0.0815497
-0.07939862,-0.9963878,-0.03010559,2.4654388,0.9967228,-0.07982139,0.0131101925,42.970947,-0.015465938,-0.028966013,0.9994606,-0.0875412
-0.08035264,-0.9963795,-0.027757019,2.3952231,0.9966813,-0.080678396,0.010821258,43.79272,-0.013021502,-0.026795398,0.999556,-0.086065985
-0.08143532,-0.996384,-0.024213206,2.3299322,0.9966323,-0.08164143,0.0076481816,44.61037,-0.0095973555,-0.023508843,0.9996775,-0.080856234
-0.082561806,-0.99637043,-0.020701036,2.2621617,0.9965546,-0.08270553,0.006185065,45.43937,-0.007874734,-0.020119075,0.99976647,-0.08007707
-0.0841243,-0.99625206,-0.020097187,2.1904807,0.9963986,-0.08431713,0.008948316,46.260086,-0.010609345,-0.019272048,0.9997579,-0.075897925
-0.086382866,-0.99610037,-0.01791539,2.1181495,0.9961295,-0.08665047,0.014741032,47.088234,-0.016235959,-0.016572684,0.99973077,-0.07417772
-0.088029176,-0.9959778,-0.016669707,2.0443132,0.9959264,-0.08832782,0.018117243,47.910297,-0.019516809,-0.015006963,0.9996968,-0.07236113
-0.08958999,-0.9958374,-0.016743448,1.9702266,0.9957867,-0.08988987,0.018109407,48.71721,-0.019539129,-0.0150504885,0.99969566,-0.069283254
-0.090907715,-0.9956615,-0.01981796,1.8861086,0.9957324,-0.09119549,0.014135337,49.530365,-0.015881354,-0.018448383,0.9997036,-0.071438804
-0.09208761,-0.9954475,-0.024551086,1.7993667,0.99567056,-0.09236479,0.01040464,50.334263,-0.012624962,-0.02348667,0.99964434,-0.07084912
-0.09305613,-0.9952581,-0.02829462,1.7135087,0.9955948,-0.09333895,0.00884347,51.127216,-0.011442558,-0.027347054,0.9995604,-0.07325524
-0.094363935,-0.9950836,-0.03004707,1.6289636,0.995463,-0.09468292,0.00937441,51.929108,-0.012173298,-0.029026162,0.99950445,-0.069602095
-0.09495624,-0.9950272,-0.030049931,1.549239,0.99538934,-0.09531419,0.010709849,52.72032,-0.013520808,-0.028894434,0.9994909,-0.06427379
-0.09638144,-0.9948458,-0.03148272,1.4646991,0.9952533,-0.096751794,0.01045742,53.50686,-0.013449561,-0.0303254,0.9994495,-0.059969407
-0.0970715,-0.9947415,-0.032638192,1.380911,0.9951854,-0.0974556,0.010388171,54.290287,-0.013514351,-0.03147268,0.99941313,-0.05818637
-0.09713983,-0.9947719,-0.03148962,1.30187,0.99516255,-0.09754654,0.011644758,55.068417,-0.014655612,-0.030206142,0.99943614,-0.055826504
-0.09794499,-0.9947078,-0.031014815,1.2207402,0.99503994,-0.09842636,0.014390843,55.84617,-0.01736739,-0.02945149,0.99941516,-0.051335316
-0.09772448,-0.9947239,-0.031195587,1.1399015,0.9949823,-0.09832903,0.018469026,56.617428,-0.021439048,-0.029234199,0.9993425,-0.055297945
-0.09842005,-0.99466145,-0.03100055,1.0553453,0.9948653,-0.09908272,0.020615682,57.39135,-0.023577277,-0.028812395,0.99930656,-0.056989376
-0.09913958,-0.99458086,-0.03129164,0.9769678,0.9947905,-0.09981196,0.020707961,58.146503,-0.023719056,-0.029075667,0.99929553,-0.059777673
-0.09914446,-0.99462354,-0.029889032,0.8994092,0.9948352,-0.099732324,0.018861197,58.89029,-0.021740723,-0.027864696,0.99937505,-0.06096182
-0.09953182,-0.9945653,-0.030532958,0.8241223,0.9948677,-0.10002947,0.015224955,59.627296,-0.018196436,-0.028860904,0.99941766,-0.06245915
-0.09928614,-0.9945836,-0.030736594,0.7495331,0.9949421,-0.099699765,0.012226626,60.338882,-0.015224857,-0.029367218,0.9994526,-0.061466876
-0.09829696,-0.99467164,-0.031066896,0.6692834,0.9950699,-0.09865311,0.010142935,61.053154,-0.013153758,-0.029916735,0.9994657,-0.05890536
-0.0960252,-0.9948507,-0.03240946,0.592811,0.9953028,-0.09636882,0.009208661,61.748985,-0.012284526,-0.031372983,0.99943215,-0.05517212
-0.091916405,-0.99524856,-0.032107458,0.5246535,0.99568266,-0.092279315,0.010006769,62.427765,-0.012922099,-0.03104907,0.99943423,-0.05075507
-0.086072266,-0.9957582,-0.0325023,0.4612972,0.99619097,-0.08647501,0.011193234,63.103233,-0.013956415,-0.03141509,0.9994089,-0.04860545
-0.07873248,-0.99638873,-0.031778336,0.4092161,0.9967811,-0.07916659,0.012639799,63.746674,-0.015109961,-0.0306809,0.9994149,-0.043953076
-0.069940105,-0.9969886,-0.03348524,0.3614888,0.9974146,-0.070446305,0.014182511,64.38699,-0.016498737,-0.03240676,0.9993385,-0.040707175
-0.058202203,-0.99769163,-0.034971964,0.31927255,0.9981489,-0.05877623,0.015615643,65.01429,-0.017635142,-0.033998378,0.99926627,-0.036187872
-0.043294378,-0.99839604,-0.03646989,0.28672242,0.998884,-0.043947257,0.017294478,65.61752,-0.01886952,-0.035680454,0.9991851,-0.033629373
-0.02511237,-0.9989625,-0.037978753,0.268753,0.99948776,-0.025843047,0.018872436,66.202446,-0.019834373,-0.037485383,0.9991003,-0.031411164
-0.0029598288,-0.9992732,-0.037993476,0.26776126,0.9997968,-0.003714526,0.019809246,66.76856,-0.019936007,-0.037927136,0.9990817,-0.029840771
0.022252418,-0.99904037,-0.037714425,0.2840078,0.9995623,0.021496978,0.020319875,67.31218,-0.01948966,-0.038150102,0.999082,-0.03099208
0.051575404,-0.9980314,-0.03567485,0.32034686,0.99849445,0.050865665,0.02052589,67.82861,-0.018670887,-0.036679793,0.9991527,-0.026858382
0.08558285,-0.9957625,-0.033642776,0.3712744,0.99617165,0.08491665,0.0207598,68.32292,-0.017815031,-0.035290685,0.99921834,-0.02746648
0.12266564,-0.99192464,-0.03221692,0.44293106,0.99230313,0.12202859,0.021056045,68.8027,-0.016954657,-0.034551825,0.9992592,-0.02799858
0.1629851,-0.98614377,-0.03091187,0.5350573,0.9864964,0.16237077,0.021457814,69.262886,-0.016141338,-0.033991773,0.99929184,-0.02488372
0.20781633,-0.9777576,-0.028313652,0.643835,0.97804004,0.20723441,0.02216877,69.709984,-0.015808154,-0.032298937,0.99935335,-0.025237624
0.2548295,-0.9666963,-0.023649689,0.78763705,0.9668747,0.25435328,0.021388091,70.14821,-0.014660444,-0.028316624,0.9994916,-0.023184171
0.30492288,-0.9522512,-0.015456823,0.94882923,0.95230407,0.30465874,0.017315548,70.562584,-0.011779726,-0.019999519,0.99973065,-0.012516129
0.35518765,-0.93475235,-0.008901222,1.1436287,0.93475294,0.35506546,0.012858013,70.970566,-0.008858568,-0.012887467,0.99987775,-0.0034163464
0.40715218,-0.9133516,-0.003922738,1.3450063,0.91333836,0.40710908,0.008668907,71.358246,-0.0063208034,-0.0071123675,0.99995476,-0.00020076125
0.45760322,-0.8891515,-0.0028834466,1.5799792,0.8891364,0.45756894,0.008187543,71.74537,-0.0059606144,-0.0063104406,0.9999624,-0.0030012848
0.5057479,-0.8626809,-0.00028262753,1.8146526,0.86265963,0.5057332,0.007228624,72.109314,-0.006093085,-0.003899691,0.9999739,-0.005507689
0.55063426,-0.83471256,0.007506502,2.0835881,0.83471656,0.5506686,0.0035114866,72.45311,-0.0070646987,0.0043322397,0.9999657,-0.005873066
0.59427214,-0.8040656,0.017851256,2.3850965,0.804217,0.594331,-0.0023918035,72.77933,-0.00868641,0.015777651,0.9998379,0.010316518
0.63656366,-0.77099925,0.018609688,2.6690433,0.7711978,0.6365558,-0.007120086,73.08291,-0.006356543,0.018884122,0.9998016,0.015182647
0.6781591,-0.73481673,0.012002308,2.9768229,0.73491466,0.6780565,-0.0118268775,73.386154,0.00055232935,0.01684116,0.99985814,0.0115810735
0.7188872,-0.6951238,0.0018679891,3.284869,0.69504505,0.7187596,-0.01723452,73.666466,0.010637479,0.013687994,0.99984986,0.016933603
0.7583692,-0.65178454,-0.0072401008,3.6475396,0.65156794,0.75833553,-0.019659681,73.94675,0.018304296,0.01019186,0.99978065,0.0174803
0.7954887,-0.60586756,-0.011027662,4.0160484,0.605592,0.7955047,-0.020752754,74.21076,0.021345973,0.009830297,0.999724,0.022018043
0.82985896,-0.55783224,-0.012513787,4.4277678,0.5575201,0.8298807,-0.021668602,74.461334,0.02247239,0.011005177,0.999687,0.030631179
0.8607917,-0.508697,-0.016263034,4.8808446,0.50836486,0.8608924,-0.020728813,74.70488,0.024545407,0.009575615,0.999653,0.036594503
0.8871704,-0.46117565,-0.015659563,5.3364367,0.4608862,0.8872571,-0.018946823,74.92643,0.02263187,0.00959176,0.999698,0.05873692
0.90912426,-0.41615814,-0.01746317,5.8344936,0.41596538,0.9092777,-0.013683191,75.14903,0.02157324,0.005175622,0.99975395,0.06955923
0.92671657,-0.3751933,-0.020639189,6.333333,0.37511817,0.92694646,-0.0075476062,75.347046,0.021963233,-0.0007476681,0.9997586,0.08163426
0.94061923,-0.33882216,-0.020846928,6.8700213,0.33882836,0.94084245,-0.0033427877,75.53649,0.020746285,-0.0039192657,0.99977714,0.09311518
0.9513662,-0.30749562,-0.0186638,7.438054,0.30750522,0.95154345,-0.002425825,75.71613,0.018505348,-0.0034313938,0.9998229,0.11025147
0.9588878,-0.28330755,-0.01644845,8.002633,0.2832993,0.95902735,-0.0028817304,75.87406,0.01659093,-0.0018966036,0.9998606,0.12988652
0.96515113,-0.26131654,-0.014018942,8.603653,0.2613079,0.96525246,-0.0024833514,76.03504,0.014180761,-0.001266476,0.9998987,0.14524068
0.9697922,-0.24365258,-0.011663114,9.206659,0.24366078,0.9698604,-0.0007408869,76.186226,0.011492113,-0.0021233624,0.9999317,0.15782128
0.9735485,-0.22822222,-0.01083136,9.834565,0.2282728,0.97359043,0.0036667802,76.33668,0.009708469,-0.0060423193,0.9999346,0.17087078
0.9768006,-0.21390182,-0.010289056,10.480748,0.21396723,0.9768241,0.0057283845,76.487686,0.008825288,-0.0077970373,0.9999307,0.17760755
0.97943985,-0.20150582,-0.009600533,11.132154,0.20156859,0.9794556,0.006079061,76.619484,0.00817833,-0.007889268,0.99993545,0.19621834
0.98219085,-0.18763503,-0.0096628945,11.807303,0.18769711,0.98220885,0.0059653814,76.74844,0.008371668,-0.0076728677,0.9999355,0.2068365
0.9849859,-0.17240544,-0.008847776,12.503613,0.17245801,0.98500127,0.005559427,76.87525,0.007756596,-0.0070018545,0.9999454,0.21653904
0.9872422,-0.15899995,-0.008423345,13.206541,0.15905288,0.98725176,0.0060293213,76.9925,0.007357302,-0.0072921854,0.99994636,0.22542575
0.9893553,-0.14513417,-0.010542519,13.93234,0.14521162,0.989376,0.0069895373,77.103355,0.009416099,-0.00844606,0.99992007,0.24300598
0.9907752,-0.13460405,-0.015659032,14.65518,0.13472658,0.9908578,0.0070460727,77.202255,0.014567453,-0.0090907905,0.99985266,0.25611383
0.9919683,-0.1246754,-0.021306975,15.39474,0.124842964,0.9921538,0.0067176325,77.29695,0.020302285,-0.009323733,0.99975055,0.27657998
0.99301535,-0.11596233,-0.021729682,16.15819,0.11615028,0.9932026,0.0075923377,77.38948,0.020701565,-0.010063247,0.9997352,0.2910317
0.993845,-0.10967582,-0.015565297,16.925003,0.10980702,0.99392194,0.007838802,77.47584,0.014610972,-0.009499763,0.99984825,0.3122991
0.99444705,-0.10490394,-0.008314513,17.693598,0.10499752,0.99440295,0.011756605,77.56787,0.007034666,-0.0125643555,0.99989647,0.32825267
0.9949677,-0.10010521,-0.0041433573,18.468313,0.10014603,0.99490935,0.011225765,77.652824,0.002998509,-0.011584245,0.99992853,0.34816107
0.995275,-0.09697292,-0.0047646062,19.237286,0.097022444,0.99521464,0.011589689,77.72975,0.0036179216,-0.011997233,0.9999217,0.36616907
0.9956349,-0.09315953,-0.0055921087,20.00523,0.09321978,0.9955766,0.011712508,77.80361,0.004476243,-0.012182709,0.99991596,0.38123408
0.995839,-0.09104326,-0.0038196142,20.776304,0.09107873,0.99578863,0.010470243,77.87632,0.0028502839,-0.010774594,0.99993813,0.39300358
0.9960679,-0.0885776,-0.001213037,21.547354,0.08858478,0.9960308,0.008674965,77.94592,0.00043981327,-0.008748341,0.99996185,0.40846336
0.9963548,-0.085294314,0.00075027003,22.314653,0.08528797,0.99633676,0.0062373653,78.01077,-0.0012795363,-0.0061506685,0.99998045,0.42466226
0.9965793,-0.08260532,-0.002176922,23.078827,0.08261526,0.996569,0.0049812766,78.07817,0.001757973,-0.005144112,0.99998534,0.44036287
0.99668175,-0.080809474,-0.009697859,23.839636,0.08088792,0.99669105,0.007993545,78.14942,0.00901982,-0.008751491,0.99992114,0.4525291
0.9967374,-0.07884188,-0.017240634,24.592861,0.07900593,0.99683297,0.009051891,78.21535,0.016472375,-0.010384503,0.99981046,0.47028264
0.9967481,-0.07761962,-0.02161357,25.355715,0.07785133,0.9969138,0.010094868,78.28097,0.02076332,-0.011744719,0.9997155,0.49131587
0.9969742,-0.07496839,-0.020517876,26.11985,0.075208046,0.99710524,0.011170536,78.34434,0.019621057,-0.01267988,0.99972713,0.51451635
0.99720174,-0.07291193,-0.016473658,26.88433,0.073157795,0.99720967,0.01485244,78.41039,0.015344782,-0.01601609,0.9997541,0.5424838
0.9974106,-0.07087312,-0.012163611,27.641478,0.07108192,0.9973134,0.017694155,78.47399,0.010876901,-0.018512987,0.9997695,0.56290257
0.99762344,-0.06819716,-0.009774159,28.39979,0.0683443,0.9975395,0.01561144,78.5291,0.008685461,-0.016242381,0.9998304,0.58553225
0.99768823,-0.0672566,-0.00968034,29.155338,0.06738838,0.9976284,0.014004577,78.580635,0.00871549,-0.014624576,0.99985516,0.6085371
0.99779516,-0.06565564,-0.009654719,29.905071,0.06577275,0.99775785,0.012363341,78.63109,0.008821358,-0.012971129,0.99987704,0.6273213
0.99784017,-0.06474863,-0.011030774,30.665638,0.06487593,0.9978256,0.011606236,78.6853,0.010255311,-0.012296829,0.99987185,0.64116526
0.9978693,-0.064082325,-0.012220401,31.428722,0.06420545,0.9978867,0.009968124,78.73475,0.011555807,-0.010731529,0.99987566,0.66090566
0.9979356,-0.06308004,-0.01202363,32.19185,0.063192554,0.9979585,0.009223602,78.7839,0.01141727,-0.009964391,0.9998852,0.68195766
0.9979512,-0.06290839,-0.011617556,32.964405,0.063032046,0.9979549,0.010608503,78.841705,0.010926445,-0.011319074,0.99987626,0.6966317
0.9979427,-0.0629303,-0.012217067,33.7371,0.06306848,0.99794525,0.011280455,78.897705,0.011482094,-0.012027787,0.9998617,0.71512425
0.9978646,-0.06414972,-0.012255519,34.516293,0.064282075,0.9978739,0.010734595,78.950134,0.0115408525,-0.01149951,0.99986726,0.73329526
0.99771106,-0.06655157,-0.011946444,35.305443,0.06666915,0.9977275,0.00973528,79.00871,0.011271411,-0.010509482,0.9998812,0.7520108
0.99754214,-0.069016,-0.012065848,36.095207,0.06914867,0.9975461,0.010952557,79.07378,0.011280351,-0.011760002,0.99986714,0.7704406
0.99730647,-0.07221232,-0.012819763,36.896526,0.07237741,0.9972934,0.012923086,79.145706,0.011851871,-0.013816166,0.99983424,0.7886625
0.99707586,-0.074364044,-0.017574757,37.69438,0.074618496,0.9971095,0.014298297,79.21698,0.016460693,-0.015567918,0.9997432,0.8082312
0.9968336,-0.07655063,-0.021493576,38.501545,0.07691091,0.99690175,0.016470285,79.28682,0.020166188,-0.018071253,0.99963325,0.8263145
0.9966512,-0.0785755,-0.022618579,39.332237,0.07895944,0.99673915,0.016616037,79.35578,0.021239225,-0.018346373,0.9996061,0.85123444
0.9965143,-0.08060657,-0.021472706,40.15286,0.08093566,0.99660736,0.014926848,79.42477,0.020196667,-0.016612753,0.99965805,0.8757941
0.99632484,-0.08309552,-0.020764962,40.992134,0.083405524,0.9964094,0.014539709,79.49729,0.01948223,-0.016218213,0.99967873,0.9044081
0.9961938,-0.08500442,-0.0192703,41.83856,0.08527912,0.99625975,0.013914067,79.57045,0.018015478,-0.01550449,0.9997176,0.9334387
0.99622566,-0.085312694,-0.015977766,42.68538,0.0855232,0.9962512,0.012994088,79.64812,0.014809317,-0.01431154,0.999788,0.95333743
0.9961554,-0.08684061,-0.011504215,43.530804,0.08698321,0.9961306,0.0125424545,79.72622,0.0103705125,-0.013494933,0.9998552,0.974957
0.9962647,-0.085862264,-0.009135161,44.385723,0.08597082,0.99622214,0.012249295,79.80222,0.008048901,-0.012988923,0.9998833,0.99754804
0.99646235,-0.08352814,-0.009219353,45.25872,0.08365962,0.99638206,0.01494853,79.88164,0.007937379,-0.015666962,0.9998458,1.0136709
0.99660385,-0.08173236,-0.009988011,46.11927,0.08188244,0.9965184,0.015683496,79.95934,0.008671392,-0.016448103,0.9998272,1.0324812
0.99677026,-0.07938748,-0.01206875,46.99487,0.07954426,0.99674463,0.013124822,80.03095,0.010987523,-0.014042458,0.9998411,1.0500482
0.99688596,-0.07774625,-0.01314886,47.863632,0.07787236,0.996919,0.009372592,80.09849,0.012379672,-0.010367362,0.9998697,1.0750623
0.9970286,-0.075797886,-0.01369923,48.7487,0.07591919,0.99707687,0.008568149,80.168846,0.013009746,-0.009582747,0.9998695,1.0965692
0.9971825,-0.07409092,-0.011684315,49.63981,0.074160434,0.99723005,0.005638455,80.23698,0.011234199,-0.006489103,0.9999159,1.1163961
0.9972404,-0.07368688,-0.008978225,50.508297,0.07370874,0.9972772,0.0021356647,80.30101,0.0087964125,-0.0027915621,0.9999575,1.141238
0.99736017,-0.072099,-0.008562365,51.392265,0.07211557,0.9973946,0.0016498874,80.36571,0.008421105,-0.0022630286,0.9999621,1.1664635
0.99738044,-0.07134163,-0.01189297,52.257458,0.071388714,0.99744177,0.0035880539,80.435036,0.011606575,-0.0044276975,0.9999229,1.1895285
0.9973974,-0.06999689,-0.017250394,53.11704,0.0701286,0.9975119,0.007155105,80.5017,0.016706651,-0.008346252,0.9998256,1.2146382
0.9973578,-0.06875607,-0.02342663,53.989563,0.06899647,0.99757016,0.009614373,80.57268,0.022708679,-0.01120535,0.9996793,1.2438087
0.9972642,-0.067736275,-0.02957621,54.83283,0.06818571,0.9975675,0.014462604,80.64264,0.028524645,-0.016439743,0.9994579,1.2737905
0.99731827,-0.06631837,-0.030934153,55.70164,0.06680441,0.99765366,0.014953554,80.70911,0.029869901,-0.01698002,0.9994095,1.3062317
0.99748826,-0.06630875,-0.024881972,56.555573,0.06663118,0.9977007,0.012363074,80.76888,0.024005,-0.013989964,0.9996139,1.3397763
0.997632,-0.06700551,-0.015471733,57.423416,0.06717424,0.9976839,0.010660026,80.82982,0.014721627,-0.01167411,0.9998234,1.3795197
0.9976334,-0.06817923,-0.008833793,58.28391,0.068239234,0.99764615,0.006686197,80.88876,0.008357144,-0.0072732046,0.99993855,1.4005104
0.99747556,-0.070372224,-0.009436848,59.118805,0.07043762,0.9974926,0.0067922007,80.951385,0.008935208,-0.0074397833,0.99993235,1.4293054
0.9973274,-0.07205894,-0.01201682,59.963017,0.07209167,0.99739486,0.0023175199,81.00867,0.0118185235,-0.003177653,0.9999251,1.458837
0.99712604,-0.07452503,-0.013577371,60.79252,0.07454448,0.99721676,0.000936053,81.07384,0.01346983,-0.0019454941,0.9999074,1.4787663
0.99687386,-0.07729303,-0.016340192,61.624634,0.07734698,0.99700004,0.0026984895,81.144844,0.01608261,-0.0039539337,0.9998628,1.507642
0.99657094,-0.08031615,-0.019858852,62.453846,0.0804118,0.9967528,0.0040671555,81.219986,0.019467724,-0.0056501124,0.9997944,1.5344882
0.9961526,-0.08433299,-0.0238052,63.267624,0.084477074,0.9964116,0.0051133847,81.29989,0.023288572,-0.0071047237,0.9997034,1.5603077
0.9958363,-0.086853,-0.027664937,64.085686,0.087107636,0.99616504,0.008135583,81.37849,0.026852267,-0.010511559,0.99958396,1.6001302
0.9954865,-0.090435185,-0.028755795,64.90207,0.09082425,0.9957875,0.012523422,81.46516,0.027502129,-0.015078647,0.9995078,1.6305968
0.9952402,-0.093510255,-0.027412353,65.714676,0.09395414,0.9954571,0.015377418,81.55417,0.025849897,-0.017879758,0.9995057,1.6637731
0.9950251,-0.09705096,-0.022467803,66.51738,0.097471245,0.99506694,0.018434886,81.64016,0.020567862,-0.020533172,0.99957734,1.691609
0.99467725,-0.10173306,-0.016319912,67.32753,0.1020371,0.9945979,0.019028604,81.731155,0.014295922,-0.020592589,0.9996855,1.7254885
0.99426395,-0.10614324,-0.013100614,68.12752,0.10636747,0.99416673,0.017808378,81.82095,0.011133962,-0.019099738,0.9997554,1.7538255
0.99353844,-0.11285508,-0.011999355,68.91593,0.11307273,0.99339765,0.019348478,81.917274,0.009736563,-0.020580288,0.9997406,1.7777536
0.992819,-0.119288355,-0.008917675,69.70915,0.11941653,0.99272126,0.015580567,82.01322,0.0069941906,-0.016533628,0.99983865,1.8013651
0.99213463,-0.12484338,-0.009045681,70.490074,0.124987975,0.991999,0.017733892,82.11747,0.006759352,-0.01872504,0.99980164,1.8247356
0.9912952,-0.13121536,-0.010736067,71.27374,0.13142262,0.99108905,0.021658441,82.23291,0.0077984836,-0.022880904,0.9997076,1.8428797
0.9904903,-0.13678637,-0.014741339,72.05073,0.13710861,0.9902723,0.02367566,82.35038,0.011359439,-0.025471713,0.99961084,1.8617496
0.98970115,-0.1419858,-0.01818157,72.80869,0.1423849,0.9895446,0.02294897,82.461845,0.0147330575,-0.02530144,0.9995712,1.8821177
0.9888893,-0.14734043,-0.019690571,73.57628,0.14780524,0.9887071,0.024707718,82.58304,0.015827773,-0.027343605,0.99950075,1.9076955
0.988199,-0.15233856,-0.015958676,74.35048,0.15271112,0.98793995,0.025543205,82.710144,0.0118750045,-0.027678873,0.9995463,1.924888
0.9872568,-0.15870325,-0.01167132,75.113495,0.1589685,0.98690915,0.027164273,82.8423,0.0072074737,-0.028673524,0.99956286,1.9496449
0.9862455,-0.16503268,-0.0091106845,75.87848,0.1652164,0.9859191,0.025799777,82.974434,0.0047245887,-0.026950184,0.9996257,1.9774054
0.9851384,-0.17128414,-0.012770374,76.625534,0.17154865,0.98488843,0.023756973,83.10601,0.008508204,-0.025594678,0.9996363,1.9920506
0.9835235,-0.17967036,-0.019980205,77.36924,0.18011436,0.98337066,0.02322902,83.24965,0.015474392,-0.026445039,0.9995306,2.0150285
0.981826,-0.18848518,-0.022139687,78.116356,0.1889317,0.9817823,0.020173538,83.39506,0.017933952,-0.02398982,0.9995515,2.031433
0.9796719,-0.19964442,-0.019598594,78.854195,0.20000403,0.97961956,0.018508613,83.55098,0.015504031,-0.022052191,0.99963677,2.055031
0.97747004,-0.21061662,-0.013859956,79.59976,0.21084723,0.9773514,0.01806529,83.71747,0.009741196,-0.020580636,0.9997409,2.076975
0.97502255,-0.2220021,-0.0067279413,80.339165,0.22209297,0.97482836,0.019572536,83.89461,0.0022134343,-0.020577917,0.9997859,2.093333
0.972294,-0.23374504,-0.002624049,81.06707,0.23374939,0.97208405,0.020313457,84.07616,-0.0021973876,-0.020364046,0.9997904,2.1185691
0.9694897,-0.24498874,-0.008334536,81.78132,0.24511799,0.9692222,0.022900414,84.267746,0.0024676644,-0.02424469,0.9997031,2.133052
0.966292,-0.2568225,-0.017920539,82.479836,0.25718865,0.9660981,0.022523087,84.46609,0.011528563,-0.026372869,0.9995858,2.1498423
0.9629,-0.26884785,-0.023318527,83.191536,0.2693162,0.9628438,0.019987317,84.67085,0.017078556,-0.025525874,0.9995284,2.1614056
0.9595347,-0.28091308,-0.019501967,83.91152,0.281276,0.9594314,0.019342903,84.88578,0.013277126,-0.02404565,0.9996228,2.1723535
0.9561516,-0.29262802,-0.011923592,84.639206,0.29281983,0.95595187,0.020283004,85.11745,0.005462998,-0.02288512,0.99972326,2.1958559
0.95243627,-0.30467278,-0.006223904,85.35834,0.3047362,0.9522205,0.020266196,85.353195,-0.00024804132,-0.021198936,0.9997753,2.2136579
0.94845045,-0.31683502,-0.0075141867,86.06255,0.31692037,0.9482871,0.017656095,85.58923,0.0015315275,-0.019127354,0.9998159,2.231307
0.9443682,-0.32866278,-0.012189849,86.77964,0.32882634,0.94426197,0.015535587,85.84218,0.006404437,-0.018679682,0.99980503,2.2410517
0.9412656,-0.3371961,-0.017804526,87.48155,0.3374127,0.94129264,0.010936488,86.09771,0.01307153,-0.016301634,0.9997817,2.2606115
0.93816817,-0.34541437,-0.022986975,88.19501,0.3456488,0.9383369,0.0070320237,86.3607,0.019140571,-0.01454266,0.9997111,2.2786481
0.9353976,-0.3526959,-0.025216497,88.90606,0.3529612,0.9356123,0.006837387,86.63318,0.021181356,-0.01529614,0.99965864,2.3024185
0.9325813,-0.35991877,-0.027380774,89.60763,0.36032006,0.9327593,0.011327022,86.91853,0.021462874,-0.020429235,0.99956095,2.3229449
0.9294985,-0.36789888,-0.026116734,90.31526,0.36830541,0.92961586,0.012814759,87.20844,0.019564005,-0.02153026,0.9995768,2.3496888
0.92652625,-0.37572563,-0.019452892,91.02171,0.37599814,0.92652977,0.012913582,87.4913,0.013171723,-0.01927905,0.9997274,2.3695648
0.9237331,-0.3828525,-0.0118336445,91.73594,0.3830026,0.92361665,0.01549683,87.79095,0.0049967445,-0.018847281,0.9998099,2.39427
0.92134994,-0.38865912,-0.007569736,92.45,0.3887275,0.9210619,0.023128247,88.109,-0.0020168233,-0.024251807,0.9997039,2.4119766
0.9189828,-0.39407572,-0.013182686,93.156654,0.3942958,0.9185055,0.029619908,88.43373,0.00043587078,-0.03241811,0.9994743,2.4235039
0.91629356,-0.39993483,-0.021380886,93.85246,0.4004161,0.9159119,0.027769567,88.74705,0.0084769875,-0.034006372,0.9993857,2.4324536
0.91428596,-0.4041911,-0.026637807,94.56209,0.40476194,0.91417307,0.021310449,89.05757,0.01573808,-0.030265853,0.999418,2.4554832
0.9124104,-0.40831205,-0.028061062,95.26319,0.40893295,0.9123051,0.021725174,89.380745,0.016729608,-0.031297408,0.99937016,2.4736037
0.91039354,-0.41294298,-0.025703967,95.9719,0.41355208,0.91010016,0.026290517,89.71626,0.012536702,-0.03456469,0.99932396,2.4860418
0.9082639,-0.41784668,-0.021444917,96.68509,0.41832268,0.90787274,0.027784463,90.05091,0.007859606,-0.03420656,0.99938405,2.5091453
0.9057322,-0.42329633,-0.02164551,97.38235,0.42375138,0.9054389,0.024780424,90.380554,0.009109222,-0.03161678,0.99945873,2.5349877
0.903488,-0.42766643,-0.028461726,98.08111,0.42833397,0.9033011,0.024001362,90.71877,0.015444937,-0.033876106,0.99930686,2.5548196
0.9010352,-0.43234548,-0.03481652,98.77372,0.4331827,0.9010492,0.021494359,91.05905,0.022078421,-0.034449127,0.99916273,2.575406
0.8987647,-0.4368248,-0.037486892,99.46716,0.43778744,0.8987887,0.022801436,91.40779,0.023732578,-0.03690446,0.9990372,2.597422
0.8969808,-0.44074354,-0.034202356,100.16309,0.44162118,0.89686674,0.024487644,91.75719,0.019882193,-0.037069477,0.99911517,2.6233656
0.89488804,-0.44508603,-0.03275856,100.859535,0.44594446,0.89467037,0.02640769,92.115295,0.017554425,-0.03824047,0.99911463,2.6523266
0.8927853,-0.44929448,-0.032683745,101.5431,0.4501657,0.8925245,0.027381742,92.46713,0.016868582,-0.03915916,0.9990909,2.679644
0.8903695,-0.45406783,-0.03261873,102.23186,0.45490745,0.8901655,0.02575571,92.82592,0.017341234,-0.037770644,0.9991363,2.7049518
0.8882064,-0.45826927,-0.03283265,102.912224,0.45908612,0.8880649,0.024072088,93.18133,0.018126028,-0.03645404,0.9991713,2.7318227
0.88622975,-0.46214473,-0.031911567,103.58243,0.46291748,0.8860892,0.023495642,93.532036,0.017418113,-0.035595007,0.9992149,2.755651
0.8838796,-0.46659908,-0.032270864,104.256584,0.46740258,0.8837024,0.024569675,93.90045,0.017053656,-0.03680017,0.9991776,2.782112
0.8816733,-0.4707264,-0.0326818,104.915375,0.47155,0.8814871,0.024899628,94.258,0.017087674,-0.037364487,0.99915606,2.8063402
0.8792992,-0.47493905,-0.035566453,105.576904,0.47582152,0.8792561,0.02239185,94.6244,0.020637263,-0.036612466,0.9991169,2.835244
0.8770317,-0.47881767,-0.03934628,106.22817,0.47976205,0.8771894,0.019131575,94.983406,0.025353616,-0.035655897,0.9990429,2.8620715
0.8748935,-0.4825139,-0.041723542,106.867096,0.48350865,0.87515795,0.017799405,95.34004,0.027926248,-0.03574632,0.99897116,2.8914957
0.87297285,-0.4861925,-0.03916973,107.51893,0.48714697,0.87309617,0.019741638,95.70982,0.02460072,-0.036315378,0.99903804,2.9161205
0.8715069,-0.48939213,-0.031145126,108.15975,0.49012002,0.87135875,0.022697704,96.07659,0.016030503,-0.0350461,0.9992576,2.9440825
0.8701668,-0.49228373,-0.021572504,108.787796,0.4927081,0.8698589,0.024147045,96.429245,0.006877827,-0.031640943,0.99947613,2.9681954
0.86852354,-0.49541777,-0.015066827,109.41904,0.495644,0.8682189,0.023060601,96.79014,0.0016566528,-0.027496489,0.99962103,2.9927073
0.86711687,-0.49789816,-0.014305517,110.0175,0.49810007,0.86686045,0.02116862,97.132095,0.0018610517,-0.025481276,0.999674,3.0119522
0.8651937,-0.5011468,-0.017044721,110.61001,0.50140864,0.86500424,0.018868636,97.48429,0.005287787,-0.024871426,0.9996771,3.0274982
0.8634035,-0.5041304,-0.019637698,111.179634,0.5044436,0.8632755,0.017057346,97.81828,0.00835361,-0.024633512,0.99966204,3.042518
0.8619938,-0.5065036,-0.0204847,111.73386,0.5068223,0.8619116,0.015446315,98.14519,0.009832381,-0.023696756,0.9996712,3.0579631
0.8606844,-0.5087353,-0.020238537,112.28308,0.5090372,0.86062425,0.014352436,98.47672,0.01011618,-0.02265511,0.99969256,3.07658
0.85942477,-0.51090086,-0.019186987,112.801155,0.5111804,0.8593504,0.014509049,98.78863,0.009075652,-0.022277473,0.99971104,3.0958261
0.8581474,-0.51310515,-0.017463531,113.309494,0.51334405,0.85806566,0.014146485,99.09752,0.0077262134,-0.021104593,0.9997478,3.112484
0.85675186,-0.51546574,-0.0164348,113.79337,0.5156781,0.8566762,0.01344861,99.39309,0.0071469946,-0.01999721,0.9997749,3.13045
0.85551375,-0.5175618,-0.014995229,114.24944,0.5177357,0.85545766,0.011865012,99.6676,0.0066868956,-0.017914264,0.99981755,3.1500506
0.8543334,-0.5194903,-0.015591903,114.68623,0.5196674,0.854299,0.010860336,99.938225,0.0076782973,-0.017380968,0.9998198,3.1646783
0.8532771,-0.52109927,-0.01930139,115.102425,0.52134204,0.85328084,0.010637812,100.19794,0.010926146,-0.019139646,0.99975747,3.181577
0.85148954,-0.5238611,-0.023105253,115.5035,0.52414954,0.851583,0.008519275,100.45437,0.0152131235,-0.0193647,0.9996971,3.1946366
0.84926647,-0.52744865,-0.023306565,115.88737,0.52768064,0.8494288,0.004788653,100.692856,0.017271502,-0.016365279,0.99971724,3.21009
