'07':
  ARE: 0.0010032923645063138
  ATE: 0.011198975083215896
  STD_ARE: 0.0007369213541408665
  STD_ATE: 0.006485001751486383
  nsecs_per_frame: 0.09071116334844134
  rot_err: 6.636856172075166e-05
  tr_err: 0.006415400812863613
AVG:
  ARE: 0.0010032923645063138
  ATE: 0.011198975083215896
  STD_ARE: 0.0007369213541408665
  STD_ATE: 0.006485001751486383
  nsecs_per_frame: 0.09071116334844134
  rot_err: 6.636856172075166e-05
  tr_err: 0.006415400812863613
