0,1,2,3,4,5,6,7,8,9,10,11
1.0,0.0,0.0,0.0,0.0,1.0,0.0,0.0,0.0,0.0,1.0,0.0
0.9999794,-0.0064214454,7.4473974e-05,0.08875586,0.0064214123,0.99997926,0.00043771794,0.005937639,-7.728321e-05,-0.0004372307,0.9999999,0.0006906678
0.9999116,-0.013295158,6.0886623e-06,0.17909358,0.013295146,0.9999112,0.0009649558,0.015210347,-1.8917366e-05,-0.00096478953,0.9999995,0.0027946662
0.9997807,-0.020934999,-0.00051329815,0.27948642,0.020935677,0.99977994,0.0013525677,0.023718338,0.00048486912,-0.0013630174,0.999999,0.004466848
0.9995505,-0.029924119,-0.0018097125,0.3836246,0.029927388,0.99955046,0.0018068997,0.033836596,0.0017548291,-0.0018602475,0.9999968,0.0030629109
0.99914235,-0.041264914,-0.003417524,0.4986465,0.041271277,0.99914634,0.0018133407,0.04682928,0.003339779,-0.0019528312,0.99999255,0.0024463378
0.9984865,-0.05480693,-0.004549526,0.62756675,0.054815255,0.998495,0.0017266357,0.062709585,0.0044480474,-0.0019734062,0.99998814,0.0028625443
0.9974683,-0.07094702,-0.004823804,0.7672466,0.070956,0.9974779,0.0017176629,0.082494386,0.0046897745,-0.0020555926,0.9999869,0.0028351354
0.9959812,-0.08942385,-0.004943342,0.91907436,0.08942787,0.995993,0.00059818756,0.10500859,0.0048700417,-0.0010378564,0.9999876,0.0037850225
0.9939757,-0.10948311,-0.005052752,1.0826714,0.109481364,0.9939886,-0.0006222469,0.13303488,0.005090503,6.53161e-05,0.99998707,0.009452453
0.99128586,-0.1316123,-0.005509447,1.2478142,0.13161212,0.9913011,-0.000400348,0.16670789,0.0055142124,-0.00032825072,0.99998474,0.011704745
0.987742,-0.15592583,-0.0072520697,1.4270697,0.15594812,0.9877618,0.002612322,0.21817899,0.0067559886,-0.003711248,0.9999703,0.018934216
0.98337114,-0.18132003,-0.010197891,1.60201,0.18138857,0.98339164,0.006246401,0.27557567,0.008895923,-0.007992313,0.9999285,0.021977628
0.9780338,-0.20808892,-0.012191124,1.780832,0.20820704,0.97803986,0.00937515,0.3333073,0.00997254,-0.011707494,0.99988174,0.0269747
0.9713158,-0.2374365,-0.013004817,1.9774706,0.23757331,0.97131586,0.01021906,0.4060406,0.010205407,-0.013015535,0.9998632,0.033625335
0.96331984,-0.2680034,-0.013736911,2.1627958,0.2681624,0.96330607,0.0114221545,0.4793039,0.010171672,-0.014686914,0.99984044,0.036286063
0.95397943,-0.29954466,-0.013992404,2.367297,0.29972205,0.95393836,0.01297838,0.57246566,0.009460284,-0.016574943,0.99981797,0.039504036
0.9427845,-0.3330987,-0.014221891,2.5624359,0.33329776,0.94269925,0.015195718,0.6664852,0.00834529,-0.019066414,0.9997836,0.047690574
0.93030447,-0.3664502,-0.015734004,2.7461767,0.36669233,0.93018526,0.017097328,0.75949866,0.008370219,-0.02167526,0.9997302,0.04562733
0.91659284,-0.39944512,-0.01734639,2.9538498,0.39974517,0.9164034,0.02021682,0.88411045,0.007820779,-0.025464728,0.99964535,0.046530224
0.90070635,-0.43404076,-0.0183411,3.150135,0.43436116,0.9005062,0.020469166,1.0058193,0.0076318216,-0.026403368,0.99962246,0.043431055
0.88232225,-0.47028443,-0.018431136,3.3319452,0.47056496,0.88221925,0.016056756,1.1246865,0.008709062,-0.022840276,0.99970144,0.043146625
0.8611288,-0.5080799,-0.01765623,3.5395148,0.5083028,0.8610982,0.011754466,1.2715274,0.00923154,-0.019096816,0.9997753,0.05206233
0.8365786,-0.5476038,-0.016310932,3.7160773,0.5478054,0.8365105,0.012627653,1.4180412,0.006729314,-0.019499235,0.9997875,0.05998918
0.8080785,-0.588831,-0.016935222,3.911063,0.5890666,0.80788374,0.018007645,1.6080923,0.0030782288,-0.024527559,0.9996947,0.059855234
0.7759498,-0.6305212,-0.018564234,4.088329,0.6307924,0.7756871,0.020255893,1.8004105,0.0016282655,-0.027427727,0.99962276,0.067093216
0.7404813,-0.6717873,-0.019719329,4.2459106,0.67207485,0.74022907,0.019392017,1.9834522,0.0015695104,-0.027612286,0.9996178,0.06343432
0.7011654,-0.71280843,-0.016458852,4.438689,0.7129984,0.70099217,0.015589245,2.2135832,0.0004253838,-0.022665761,0.99974334,0.07214391
0.6589676,-0.75204885,-0.013558509,4.6019487,0.75217116,0.65886384,0.011689827,2.4413645,0.00014189538,-0.01790152,0.9998401,0.07326333
0.61476254,-0.7886299,-0.011378443,4.748787,0.7887109,0.61467236,0.010611828,2.676889,-0.0013747846,-0.015498038,0.99987924,0.07487831
0.56701225,-0.8236599,-0.009004635,4.916031,0.82370114,0.56692463,0.010600972,2.96269,-0.003626639,-0.0134279905,0.9999036,0.073148146
0.51635516,-0.85633993,-0.007676501,5.052938,0.8563569,0.5162666,0.011007838,3.2466855,-0.005463322,-0.012257759,0.99991035,0.07666533
0.4641991,-0.8857036,-0.0069313813,5.158815,0.8857004,0.46410412,0.011902121,3.5346074,-0.0073248604,-0.011664062,0.9999056,0.07193806
0.40976524,-0.91217077,-0.0060569756,5.2870293,0.91213876,0.4096617,0.0134022,3.8850634,-0.009743775,-0.011016539,0.9998923,0.07201397
0.35519215,-0.93477386,-0.006008375,5.3705893,0.93471676,0.3550735,0.015058693,4.2034655,-0.011943048,-0.010964841,0.9998691,0.06938532
0.29984298,-0.95397925,-0.0041785403,5.4678626,0.9538693,0.29973334,0.017108839,4.5864635,-0.015069023,-0.009115729,0.99984545,0.06882322
0.24592851,-0.96928775,-0.00046093483,5.5410175,0.9691242,0.24587807,0.018488364,4.962011,-0.017807202,-0.004993498,0.99982953,0.06969079
0.19529623,-0.9807439,0.0007550602,5.5906267,0.9805638,0.19527487,0.019022202,5.3366923,-0.018803343,-0.0029745582,0.99981934,0.07480437
0.14775933,-0.9890208,-0.0022175321,5.6240635,0.9888404,0.1476884,0.019553937,5.765074,-0.019011732,-0.005082044,0.99980694,0.070071094
0.10529962,-0.9944255,-0.0054652644,5.638649,0.9942656,0.10517636,0.019320358,6.1779447,-0.018637821,-0.0074683353,0.999799,0.0568224
0.066962495,-0.9977254,-0.007737476,5.6553745,0.997608,0.066817224,0.01769707,6.6415534,-0.0171398,-0.008903995,0.9998141,0.049393155
0.03221354,-0.9994502,-0.007834973,5.655027,0.99937016,0.03209226,0.015123291,7.108399,-0.0148635125,-0.008317201,0.9998555,0.044117805
0.000933012,-0.9999668,-0.008084375,5.6414795,0.99992543,0.0008345805,0.012152572,7.5650105,-0.012145395,-0.008095101,0.9998941,0.04510352
-0.026226878,-0.99961704,-0.008819045,5.613115,0.9996052,-0.026313264,0.009810221,8.06542,-0.010038493,-0.008558264,0.99991363,0.041508142
-0.047105007,-0.99884063,-0.009914994,5.5749993,0.99885666,-0.047181696,0.0076343315,8.562609,-0.008093255,-0.009544038,0.9999223,0.035777703
-0.06376208,-0.9979143,-0.010066994,5.5337806,0.9979403,-0.06382784,0.0063385395,9.101415,-0.0069678393,-0.009642096,0.99992985,0.026659042
-0.07701928,-0.9969839,-0.009545641,5.487134,0.99700093,-0.07708566,0.006778666,9.644623,-0.007494018,-0.008994921,0.99993217,0.02537763
-0.08645994,-0.9962051,-0.010004644,5.4308925,0.99621755,-0.0865393,0.007778318,10.195355,-0.008614562,-0.009294286,0.9999204,0.027229737
-0.093505606,-0.9955544,-0.01132749,5.366737,0.9955696,-0.09360758,0.008822096,10.775704,-0.009843183,-0.010452387,0.9998977,0.02802235
-0.09772754,-0.99514794,-0.0114041595,5.3016477,0.9951526,-0.09784133,0.009876391,11.356997,-0.010944238,-0.0103836795,0.999887,0.025231209
-0.09943579,-0.99498546,-0.010798829,5.241392,0.9949734,-0.09955187,0.010792404,11.965577,-0.0118133,-0.009671392,0.99988425,0.022308175
-0.09848015,-0.99509346,-0.009537594,5.187262,0.9950455,-0.09859762,0.012735652,12.589651,-0.013613518,-0.008236125,0.9998743,0.018067975
-0.09709164,-0.99522936,-0.009595292,5.117714,0.99514925,-0.09722821,0.014959548,13.235296,-0.015821086,-0.0080962945,0.99984294,0.013712633
-0.09555001,-0.9953672,-0.010705653,5.051364,0.9952958,-0.095705,0.015033515,13.880066,-0.015988424,-0.009218833,0.9998306,0.008955731
-0.09368863,-0.99550104,-0.0141584,4.981981,0.99550223,-0.09387044,0.012764715,14.547605,-0.014036312,-0.012898808,0.9998192,0.0030381214
-0.09234975,-0.9956268,-0.014110196,4.915598,0.9956294,-0.09252929,0.012640803,15.235611,-0.013891099,-0.01288115,0.9998215,-0.0011673991
-0.09040545,-0.99580157,-0.014365505,4.8492327,0.99577034,-0.090620846,0.015116961,15.940293,-0.01635528,-0.012938087,0.99978346,-0.007209653
-0.088771164,-0.9959567,-0.013788632,4.7837524,0.99585384,-0.08902104,0.01870033,16.665684,-0.019852176,-0.012071409,0.99973094,-0.011670357
-0.0867353,-0.9961299,-0.014229162,4.715471,0.9959928,-0.08701821,0.02063067,17.39141,-0.021789007,-0.012382731,0.9996868,-0.020385392
-0.08511617,-0.99622846,-0.016861733,4.6431513,0.9961386,-0.08544959,0.02014431,18.132689,-0.021509144,-0.015082014,0.9996558,-0.03268544
-0.08351886,-0.99632156,-0.019192155,4.5732856,0.99631995,-0.083859995,0.017708145,18.885649,-0.019252438,-0.017642563,0.9996599,-0.0396541
-0.08169691,-0.99646425,-0.01962168,4.505547,0.99648243,-0.08203535,0.017103285,19.652653,-0.01865246,-0.018155374,0.99966204,-0.05240004
-0.08058923,-0.9965998,-0.017160954,4.4439187,0.996542,-0.080910176,0.018901814,20.44095,-0.020226019,-0.015578325,0.9996749,-0.060729302
-0.07924778,-0.99672896,-0.015858963,4.3803406,0.99660444,-0.07957448,0.021145994,21.225828,-0.022338772,-0.014129334,0.9996515,-0.06973022
-0.0782214,-0.99683255,-0.01437428,4.3168683,0.99666023,-0.0785308,0.022384314,22.034597,-0.023442216,-0.012575334,0.999647,-0.081605725
-0.07743992,-0.99690235,-0.013751993,4.252221,0.99680495,-0.07768843,0.018553492,22.83858,-0.019564366,-0.0122712655,0.9997343,-0.086292714
-0.07682769,-0.9969743,-0.01183681,4.187519,0.9969633,-0.07696743,0.011828773,23.642324,-0.012704001,-0.010892078,0.999861,-0.090780795
-0.077183016,-0.99696124,-0.010553606,4.124495,0.9969847,-0.07726132,0.00721239,24.461342,-0.008005824,-0.009965098,0.99991935,-0.09690741
-0.07681404,-0.99698323,-0.011153525,4.0595937,0.9970069,-0.07690463,0.007921249,25.300283,-0.008755076,-0.0105116675,0.9999075,-0.09950582
-0.07691354,-0.99697953,-0.010797329,3.9930162,0.99692047,-0.07706616,0.0144990785,26.166258,-0.015287364,-0.009648893,0.9998377,-0.104526326
-0.07731068,-0.9969311,-0.012324348,3.9156399,0.9967525,-0.077564396,0.021631435,27.020899,-0.022520958,-0.0106119765,0.9996911,-0.11157331
-0.0770288,-0.99695003,-0.012555415,3.8444972,0.99664176,-0.07734375,0.026887732,27.864622,-0.027776793,-0.010442113,0.9995607,-0.11487672
-0.0774453,-0.9968834,-0.015041621,3.773583,0.9965851,-0.07783804,0.027555877,28.708223,-0.028640792,-0.012856176,0.99950826,-0.12217313
-0.07818053,-0.9968049,-0.016380433,3.699791,0.9966082,-0.07856746,0.02447661,29.553892,-0.025685357,-0.014411274,0.9995674,-0.13017416
-0.07914379,-0.996724,-0.016672727,3.6307483,0.99658716,-0.07950445,0.022202918,30.387321,-0.023455719,-0.014858598,0.99961567,-0.14017002
-0.079142846,-0.9967102,-0.017482884,3.556613,0.99657285,-0.07953101,0.02274356,31.222382,-0.024059152,-0.015622973,0.9995897,-0.1536906
-0.07862311,-0.9967404,-0.018094784,3.4879181,0.9965623,-0.0790587,0.024760999,32.05698,-0.026110822,-0.01608579,0.9995308,-0.16375457
-0.0787608,-0.9967136,-0.018950656,3.4146767,0.9965817,-0.0791974,0.023504112,32.88893,-0.024927696,-0.017034676,0.9995452,-0.1694677
-0.07816799,-0.99675775,-0.019081343,3.3432577,0.99672854,-0.078531444,0.019098839,33.72052,-0.020535383,-0.017526006,0.99963665,-0.17260824
-0.078370854,-0.9967044,-0.02094481,3.2746284,0.9967848,-0.07869393,0.015066838,34.551647,-0.016665392,-0.019696677,0.99966824,-0.17797951
-0.07790101,-0.99675024,-0.020511247,3.2053113,0.9968167,-0.078223266,0.015400967,35.377796,-0.016955353,-0.019246213,0.9996721,-0.18491878
-0.07704856,-0.9968048,-0.021076385,3.1379852,0.9968448,-0.077421606,0.017489905,36.21041,-0.01906577,-0.019662326,0.99962604,-0.18491687
-0.07684084,-0.99681723,-0.021246333,3.0682971,0.99675953,-0.077309884,0.022208164,37.04699,-0.023780016,-0.019471005,0.99952877,-0.19272289
-0.0762719,-0.99691856,-0.018341327,3.0046556,0.9966671,-0.07676072,0.027607309,37.879448,-0.028930124,-0.016174544,0.99945176,-0.20101517
-0.076407515,-0.9968773,-0.019949842,2.936601,0.99654955,-0.077002354,0.030971812,38.714775,-0.03241128,-0.017514536,0.9993223,-0.21405128
-0.0761941,-0.9968981,-0.019726474,2.872519,0.9965651,-0.07678258,0.031018356,39.540733,-0.032436788,-0.017295307,0.9993253,-0.2257189
-0.07583873,-0.99693936,-0.018998323,2.8035724,0.99671036,-0.07633998,0.027209688,40.359783,-0.028576737,-0.016872283,0.99945027,-0.23676832
-0.075803086,-0.99691635,-0.02030241,2.73096,0.99681985,-0.07626626,0.023096351,41.19469,-0.024573512,-0.018487077,0.9995281,-0.24503863
-0.075323656,-0.99688995,-0.02318103,2.6586168,0.99692327,-0.07579116,0.019990375,42.027008,-0.021685112,-0.02160397,0.99953246,-0.25658536
-0.07567505,-0.99678946,-0.026164573,2.5846064,0.99692965,-0.076162905,0.018175336,42.861443,-0.020109745,-0.02470883,0.9994935,-0.2677106
-0.07632958,-0.9967837,-0.024424076,2.516428,0.99692386,-0.07673159,0.015963381,43.687878,-0.017786125,-0.023130478,0.99957526,-0.2726987
-0.07748132,-0.996778,-0.020750687,2.4544454,0.99689037,-0.07775619,0.012778058,44.509907,-0.014350366,-0.019696105,0.99970406,-0.27066994
-0.07856192,-0.99676067,-0.017222937,2.3902688,0.9968281,-0.07876421,0.011392705,45.339615,-0.012712334,-0.016273277,0.99978787,-0.2715995
-0.08016488,-0.99664897,-0.016274292,2.3207016,0.996659,-0.0804004,0.014366805,46.157867,-0.015627105,-0.015068208,0.99976546,-0.27273062
-0.082053155,-0.9965186,-0.014774706,2.2523522,0.9964018,-0.08234135,0.02007888,46.979706,-0.021225536,-0.013074007,0.9996904,-0.27705285
-0.084491156,-0.9963689,-0.010525376,2.1796196,0.9961108,-0.08472486,0.024183536,47.805923,-0.024987474,-0.008441139,0.99965334,-0.27703553
-0.08566139,-0.99624765,-0.012381728,2.1104493,0.9960208,-0.0859355,0.02361584,48.60971,-0.024591245,-0.010309488,0.99964565,-0.28060824
-0.08683997,-0.99610853,-0.015072048,2.0305154,0.99600077,-0.087129846,0.019772088,49.418728,-0.021008357,-0.013294762,0.99969214,-0.287957
-0.087870084,-0.9959563,-0.018720778,1.9491912,0.9959675,-0.088181615,0.016514871,50.216656,-0.018098904,-0.017194126,0.9996896,-0.28818858
-0.08881872,-0.99581635,-0.021487057,1.8689743,0.9959107,-0.0891439,0.014674934,51.008377,-0.016528962,-0.020095786,0.9996627,-0.29374552
-0.089426614,-0.9957242,-0.023171777,1.7880418,0.995838,-0.08979968,0.015586949,51.829372,-0.017601104,-0.021681454,0.99961126,-0.29526567
-0.09040795,-0.99561167,-0.024176657,1.7128925,0.99572265,-0.090829276,0.016930413,52.60788,-0.019052047,-0.022542609,0.99956566,-0.29930767
-0.09166528,-0.9954625,-0.02554684,1.6297432,0.9956075,-0.09210951,0.016784877,53.400185,-0.019061804,-0.023896044,0.9995341,-0.3001694
-0.09266332,-0.9953527,-0.026214976,1.5479021,0.99551636,-0.093116775,0.016634231,54.1871,-0.018997964,-0.024556063,0.9995193,-0.30335313
-0.092197835,-0.99544626,-0.024229582,1.4748856,0.9955355,-0.09264583,0.018060911,54.97042,-0.020223418,-0.02245624,0.9995446,-0.30553377
-0.093017474,-0.9953878,-0.023486037,1.3981525,0.99539113,-0.093518965,0.021235758,55.754314,-0.02333419,-0.021402504,0.9995,-0.3025539
-0.09253948,-0.99541485,-0.024216553,1.3236651,0.9953367,-0.093142785,0.025092285,56.528107,-0.02723282,-0.021781605,0.9993932,-0.31368777
-0.09315051,-0.9953491,-0.024573224,1.2458953,0.99521786,-0.09381052,0.027226696,57.298588,-0.029405287,-0.021919537,0.9993286,-0.3180432
-0.09381832,-0.9952856,-0.024605839,1.1710788,0.9951439,-0.09448716,0.027589101,58.052326,-0.029783964,-0.021897992,0.9993178,-0.32871795
-0.09433844,-0.99524784,-0.024138492,1.093255,0.9951459,-0.094955936,0.025853388,58.781605,-0.028022613,-0.021582358,0.99937564,-0.33688763
-0.094744585,-0.9952343,-0.023083607,1.0205859,0.9952003,-0.09526124,0.02241029,59.523415,-0.024502449,-0.020849561,0.99948376,-0.34191167
-0.09460154,-0.9952365,-0.023571724,0.94730604,0.99528337,-0.09506432,0.019346183,60.231293,-0.02149484,-0.021630373,0.99953634,-0.34670573
-0.09350019,-0.99534583,-0.023348931,0.8770381,0.99542797,-0.09391664,0.01741908,60.94295,-0.01953084,-0.021613495,0.99957705,-0.35018978
-0.09133712,-0.9955095,-0.024882248,0.8056359,0.99564385,-0.091762915,0.01653806,61.634457,-0.018747043,-0.023263322,0.999555,-0.3518731
-0.08700833,-0.9958912,-0.025121763,0.736474,0.996019,-0.08745531,0.017272424,62.31269,-0.019398468,-0.023518912,0.9995366,-0.35463455
-0.08126894,-0.99636954,-0.025376085,0.6783069,0.99647576,-0.08175595,0.018777164,62.98201,-0.020783622,-0.023760656,0.9995031,-0.35537967
-0.074069776,-0.99694806,-0.02468301,0.6307888,0.99700874,-0.07457726,0.020309908,63.632942,-0.022088697,-0.023104824,0.9994905,-0.3554669
-0.06509438,-0.99752676,-0.026533945,0.58811504,0.9976033,-0.065679036,0.021787671,64.27296,-0.023476493,-0.025052093,0.999412,-0.35718495
-0.053272046,-0.9981902,-0.027914843,0.5507585,0.99826646,-0.053935535,0.023576172,64.89635,-0.025039094,-0.026610497,0.9993338,-0.3570469
-0.03843927,-0.99882156,-0.029646067,0.5210085,0.99891746,-0.039187465,0.025079885,65.48973,-0.02621207,-0.028649922,0.9992474,-0.36010686
-0.02026323,-0.99931145,-0.031095678,0.5045019,0.99942327,-0.021094086,0.026624544,66.07516,-0.027262134,-0.030538248,0.9991633,-0.36444238
0.0015969761,-0.99950296,-0.031498756,0.5087616,0.9996215,0.00073004514,0.027511643,66.63813,-0.027474962,-0.03153077,0.9991267,-0.37056673
0.027187405,-0.9991783,-0.030074669,0.52889836,0.99926096,0.02634674,0.028000785,67.183685,-0.027185397,-0.030813709,0.99915695,-0.37397447
0.05641081,-0.9980224,-0.027749792,0.56537586,0.9980546,0.05562957,0.028159183,67.69899,-0.026559778,-0.029284287,0.9992198,-0.37327325
0.09025222,-0.9955958,-0.02538504,0.61613005,0.9955749,0.08952128,0.028588623,68.192276,-0.026190208,-0.027852887,0.9992705,-0.37619445
0.12740666,-0.9915682,-0.023684442,0.69457924,0.9915163,0.12670691,0.02901084,68.669785,-0.025765238,-0.027179673,0.9993001,-0.3818401
0.16740324,-0.985646,-0.021885315,0.7902085,0.98556423,0.16673706,0.029371537,69.124466,-0.025300842,-0.026486263,0.9993306,-0.3801778
0.21257888,-0.97695744,-0.019113004,0.89848614,0.9768086,0.21195233,0.030365441,69.57643,-0.025614694,-0.025124785,0.9993578,-0.38534907
0.2598223,-0.96555007,-0.01436724,1.0481464,0.96534306,0.25932962,0.029358704,70.01054,-0.024621446,-0.02149734,0.9994674,-0.38928396
0.30986375,-0.95076597,-0.005429472,1.2099628,0.9505188,0.30963868,0.02527516,70.42215,-0.022349585,-0.012992642,0.9996675,-0.3828061
0.36013544,-0.93290037,-0.00042366516,1.4091392,0.9327053,0.36005053,0.020623444,70.83055,-0.019087078,-0.007822353,0.99978894,-0.38076904
0.4120572,-0.91114163,0.0055337595,1.611483,0.9109937,0.41209042,0.016518658,71.21408,-0.017331246,-0.0017653718,0.9998499,-0.38055405
0.46216547,-0.88676995,0.0065513896,1.8526369,0.8866255,0.46220893,0.016091364,71.593254,-0.01729745,-0.0016282029,0.99985075,-0.39016587
0.5103844,-0.8598997,0.009001816,2.08558,0.8597704,0.5104636,0.014916059,71.95255,-0.017421417,0.00012661412,0.99985,-0.4014734
0.55536646,-0.8314346,0.016892392,2.3482478,0.8313916,0.55556995,0.011438384,72.29773,-0.01889518,0.0076917494,0.99979365,-0.40856603
0.5986944,-0.8005128,0.027296409,2.652367,0.8007117,0.59902644,0.0053784465,72.623634,-0.020656796,0.018636571,0.9996147,-0.3942268
0.6410198,-0.7670182,0.027881023,2.934912,0.7673003,0.6412879,0.00089520565,72.92431,-0.018566415,0.020819338,0.9996126,-0.39331824
0.6823586,-0.7307103,0.021207754,3.2466512,0.73092514,0.6824474,-0.0038437827,73.2274,-0.01166449,0.01812418,0.99976945,-0.40620726
0.7229848,-0.69077003,0.011417231,3.555784,0.69086206,0.7229285,-0.009208569,73.502914,-0.0018928372,0.014545444,0.99989414,-0.40259406
0.7622316,-0.6473012,0.0021732226,3.9222274,0.6472771,0.7621629,-0.011866978,73.7845,0.0060251653,0.010452117,0.99992895,-0.40887892
0.79911005,-0.60118335,-0.0015332219,4.2890034,0.6011184,0.7990562,-0.012916068,74.04274,0.0089900615,0.009399764,0.99991715,-0.41090342
0.8331727,-0.55300534,-0.0030054175,4.702324,0.5529194,0.83311844,-0.013949563,74.291115,0.010218057,0.009960694,0.9998999,-0.40762267
0.8638907,-0.50363725,-0.0065678274,5.158126,0.5035345,0.8638806,-0.012809653,74.53685,0.0121252425,0.0077590607,0.99989814,-0.40896034
0.8900174,-0.4558899,-0.0058458173,5.612946,0.45581725,0.8900106,-0.010608751,74.75548,0.010039263,0.0067773964,0.99992836,-0.39149815
0.91163963,-0.41092068,-0.0076213083,6.11665,0.4108907,0.9116698,-0.00526644,74.97615,0.009112204,0.0016696132,0.9999588,-0.39013013
0.929109,-0.36965042,-0.010752024,6.6089168,0.36967394,0.9291619,0.00017606467,75.169495,0.009925285,-0.00413829,0.9999439,-0.38458562
0.942839,-0.3330736,-0.010815746,7.151895,0.3331391,0.9428655,0.0048556845,75.356544,0.008580486,-0.008181245,0.9999314,-0.38056752
0.9531672,-0.30232382,-0.0085410215,7.718297,0.30237812,0.95317,0.0059111575,75.53116,0.0063539506,-0.008216908,0.99994767,-0.37086654
0.96060514,-0.27784854,-0.00619909,8.279025,0.27788296,0.9605994,0.005512552,75.68484,0.0044231727,-0.0070179747,0.9999672,-0.3576256
0.96663266,-0.25613803,-0.0038889626,8.879748,0.25615844,0.9666162,0.006041288,75.842865,0.0022117125,-0.0068358644,0.99997586,-0.35088387
0.97122395,-0.23816513,-0.0013615116,9.486827,0.23816861,0.9711891,0.008242954,75.993225,-0.00064092124,-0.008329993,0.9999668,-0.34587324
0.97488296,-0.22271836,-0.0004480382,10.111475,0.22270688,0.97480553,0.012503465,76.14056,-0.0023480263,-0.012289171,0.99992347,-0.3403167
0.9779528,-0.20882706,0.00026646437,10.756554,0.20879836,0.977836,0.015507054,76.291084,-0.003498878,-0.015109507,0.99988145,-0.3419305
0.9806096,-0.19597133,0.00072994444,11.411561,0.1959403,0.9805067,0.01464909,76.42382,-0.003586545,-0.014221991,0.99989414,-0.3317716
0.9832586,-0.18221527,0.0007780731,12.081674,0.18218464,0.98315394,0.014755066,76.54813,-0.0034535923,-0.014366272,0.99989253,-0.32987157
0.98597115,-0.16691025,0.0015290828,12.777651,0.16686949,0.9858653,0.014993144,76.67463,-0.004010008,-0.014527631,0.9998882,-0.32936805
0.9881815,-0.15327401,0.0022539068,13.482661,0.15322061,0.9880664,0.015775785,76.78488,-0.004645058,-0.0152439745,0.9998747,-0.3301408
0.9901718,-0.13985871,0.00015582862,14.206358,0.13983768,0.99003834,0.016435174,76.886154,-0.0024529067,-0.016251838,0.99986666,-0.32145905
0.99158543,-0.12935495,-0.0051121763,14.933531,0.12942676,0.9914297,0.017790012,76.984146,0.0027671147,-0.018301954,0.9998304,-0.3174123
0.99276537,-0.11960897,-0.010546253,15.677359,0.11976857,0.9926726,0.016037052,77.07317,0.008550785,-0.017184125,0.99981755,-0.30422944
0.99378926,-0.110730246,-0.011063429,16.435743,0.11090727,0.9936877,0.016880471,77.16646,0.009124397,-0.01800263,0.9997981,-0.30038053
0.99449533,-0.10466014,-0.0050933403,17.200874,0.10473353,0.994352,0.017194873,77.24642,0.0032649317,-0.017633647,0.99984103,-0.28938204
0.9949896,-0.09995328,0.002424435,17.967388,0.09988336,0.9947875,0.020536806,77.328255,-0.0044645513,-0.020191733,0.999788,-0.2865287
0.99546033,-0.09495703,0.0065467022,18.738846,0.09480033,0.9952718,0.021158265,77.40917,-0.008524911,-0.020441568,0.9997566,-0.2755624
0.9957674,-0.091709904,0.006121477,19.511034,0.091560684,0.9955701,0.021388454,77.482574,-0.00805593,-0.020737423,0.99975437,-0.264216
0.9960725,-0.088377856,0.0054646684,20.281685,0.08824226,0.99586767,0.021482939,77.556984,-0.007340739,-0.020916333,0.99975616,-0.2577902
0.9962514,-0.08620619,0.0072455676,21.057407,0.086042725,0.99608076,0.020505136,77.62711,-0.008984879,-0.019804826,0.99976534,-0.2570316
0.9964343,-0.08378241,0.010002852,21.828571,0.083585426,0.9963246,0.018746732,77.692726,-0.011536776,-0.017843775,0.99977607,-0.25225765
0.99671096,-0.0801286,0.012140675,22.582047,0.07994652,0.996689,0.014838953,77.75271,-0.013289546,-0.013819521,0.99981797,-0.2473892
0.9968993,-0.07814901,0.009223893,23.348696,0.078009516,0.9968451,0.014662472,77.814575,-0.010340691,-0.013897438,0.9998517,-0.23988688
0.9971109,-0.075940885,0.0018592679,24.107224,0.07589734,0.99696237,0.017504402,77.88416,-0.0031829523,-0.017312702,0.9998468,-0.2369164
0.9972362,-0.07407681,-0.0057679657,24.866028,0.074171126,0.99707884,0.01825792,77.9492,0.004398603,-0.018635262,0.99981844,-0.22732951
0.9972782,-0.07307713,-0.009827564,25.633814,0.07324975,0.99714285,0.018482687,78.00793,0.008448801,-0.019152235,0.9997827,-0.21644056
0.9974514,-0.070817485,-0.008735303,26.401512,0.07098474,0.9972661,0.020553786,78.06738,0.0072558303,-0.021121465,0.9997524,-0.20210479
0.99762756,-0.068669476,-0.0049480777,27.16776,0.06876896,0.9973478,0.023859954,78.13073,0.003296477,-0.024143612,0.99970484,-0.18590276
0.9977443,-0.06713159,-0.00056851935,27.935738,0.06712212,0.9973639,0.02758257,78.18666,-0.0012846723,-0.027558507,0.99962115,-0.17561457
0.9978965,-0.06480912,0.00173823,28.697292,0.06474208,0.9975596,0.026157796,78.237686,-0.003429285,-0.025990231,0.99965805,-0.16254206
0.99798,-0.06350396,0.0019374273,29.44814,0.06344402,0.99772614,0.022766145,78.28542,-0.0033787955,-0.022597233,0.99974066,-0.15149455
0.9980593,-0.062241226,0.002089196,30.212051,0.06218331,0.9978383,0.021280136,78.33723,-0.0034092148,-0.021108916,0.9997731,-0.14036416
0.9980888,-0.06179564,0.00081556966,30.968319,0.061765578,0.9978724,0.020892676,78.388885,-0.002104943,-0.020802364,0.9997831,-0.13504158
0.99812424,-0.06122519,-0.00024348374,31.74225,0.061218802,0.9979363,0.019394562,78.43596,-0.0009444853,-0.01937308,0.9998136,-0.12512833
0.9982022,-0.05994067,-0.00011542151,32.50438,0.05993286,0.99802965,0.018591963,78.4817,-0.0009992514,-0.018565446,0.99982893,-0.11663699
0.9982212,-0.05962285,0.00020900756,33.283802,0.059607405,0.9980255,0.01982317,78.532646,-0.0013905399,-0.019775443,0.9998053,-0.11353945
0.9982371,-0.05935629,-0.00036618861,34.05929,0.05935207,0.9980355,0.020083746,78.58335,-0.0008266582,-0.020070069,0.99979997,-0.10340983
0.9981752,-0.06038704,-0.0005266173,34.832314,0.060386397,0.99799025,0.01923007,78.63329,-0.00063571864,-0.01922677,0.9998167,-0.0967042
0.9980445,-0.06251362,-6.39931e-05,35.623398,0.06250482,0.9978791,0.018203592,78.68674,-0.0010741457,-0.018171981,0.99983615,-0.08864434
0.99788314,-0.06503788,-0.00026510897,36.403538,0.0650317,0.99770534,0.018860776,78.74485,-0.0009621946,-0.018838076,0.9998239,-0.08112129
0.99767995,-0.068077564,-0.0009991813,37.20326,0.06808338,0.9974342,0.022145191,78.809204,-0.00051100296,-0.022161828,0.9997561,-0.07309116
0.99751407,-0.070286825,-0.005127178,38.000484,0.07038553,0.9972658,0.022527138,78.87302,0.003529772,-0.022832002,0.99973494,-0.061984852
0.9973467,-0.07221258,-0.009258788,38.809624,0.07241697,0.9970858,0.02400757,78.93771,0.0074981353,-0.024614353,0.9996708,-0.049597237
0.9972342,-0.07357226,-0.010575551,39.66034,0.07380572,0.9969924,0.023658065,79.0021,0.008803144,-0.024373157,0.99966615,-0.039064772
0.9970975,-0.07552874,-0.009636581,40.478615,0.07573153,0.9968697,0.022726007,79.07277,0.0078899255,-0.023389824,0.9996973,-0.024698343
0.9968967,-0.07824324,-0.008705702,41.30715,0.078417294,0.99668247,0.021809563,79.14086,0.006970345,-0.022424545,0.9997263,-0.0054110307
0.9967772,-0.07991614,-0.0070328685,42.151936,0.080051705,0.9965555,0.021673862,79.214516,0.0052765263,-0.02216699,0.9997424,0.013486415
0.9967067,-0.08101953,-0.0035104975,42.980183,0.08107469,0.9965026,0.020260153,79.28667,0.0018567217,-0.020478027,0.9997906,0.020982582
0.99662566,-0.082079664,0.0010664102,43.841232,0.08204268,0.99643046,0.01991118,79.36273,-0.0026969414,-0.019756481,0.99980325,0.027438452
0.99668795,-0.081256114,0.0033998694,44.69101,0.08117155,0.99649435,0.020280212,79.43922,-0.0050358796,-0.01993705,0.99979067,0.04066082
0.9968715,-0.07896072,0.003667456,45.564423,0.07886248,0.9966448,0.02192998,79.51353,-0.005386796,-0.021572126,0.9997549,0.04349899
0.99696136,-0.07786262,0.002522577,46.41866,0.077783376,0.99669766,0.023335258,79.58653,-0.0043312283,-0.023068119,0.9997266,0.050047822
0.99713844,-0.07560165,0.00044838432,47.293324,0.075574115,0.9969,0.021908829,79.65433,-0.0021033727,-0.021812232,0.99976194,0.056934725
0.99725956,-0.073985614,-0.00067385676,48.16124,0.07398619,0.99709874,0.017920671,79.72198,-0.00065400335,-0.017921396,0.9998413,0.06858341
0.99740094,-0.07205416,-0.00070646737,49.03975,0.07205642,0.9972655,0.016444802,79.78919,-0.00048041405,-0.016452944,0.99986666,0.076662414
0.9975057,-0.07058112,0.0013029225,49.917942,0.07055395,0.9973945,0.015081756,79.85502,-0.0023640506,-0.014952187,0.9998876,0.08542622
0.9975127,-0.0703826,0.003977204,50.78899,0.0703308,0.9974519,0.012018075,79.91528,-0.0048129717,-0.011708435,0.9999221,0.099693656
0.99758154,-0.06936145,0.004605967,51.676056,0.06930537,0.9975302,0.011461229,79.976364,-0.005389598,-0.011114263,0.999926,0.11024096
0.9976576,-0.06839633,0.001573073,52.53054,0.068374656,0.99759597,0.011325534,80.04094,-0.0023439522,-0.011191417,0.9999369,0.11611234
0.9976946,-0.06775092,-0.004073863,53.388515,0.06780707,0.99757695,0.015605046,80.110535,0.0030067044,-0.015845282,0.9998722,0.13436659
0.9977287,-0.0666589,-0.009766431,54.26434,0.066821344,0.997615,0.01732847,80.17511,0.008588016,-0.017941693,0.9998044,0.145821
0.99770504,-0.06584581,-0.015827132,55.10702,0.06619399,0.99755234,0.022558013,80.25297,0.014303023,-0.023553886,0.99962246,0.16731502
0.997764,-0.0645767,-0.017275939,55.975746,0.064976245,0.99760747,0.02363677,80.313705,0.0157082,-0.024706425,0.9995736,0.1893602
0.99784124,-0.06473469,-0.011129451,56.840942,0.064949416,0.99768645,0.020116076,80.36793,0.00980147,-0.020795481,0.999738,0.2101046
0.99787647,-0.06512331,-0.0017930124,57.688713,0.06514563,0.99770904,0.018276423,80.42931,0.00059865223,-0.018354395,0.9998337,0.2331331
0.9978026,-0.06607729,0.0050442647,58.53512,0.06599406,0.997704,0.015251875,80.48667,-0.0060405233,-0.014885442,0.99987334,0.23897967
0.9976148,-0.06891695,0.0040953616,59.37462,0.06884824,0.9975131,0.015123179,80.54739,-0.005127457,-0.014805122,0.9998796,0.25499424
0.9975055,-0.070584066,0.0014866325,60.223087,0.070568316,0.9974669,0.009001781,80.604034,-0.002118283,-0.008874384,0.9999607,0.27159965
0.9973335,-0.072988205,-0.00012653598,61.058903,0.07298771,0.9973093,0.00693262,80.66644,-0.0003798358,-0.006923334,0.99997824,0.2761458
0.9970993,-0.07607495,-0.0026542558,61.904842,0.07609761,0.99705416,0.009655897,80.74872,0.0019118356,-0.009829838,0.99995214,0.29574072
0.99692935,-0.078130156,-0.00538121,62.70188,0.07816668,0.9969172,0.0068680365,80.81559,0.004827993,-0.0072675436,0.99996424,0.29660493
0.99641323,-0.08417034,-0.008795327,63.543736,0.08420982,0.9964399,0.004172911,80.88723,0.008412757,-0.0048985593,0.99995494,0.3024778
0.9962027,-0.086143725,-0.012679159,64.344795,0.0862581,0.99623513,0.0087351445,80.959785,0.011878927,-0.009795622,0.9998838,0.33763784
0.9958448,-0.09001558,-0.013847432,65.16466,0.09018782,0.9958491,0.0123298,81.04415,0.01268006,-0.013527407,0.9998304,0.35325795
0.99565196,-0.092292786,-0.012669356,65.97621,0.0925146,0.9955461,0.01817251,81.13394,0.010935716,-0.019265573,0.99975693,0.38031343
0.9952983,-0.09655131,-0.007777002,66.77531,0.096697606,0.9950864,0.021304896,81.220604,0.0056817485,-0.021956723,0.99974513,0.39784536
0.9949024,-0.10083234,-0.0018611815,67.580315,0.10084902,0.994647,0.02254191,81.30827,-0.000421766,-0.022614678,0.99974656,0.41668868
0.99445516,-0.1051565,0.001574635,68.37612,0.10510184,0.9942454,0.020762227,81.394104,-0.003748891,-0.020481583,0.9997856,0.43169168
0.9937133,-0.111933276,0.002499013,69.15932,0.11185029,0.9934733,0.022400903,81.49323,-0.004990144,-0.021980537,0.99974835,0.44429532
0.99297535,-0.118189454,0.005726043,69.9427,0.11806096,0.9928218,0.019182296,81.58864,-0.007952123,-0.0183715,0.99980205,0.45370823
0.9922793,-0.12387658,0.0061579333,70.72328,0.12373547,0.9921218,0.019631678,81.69029,-0.008541361,-0.018718129,0.9997908,0.46210605
0.99144775,-0.13043146,0.004534472,71.50117,0.13028756,0.9911861,0.024018563,81.80269,-0.0076273168,-0.023222346,0.9997037,0.46807683
0.9906839,-0.13618617,0.0005083133,72.272736,0.13612457,0.9903327,0.026696779,81.91664,-0.0041391626,-0.026378859,0.99964595,0.4774998
0.9898605,-0.14202355,-0.002680361,73.04392,0.14204574,0.9895287,0.0256421,82.03165,-0.0009895163,-0.02576282,0.99967,0.48415178
0.98901707,-0.14774983,-0.0041148616,73.82114,0.14780737,0.988663,0.026456976,82.154305,0.0001591707,-0.026774593,0.9996439,0.49567667
0.9883421,-0.1522549,-0.00018088888,74.58823,0.15220052,0.9879535,0.02800916,82.280846,-0.0040858523,-0.027710149,0.99961007,0.49924472
0.98735327,-0.15849005,0.0040175607,75.35584,0.15830462,0.9869467,0.029622858,82.41267,-0.008660081,-0.028612215,0.9995555,0.5089646
0.9863119,-0.16477223,0.006377249,76.11229,0.16453414,0.985972,0.02809567,82.54452,-0.010917211,-0.026661802,0.99958736,0.5221289
0.98514205,-0.17171663,0.0032091646,76.86339,0.17157902,0.98483294,0.025813915,82.67739,-0.007593202,-0.024879728,0.9996641,0.5258889
0.98369515,-0.17980187,-0.0041338103,77.59666,0.17984955,0.9834037,0.023938784,82.82156,-0.0002390608,-0.024291907,0.99970746,0.5368056
0.9818677,-0.18946289,-0.006451045,78.35581,0.18956125,0.981617,0.022279184,82.96496,0.002111352,-0.023098055,0.99973357,0.54426795
0.9797278,-0.20030546,-0.0036175293,79.10915,0.20033737,0.97950387,0.020946704,83.124756,-0.0006523812,-0.021246769,0.99977666,0.554687
0.9773978,-0.21140577,0.0017489735,79.848434,0.21132244,0.9771866,0.02122986,83.292336,-0.0061972183,-0.020380393,0.9997757,0.5613141
0.97479224,-0.22293818,0.008974124,80.58858,0.22268945,0.97462267,0.02283978,83.47076,-0.013838279,-0.02026557,0.99970144,0.5630195
0.97192496,-0.23494335,0.0128572695,81.33311,0.23462066,0.9718253,0.022592846,83.65778,-0.017803095,-0.01894194,0.99966466,0.57569134
0.96913266,-0.24641512,0.007960643,82.04824,0.24614835,0.96890146,0.025352366,83.84983,-0.013960318,-0.022610279,0.99964947,0.57585377
0.9661616,-0.25793147,-0.0022443486,82.768936,0.2579048,0.9658409,0.025264582,84.05347,-0.004348872,-0.024988469,0.99968094,0.58001715
0.9628871,-0.2698092,-0.0073061837,83.47046,0.26990688,0.96261734,0.022805076,84.25484,0.0008800189,-0.023930674,0.9997159,0.58411896
0.95938677,-0.28207597,-0.0035035296,84.17334,0.28208196,0.95912606,0.022562765,84.463165,-0.0030041107,-0.022634668,0.99974203,0.5794687
0.95581055,-0.293966,0.0035180422,84.90686,0.29379743,0.9555549,0.024496246,84.69381,-0.010562773,-0.022380145,0.9996965,0.5911487
0.9519639,-0.30608216,0.008973487,85.62671,0.30578783,0.95177644,0.024852255,84.92873,-0.016147614,-0.020914435,0.9996536,0.59459823
0.9478199,-0.31872523,0.007332863,86.317604,0.31848577,0.9476428,0.023284938,85.16612,-0.014370458,-0.019734483,0.9997047,0.6011944
0.9439353,-0.33011517,0.0034917803,87.03708,0.32998705,0.94377816,0.019840322,85.415596,-0.009845081,-0.017575707,0.99979985,0.59731895
0.9409991,-0.33840418,-0.002294411,87.72632,0.33839864,0.94087905,0.015340746,85.668526,-0.0030326277,-0.015212021,0.9998825,0.60527056
0.93814015,-0.34617835,-0.007458079,88.443924,0.34624618,0.9380729,0.0116274,85.93432,0.0029710543,-0.013490428,0.99990743,0.61138725
0.9353899,-0.3534789,-0.0100188125,89.1503,0.35358128,0.93533444,0.011493996,86.20694,0.005308044,-0.014293798,0.99988663,0.61908966
0.93256754,-0.36081105,-0.011619705,89.84581,0.36095622,0.9324674,0.01474529,86.490814,0.005514722,-0.017945154,0.99982667,0.6262313
0.9294484,-0.36881328,-0.010212182,90.55472,0.36893758,0.92931676,0.01605345,86.77902,0.0035696148,-0.018688481,0.9998219,0.6424379
0.9264662,-0.3763582,-0.004086293,91.24985,0.37637138,0.92631274,0.017070457,87.06128,-0.0026394385,-0.017353136,0.99984884,0.64683163
0.92339045,-0.38383424,0.004811948,91.96855,0.38370898,0.9233005,0.01690435,87.360756,-0.010931366,-0.013762895,0.9998484,0.6605836
0.92111003,-0.38920468,0.00882041,92.68356,0.38888747,0.9209352,0.025436528,87.6738,-0.018023072,-0.019999668,0.9996404,0.66248274
0.9185972,-0.39518595,0.0030037425,93.36587,0.39488545,0.9181472,0.03276156,87.99765,-0.015704812,-0.028908525,0.9994616,0.6619694
0.9161042,-0.40090907,-0.005182402,94.06198,0.40086934,0.9156123,0.030986054,88.309906,-0.007677538,-0.030463902,0.9995093,0.65943766
0.91411483,-0.40532145,-0.010512004,94.76362,0.40545785,0.9137828,0.024642518,88.619255,-0.00038246575,-0.026788246,0.999644,0.6733805
0.912311,-0.4093297,-0.011819226,95.46644,0.40950018,0.9119706,0.024930941,88.937485,0.0005738005,-0.02758473,0.9996222,0.6768877
0.91014403,-0.4141926,-0.009180082,96.171555,0.41427523,0.90966403,0.029828455,89.27468,-0.0040039495,-0.030951256,0.99951583,0.6744287
0.9078446,-0.4192786,-0.005046795,96.87011,0.41922396,0.9073517,0.031090034,89.60657,-0.008456186,-0.030340644,0.9995068,0.68348414
0.90538543,-0.4245527,-0.0058327657,97.569695,0.42453384,0.90494454,0.02913521,89.9339,-0.00709112,-0.028854787,0.9995614,0.6987533
0.9031,-0.42923334,-0.013071191,98.27169,0.42943197,0.9026299,0.029152378,90.28536,-0.0007147364,-0.03194069,0.99949247,0.70420337
0.9007083,-0.4340112,-0.01898856,98.96377,0.4343852,0.90036553,0.025569506,90.62793,0.005999189,-0.031279005,0.9994956,0.7137107
0.8986593,-0.43814108,-0.021111915,99.65571,0.4385883,0.8982976,0.026535168,90.97411,0.007338631,-0.0331055,0.9994279,0.72349024
0.89663255,-0.44242075,-0.017773518,100.351585,0.44276306,0.8962083,0.027819509,91.32752,0.0036208394,-0.032813318,0.99945796,0.73437977
0.8945825,-0.44662252,-0.015891075,101.05165,0.4469038,0.8941092,0.029121565,91.683624,0.0012019995,-0.033153404,0.9994526,0.74888843
0.8921773,-0.4513952,-0.016252106,101.73703,0.45168754,0.89164937,0.030694006,92.040276,0.0006360413,-0.03472535,0.9993997,0.7637887
0.88987434,-0.45590332,-0.01667231,102.42237,0.4562069,0.88937014,0.029972535,92.39434,0.001163267,-0.03427779,0.99941474,0.7773936
0.88759947,-0.4603481,-0.015777024,103.11011,0.46061486,0.88721025,0.026348563,92.751976,0.0018680189,-0.030654076,0.9995314,0.79218054
0.88561165,-0.4641836,-0.015091488,103.781784,0.46442774,0.8852216,0.026307331,93.10897,0.0011478706,-0.03030696,0.999543,0.80216825
0.8831872,-0.46877977,-0.015101849,104.46102,0.46902224,0.8827936,0.026381483,93.4785,0.00096470123,-0.030382866,0.99954087,0.81347275
0.8811107,-0.4726611,-0.015410889,105.11575,0.47291178,0.8806998,0.026920348,93.83783,0.0008481557,-0.031007776,0.9995218,0.82458025
0.87866104,-0.47709578,-0.018344864,105.78049,0.47742856,0.87832737,0.024606954,94.204,0.004372914,-0.030379513,0.9995319,0.8442836
0.876547,-0.480796,-0.02242174,106.436386,0.4812336,0.8763169,0.022033723,94.57115,0.009054818,-0.030103667,0.9995088,0.8594705
0.87443155,-0.48451623,-0.024814442,107.07523,0.48501205,0.8742624,0.020767974,94.93013,0.011631909,-0.030195452,0.9994794,0.8787545
0.8723035,-0.48845485,-0.02237839,107.72872,0.4888928,0.8720563,0.02245806,95.30088,0.008545465,-0.030530857,0.9995004,0.88835615
0.87074524,-0.49152502,-0.014429962,108.35259,0.49173707,0.8703698,0.025571559,95.66085,-9.665229e-06,-0.02936204,0.999572,0.9017034
0.8693483,-0.49417448,-0.005242652,108.977554,0.4941176,0.8689531,0.027768206,96.017494,-0.009166733,-0.026730705,0.9996038,0.9139616
0.867081,-0.4981665,0.0017326551,109.618835,0.49795854,0.8668094,0.026107246,96.396484,-0.014507654,-0.021774283,0.9996608,0.92696977
0.86575735,-0.50045705,0.0030400539,110.21459,0.5002626,0.8655622,0.02328851,96.73618,-0.01428627,-0.018641349,0.9997273,0.9338967
0.86342394,-0.5044807,-0.0006957867,110.85108,0.50436914,0.8632018,0.022301685,97.10903,-0.010650181,-0.019606717,0.99975425,0.9381945
0.86230695,-0.5063801,-0.0028832757,111.40341,0.5063281,0.86210185,0.020381529,97.44191,-0.007835136,-0.01903499,0.9997914,0.945878
0.86099577,-0.50860125,-0.003661587,111.95292,0.50857264,0.8608095,0.01907914,97.773796,-0.0065517565,-0.018289212,0.99981457,0.9487551
0.8595296,-0.5110764,-0.003481173,112.4986,0.5110526,0.8593682,0.017739154,98.09564,-0.006074464,-0.017026361,0.9998399,0.95633584
0.8583024,-0.5131417,-0.0022392988,113.01297,0.5130986,0.8581534,0.017489081,98.40898,-0.0070527256,-0.016159872,0.9998479,0.96557367
0.856899,-0.5154863,-0.00060053595,113.53493,0.51542026,0.8567686,0.017112399,98.72231,-0.008306697,-0.014973095,0.99985677,0.9720185
0.85560155,-0.5176366,0.0008329851,114.01547,0.5175596,0.85549927,0.016011227,99.018394,-0.009000627,-0.01326808,0.99987483,0.97859025
0.8540735,-0.5201503,0.0021098817,114.47827,0.52006984,0.85400003,0.014651723,99.30393,-0.009422949,-0.01141633,0.9998938,0.99054164
0.85300016,-0.5219096,0.0018746487,114.92133,0.52184445,0.8529402,0.013222919,99.57528,-0.008500143,-0.010300842,0.99991417,0.99597555
0.85172033,-0.523994,-0.0022773123,115.33129,0.5239733,0.8516259,0.013740879,99.840385,-0.00526073,-0.012896601,0.9999064,1.006825
