0,1,2,3,4,5,6,7,8,9,10,11
1.0,0.0,0.0,0.0,0.0,1.0,0.0,0.0,0.0,0.0,1.0,0.0
0.99997926,-0.0064448267,0.00010860768,0.08920894,0.006444775,0.99997914,0.000470281,0.0055549294,-0.00011163629,-0.00046957127,0.9999999,0.00033821806
0.9999111,-0.013335319,3.1529107e-05,0.18037763,0.013335285,0.99991065,0.00092306314,0.014682955,-4.383564e-05,-0.0009225606,0.9999995,0.0022904808
0.99978036,-0.020954361,-0.00047538226,0.28041196,0.020954914,0.9997797,0.0011895407,0.023387484,0.00045035145,-0.001199241,0.9999991,0.0039341217
0.999548,-0.030012041,-0.0017172921,0.38555747,0.030014906,0.999548,0.0016670697,0.03370855,0.0016664837,-0.0017178606,0.9999971,0.003031271
0.9991413,-0.04129793,-0.0033288074,0.49976736,0.041303936,0.99914503,0.0017560339,0.04661537,0.0032534406,-0.0018920188,0.99999285,0.0025639147
0.9984824,-0.054885734,-0.004509115,0.62900233,0.054893564,0.9984908,0.001631421,0.06284187,0.0044127684,-0.0018764668,0.9999884,0.0026911409
0.99746233,-0.071033865,-0.004781057,0.76819134,0.07104218,0.997472,0.0015934221,0.082602456,0.004655784,-0.0019290356,0.9999872,0.0030325023
0.9959729,-0.089520425,-0.0048836116,0.9200703,0.089523524,0.99598455,0.00042072113,0.10571972,0.0048263385,-0.00085622526,0.99998796,0.0040298095
0.99396795,-0.10955614,-0.004995211,1.083722,0.10955423,0.9939806,-0.00065643585,0.13320616,0.0050370586,0.000105229614,0.9999873,0.00968593
0.991274,-0.13170478,-0.0054400032,1.2482619,0.13170345,0.99128896,-0.00060516834,0.16762847,0.0054723183,-0.0001165797,0.99998504,0.011964561
0.9877551,-0.15584841,-0.0071464074,1.426866,0.1558693,0.9877746,0.0024588187,0.21916588,0.0066758366,-0.0035426167,0.9999715,0.0191205
0.9833819,-0.18126318,-0.010177037,1.6033372,0.18133096,0.9834027,0.0061762165,0.27576628,0.008888606,-0.007918993,0.99992925,0.022033514
0.97805774,-0.20798111,-0.012119932,1.7820098,0.20809671,0.97806495,0.009200643,0.33527008,0.009940522,-0.011520879,0.99988437,0.02687336
0.9713418,-0.23733576,-0.012913339,1.9782183,0.2374701,0.9713424,0.010091076,0.40791163,0.010148301,-0.0128684165,0.99986583,0.033651546
0.96332276,-0.26799875,-0.01363557,2.1637857,0.26815748,0.9633059,0.011542445,0.48045585,0.0100418655,-0.014775582,0.99984056,0.03672494
0.9539795,-0.2995502,-0.013891671,2.3685493,0.29972667,0.95393574,0.013055821,0.5736204,0.009340889,-0.01661869,0.9998185,0.039659396
0.9427858,-0.33309963,-0.014132851,2.563655,0.33329645,0.94270056,0.0151313245,0.6687251,0.00828281,-0.018976027,0.99978584,0.047555476
0.93031704,-0.36642042,-0.01570316,2.7473462,0.36666197,0.9301969,0.0171064,0.7621446,0.008338898,-0.021672126,0.9997306,0.045651898
0.91659427,-0.39944384,-0.017317161,2.9538355,0.39974132,0.9164098,0.019994186,0.88712853,0.0078830635,-0.02524894,0.99965036,0.046673123
0.90067816,-0.4341015,-0.01830552,3.1498973,0.43441933,0.9004825,0.020272724,1.0092018,0.00768338,-0.026211469,0.9996271,0.04354529
0.88231516,-0.47030014,-0.0183849,3.3320055,0.47057822,0.8822147,0.015908778,1.127211,0.00873753,-0.022688085,0.99970466,0.043233734
0.8611259,-0.50808746,-0.017593002,3.5396616,0.50830704,0.8610985,0.011533,1.2730372,0.009289537,-0.018874006,0.999779,0.052325148
0.83656037,-0.5476332,-0.016274799,3.7162628,0.5478341,0.8364913,0.012643731,1.4197912,0.0066896016,-0.019493127,0.9997879,0.059726797
0.8080196,-0.5889138,-0.0168853,3.9112606,0.58914727,0.80783004,0.017771192,1.6102244,0.003174752,-0.024307393,0.99969983,0.059985127
0.7759172,-0.63056296,-0.01852203,4.0882363,0.6308326,0.7756596,0.020054057,1.8023453,0.0017214435,-0.027244583,0.99962765,0.06729312
0.740471,-0.671801,-0.019657107,4.2459054,0.67208654,0.7402223,0.019248592,1.9856458,0.0016194048,-0.027464297,0.9996218,0.06338856
0.70113236,-0.7128429,-0.016388321,4.4393992,0.71303105,0.700963,0.015404004,2.2154298,0.00050697196,-0.022485621,0.9997474,0.072317764
0.65893376,-0.7520799,-0.013497138,4.6024027,0.75220096,0.6588329,0.011514058,2.4426599,0.00023286627,-0.017739555,0.999843,0.0737488
0.6147592,-0.78863406,-0.011295446,4.748723,0.7887138,0.614671,0.010478685,2.6783793,-0.0013208657,-0.015350733,0.99988174,0.07501833
0.56699264,-0.82367486,-0.008904619,4.9170904,0.82371515,0.5669068,0.010475355,2.9648678,-0.0035801986,-0.013274308,0.9999059,0.07322494
0.51630235,-0.8563726,-0.0076214536,5.052913,0.8563894,0.5162153,0.01088902,3.2488058,-0.0053907475,-0.012148949,0.9999121,0.07693901
0.46419647,-0.8857057,-0.0068741934,5.1590347,0.8857029,0.46410364,0.011741985,3.5363736,-0.007209605,-0.011539071,0.9999079,0.072157815
0.40978134,-0.9121644,-0.005956378,5.2869687,0.9121327,0.4096803,0.013254121,3.8846323,-0.009649727,-0.010864288,0.99989486,0.07243544
0.3551882,-0.9347761,-0.0059182104,5.3692665,0.9347192,0.3550716,0.014960751,4.2039976,-0.011883565,-0.0108457375,0.99987096,0.069610804
0.29989135,-0.9539647,-0.0040748506,5.4666066,0.953855,0.2997839,0.017029846,4.587417,-0.015024301,-0.008993911,0.9998471,0.06939664
0.2460304,-0.9692621,-0.00038966443,5.5391583,0.9691004,0.24598174,0.018362762,4.9623013,-0.017702483,-0.00489541,0.9998318,0.07020367
0.19531637,-0.98074,0.0008233562,5.5893354,0.98056084,0.19529638,0.018961389,5.3363934,-0.018756993,-0.0028961066,0.9998203,0.075601086
0.14779818,-0.98901534,-0.0021267715,5.62365,0.9888375,0.14772968,0.019393068,5.766075,-0.018865855,-0.0049692807,0.9998101,0.07048603
0.105250135,-0.9944313,-0.0053659366,5.6394477,0.99427307,0.10512958,0.019196428,6.1783214,-0.018525414,-0.007355624,0.99980175,0.057671092
0.066944376,-0.9977272,-0.00767382,5.6552706,0.99761164,0.066801384,0.017555121,6.6429152,-0.017002603,-0.008830701,0.9998169,0.05008423
0.032294985,-0.9994482,-0.007769625,5.654333,0.9993715,0.032176796,0.014856645,7.1082335,-0.014598446,-0.008244529,0.9998599,0.045634627
0.0009793788,-0.99996716,-0.008042392,5.640172,0.9999269,0.00088233873,0.012033531,7.5664926,-0.012026039,-0.008053583,0.9998957,0.046121594
-0.026207946,-0.9996179,-0.008795327,5.613004,0.9996068,-0.026293363,0.009715943,8.066396,-0.009943485,-0.008537227,0.99991465,0.042285606
-0.04707636,-0.99884284,-0.009843253,5.5747666,0.99885964,-0.047150865,0.007457801,8.563916,-0.007913284,-0.009480937,0.99992424,0.0369859
-0.06374886,-0.99791604,-0.009988545,5.5335474,0.9979423,-0.06381279,0.006197034,9.102941,-0.00682151,-0.009572934,0.9999314,0.02771211
-0.07700456,-0.9969862,-0.009431362,5.4872274,0.9970036,-0.07706864,0.006609104,9.645691,-0.0073160413,-0.008894167,0.9999342,0.026998624
-0.08643255,-0.9962078,-0.009983205,5.4306636,0.9962216,-0.08651021,0.007607889,10.196659,-0.008442681,-0.009287912,0.99992174,0.028725347
-0.0934781,-0.9955576,-0.011278984,5.3665967,0.995574,-0.09357803,0.008664888,10.777439,-0.009681854,-0.010419084,0.9998994,0.02948226
-0.09769704,-0.995152,-0.011323824,5.3012705,0.9951577,-0.09780834,0.009711342,11.3589,-0.01077182,-0.010320218,0.99988925,0.02718131
-0.099459894,-0.9949851,-0.01062028,5.241382,0.9949732,-0.09957256,0.01064606,11.967624,-0.011650154,-0.009508034,0.99988747,0.024141429
-0.098531164,-0.99509007,-0.009368425,5.1860113,0.9950429,-0.09864521,0.012585352,12.588936,-0.013447706,-0.008081931,0.99987745,0.02001765
-0.09710894,-0.99522895,-0.009464647,5.1186757,0.9951502,-0.09724241,0.014816798,13.23346,-0.015666468,-0.007979896,0.999846,0.016124278
-0.09548252,-0.99537677,-0.0104225185,5.050738,0.99530435,-0.095632315,0.0149465725,13.880796,-0.015874196,-0.0089464355,0.9998346,0.011579823
-0.093697354,-0.9955105,-0.013425089,4.9816813,0.9955033,-0.09386839,0.012715393,14.544603,-0.013918493,-0.012173317,0.99982965,0.008084112
-0.09235604,-0.9956337,-0.013585265,4.915017,0.9956312,-0.092527024,0.0125301005,15.2330265,-0.013732388,-0.012368678,0.9998299,0.0012761191
-0.09051983,-0.9957986,-0.013859402,4.849742,0.99576193,-0.090726264,0.015054247,15.9316635,-0.016248405,-0.012437953,0.9997913,-0.004671099
-0.08874858,-0.9959572,-0.0139191635,4.7822423,0.99585927,-0.08899901,0.018525878,16.6606,-0.019689769,-0.012217378,0.9997322,-0.0103764925
-0.0867156,-0.9961341,-0.014074082,4.7151,0.99599725,-0.08699392,0.020524561,17.38483,-0.02166957,-0.012237943,0.999691,-0.018565167
-0.085091606,-0.9962368,-0.01650753,4.643266,0.99614316,-0.08541634,0.020066068,18.129797,-0.021400563,-0.014736406,0.9996631,-0.029660843
-0.08352657,-0.9963291,-0.018769864,4.5732484,0.9963219,-0.08385796,0.017610183,18.884613,-0.019119535,-0.017229907,0.99966943,-0.036711983
-0.08170325,-0.9964715,-0.019233085,4.505591,0.99648476,-0.08203241,0.016984902,19.650799,-0.0185027,-0.017777752,0.9996714,-0.049356613
-0.08059806,-0.99660146,-0.017037557,4.443264,0.99654365,-0.08091492,0.018794306,20.438929,-0.020109018,-0.015463881,0.99967885,-0.058920372
-0.07922424,-0.9967354,-0.015585424,4.3797646,0.9966098,-0.079543024,0.02100963,21.224705,-0.022180747,-0.01386811,0.99965847,-0.06703866
-0.078216024,-0.9968404,-0.013870172,4.3161645,0.9966641,-0.078512356,0.022272194,22.032272,-0.023290796,-0.012081856,0.9996564,-0.078488156
-0.07745067,-0.99690825,-0.01327556,4.251066,0.9968068,-0.07768865,0.018442301,22.834145,-0.019416634,-0.011804796,0.99974245,-0.08292838
-0.07690783,-0.9969727,-0.011468986,4.1878767,0.99695927,-0.07704134,0.011673844,23.636114,-0.012522079,-0.010536297,0.9998667,-0.087535396
-0.0772606,-0.9969596,-0.010153316,4.1242733,0.99697924,-0.07733521,0.0071530524,24.454523,-0.007916501,-0.00956999,0.99992347,-0.092765704
-0.07730318,-0.9969568,-0.010106112,4.0587873,0.9969706,-0.07738368,0.007812501,25.281822,-0.008570761,-0.009471558,0.99991906,-0.0950094
-0.07736298,-0.996954,-0.009926135,3.9912317,0.996887,-0.07750211,0.014471594,26.13321,-0.0151968,-0.008775662,0.99984664,-0.10018388
-0.07774625,-0.99691296,-0.010996122,3.916977,0.9967187,-0.077971,0.021726267,26.98821,-0.02251657,-0.009270897,0.9997042,-0.104435354
-0.07772137,-0.9969015,-0.012145431,3.8458295,0.9965893,-0.07802455,0.02686262,27.826508,-0.027727025,-0.010016199,0.999566,-0.111163855
-0.07809932,-0.99683976,-0.014555031,3.7728722,0.9965364,-0.07847734,0.027500508,28.664434,-0.028555837,-0.012356842,0.99951655,-0.11827777
-0.07842576,-0.99680823,-0.014954492,3.7018218,0.99658924,-0.07877738,0.024570027,29.501955,-0.025669675,-0.012976558,0.999587,-0.12614396
-0.07932429,-0.9967316,-0.015320187,3.63278,0.99657744,-0.07965205,0.022106426,30.337738,-0.023254452,-0.013514171,0.99963903,-0.13469554
-0.07940476,-0.9967092,-0.016324922,3.5580823,0.9965528,-0.079765886,0.022794446,31.175491,-0.024021601,-0.014458656,0.9996077,-0.14775698
-0.07887589,-0.9967426,-0.01684218,3.4893317,0.9965442,-0.0792792,0.024783367,32.01031,-0.02603787,-0.0148291625,0.9995518,-0.15775335
-0.079044685,-0.9967132,-0.01776402,3.4159012,0.9965624,-0.07945118,0.02346589,32.84374,-0.024800133,-0.015848096,0.99956757,-0.16388991
-0.07845578,-0.9967464,-0.018494207,3.3442798,0.9967103,-0.07880441,0.018930484,33.674774,-0.020326313,-0.016948156,0.99965054,-0.16748199
-0.07858735,-0.9967074,-0.019980168,3.274249,0.9967703,-0.07889299,0.014987657,34.50234,-0.016514597,-0.018737793,0.99968886,-0.17227967
-0.078122936,-0.9967516,-0.019592028,3.2053854,0.99680156,-0.07842866,0.015342866,35.333614,-0.016829595,-0.018330729,0.9996911,-0.17862587
-0.077393495,-0.99681425,-0.019298518,3.1385014,0.99682057,-0.07773299,0.017498551,36.166294,-0.01894293,-0.017882878,0.99966145,-0.17885193
-0.077129655,-0.9968307,-0.019504607,3.0670187,0.99674,-0.07755781,0.022228941,37.00325,-0.023671221,-0.017726503,0.99956346,-0.18615812
-0.07652556,-0.9969181,-0.017291874,3.0037615,0.9966478,-0.076985255,0.027685527,37.836796,-0.028931418,-0.015115249,0.9994679,-0.19456959
-0.07669954,-0.996884,-0.018448316,2.9355838,0.99653035,-0.077246025,0.030987842,38.66999,-0.032316342,-0.016007548,0.9993503,-0.20757324
-0.07646653,-0.9969079,-0.018122677,2.8705633,0.99654514,-0.07700456,0.031114032,39.496277,-0.032413352,-0.01568088,0.99935234,-0.21897116
-0.07616126,-0.99693877,-0.017705267,2.8022025,0.99668735,-0.07662627,0.02725171,40.317047,-0.028524972,-0.0155710885,0.9994726,-0.22964193
-0.075976424,-0.99692744,-0.019087028,2.7299092,0.9968101,-0.076409005,0.02304892,41.153107,-0.024436519,-0.017274965,0.9995529,-0.23931433
-0.075574696,-0.996902,-0.02181452,2.656497,0.9969058,-0.076013215,0.020015849,41.98248,-0.021612028,-0.020234328,0.99956244,-0.249766
-0.07590129,-0.9968065,-0.024833689,2.583697,0.9969142,-0.076362774,0.018185405,42.81437,-0.020023696,-0.02337676,0.99952704,-0.26075405
-0.07661439,-0.99679863,-0.022882596,2.5150793,0.9969036,-0.076989695,0.015987765,43.639442,-0.017698303,-0.021586847,0.9996112,-0.26472902
-0.07776688,-0.9967815,-0.019487076,2.4531858,0.9968697,-0.0780235,0.012762612,44.458744,-0.01424198,-0.018433562,0.9997296,-0.26363406
-0.07880121,-0.9967627,-0.015981618,2.3893087,0.99680966,-0.078988716,0.011449097,45.287308,-0.012674394,-0.015028425,0.99980766,-0.26443654
-0.08031347,-0.9966571,-0.015012401,2.3194568,0.9966474,-0.08053044,0.01444137,46.104668,-0.015602045,-0.013802229,0.99978393,-0.26567447
-0.082245424,-0.99652934,-0.012882266,2.2511146,0.9963868,-0.08249493,0.020193325,46.928402,-0.02118596,-0.011174903,0.9997141,-0.26868108
-0.08427044,-0.9963881,-0.010500166,2.1790462,0.9961311,-0.08450317,0.02412537,47.751118,-0.024925526,-0.008426475,0.9996548,-0.2708756
-0.08562352,-0.99626154,-0.011515778,2.1077762,0.99602693,-0.08587608,0.023574894,48.554466,-0.024475688,-0.009451448,0.9996568,-0.273626
-0.08689662,-0.9961247,-0.013622961,2.0285408,0.995997,-0.087157026,0.019839754,49.36042,-0.020950204,-0.0118444115,0.9997114,-0.27979887
-0.0879587,-0.995962,-0.017996658,1.9480506,0.9959631,-0.088255085,0.016385566,50.158897,-0.017907696,-0.016482748,0.99970484,-0.28153792
-0.0889134,-0.99581707,-0.02106683,1.866691,0.9959024,-0.08923207,0.014692799,50.95053,-0.016511174,-0.019674115,0.99967116,-0.28764808
-0.089790806,-0.9957016,-0.022736497,1.785142,0.995806,-0.09015585,0.01556494,51.760807,-0.017547863,-0.021243546,0.9996214,-0.28962168
-0.09057596,-0.9956128,-0.0234994,1.7092373,0.995708,-0.090984836,0.016946808,52.54714,-0.019010544,-0.021863561,0.99958134,-0.2916641
-0.09173389,-0.99547625,-0.024760116,1.6274022,0.9956018,-0.09216392,0.016815186,53.3375,-0.019021101,-0.023108687,0.99955314,-0.29260838
-0.09248002,-0.99538773,-0.025529552,1.5466385,0.9955338,-0.09292137,0.01666982,54.122467,-0.01896517,-0.023873903,0.9995363,-0.29509604
-0.09241926,-0.99542135,-0.024415094,1.4730856,0.9955138,-0.09287159,0.018082896,54.90523,-0.020267567,-0.022634352,0.99953955,-0.29785666
-0.09310611,-0.9953654,-0.024084618,1.3962088,0.99538374,-0.09361928,0.021128096,55.686825,-0.02328496,-0.022006279,0.9994879,-0.29763374
-0.092706315,-0.9953944,-0.024423862,1.3215234,0.99532,-0.093315504,0.025101343,56.460323,-0.027264867,-0.0219825,0.9993878,-0.3075262
-0.09340367,-0.99532723,-0.024504548,1.2412643,0.99519444,-0.09406128,0.027209077,57.22888,-0.02938687,-0.021845354,0.99933064,-0.31292957
-0.0940287,-0.9952666,-0.02457767,1.1672293,0.9951278,-0.09469372,0.02745349,57.983356,-0.029650899,-0.021876497,0.99932224,-0.3220954
-0.09436159,-0.99525684,-0.023681909,1.0922046,0.9951451,-0.094965994,0.025837926,58.714462,-0.027964352,-0.021128817,0.999387,-0.32902303
-0.09477273,-0.99524176,-0.022651749,1.0188816,0.9951982,-0.095278926,0.022414174,59.45595,-0.024465755,-0.020418717,0.9994936,-0.3346524
-0.09466089,-0.99524546,-0.02295577,0.9447301,0.9952783,-0.09511081,0.019361608,60.16105,-0.021452889,-0.021014584,0.99955046,-0.3393428
-0.09354673,-0.9953478,-0.023084998,0.8746656,0.9954249,-0.093956694,0.017354576,60.875732,-0.019442823,-0.02135591,0.9995844,-0.34307137
-0.091340534,-0.99551576,-0.0246247,0.80202866,0.9956447,-0.091760196,0.016479783,61.566647,-0.018665446,-0.023012169,0.99956244,-0.3442331
-0.08688452,-0.9959149,-0.024614615,0.73542345,0.9960304,-0.08732172,0.017273415,62.242237,-0.019352237,-0.0230161,0.9995493,-0.34580883
-0.08125988,-0.99638283,-0.024887053,0.6775037,0.99647677,-0.08173705,0.018789178,62.913406,-0.020755405,-0.023272555,0.99951524,-0.34763226
-0.074007176,-0.99696517,-0.024178782,0.62985164,0.99701357,-0.0745039,0.020325204,63.56203,-0.022064934,-0.022602353,0.99950254,-0.34770125
-0.06513628,-0.9975478,-0.025630591,0.5865056,0.99760157,-0.06569977,0.021787314,64.20231,-0.02341781,-0.024149964,0.9994356,-0.3489719
-0.053296026,-0.9982095,-0.02717949,0.5488273,0.99826556,-0.053941377,0.023584578,64.826294,-0.02500845,-0.025875378,0.9993538,-0.34902135
-0.038461633,-0.9988354,-0.029153422,0.51953894,0.99891543,-0.039198406,0.025130883,65.418144,-0.026244385,-0.028155223,0.9992605,-0.35258698
-0.020148486,-0.9993317,-0.030520657,0.5027036,0.99942493,-0.0209646,0.02665422,66.00305,-0.027276265,-0.029966058,0.9991802,-0.3566285
0.0016977135,-0.9995255,-0.03077838,0.50863737,0.9996185,0.00084749795,0.027609728,66.565765,-0.027570546,-0.030813508,0.99914634,-0.36187047
0.027277991,-0.999195,-0.029442128,0.5279513,0.9992548,0.026451124,0.028111033,67.10896,-0.027309628,-0.030186998,0.9991727,-0.36575428
0.05646978,-0.99802953,-0.02738449,0.5641188,0.998046,0.055693217,0.028329263,67.626335,-0.026748309,-0.028930724,0.999225,-0.36554804
0.09044959,-0.99558944,-0.024945624,0.61708283,0.9955542,0.089728415,0.02864725,68.12027,-0.026282566,-0.027425846,0.99927986,-0.3683972
0.12775978,-0.9915348,-0.023190154,0.6927923,0.9914683,0.12707177,0.02904267,68.59893,-0.025850005,-0.026702778,0.99931073,-0.3743888
0.16787592,-0.98557734,-0.021369157,0.78859746,0.9854804,0.1672213,0.029421423,69.054886,-0.02542371,-0.025998024,0.9993403,-0.3728135
0.21296237,-0.9768862,-0.018495914,0.8963467,0.97672015,0.21234997,0.030422706,69.50589,-0.025791913,-0.024544211,0.99936765,-0.37780693
0.25997895,-0.9655143,-0.013952525,1.0466776,0.965297,0.2594954,0.029395578,69.9379,-0.024761235,-0.021110546,0.9994722,-0.382527
0.31002733,-0.9507141,-0.005227443,1.2082697,0.9504629,0.30980596,0.025315497,70.351944,-0.02244831,-0.012816965,0.9996675,-0.37575915
0.36017177,-0.9328869,7.6942146e-05,1.4072814,0.93268627,0.36009577,0.020678744,70.75703,-0.019318638,-0.0073761106,0.9997879,-0.37327534
0.41223392,-0.91105974,0.0059257625,1.6087055,0.9109093,0.4122735,0.016585896,71.14175,-0.017553778,-0.0014394047,0.9998467,-0.37303334
0.46230692,-0.8866938,0.0069445693,1.8508029,0.8865484,0.4623568,0.016076723,71.521805,-0.017466001,-0.0012756507,0.9998484,-0.3833993
0.5105291,-0.8598094,0.009463483,2.0837812,0.8596789,0.510616,0.014954341,71.88135,-0.017690092,0.00050096563,0.99984515,-0.39431345
0.55546266,-0.8313581,0.017511394,2.34671,0.83131874,0.5556778,0.011471016,72.22568,-0.019267222,0.008185871,0.9997826,-0.40067568
0.5987782,-0.8004321,0.027835201,2.6510706,0.80064106,0.5991205,0.0053576417,72.552055,-0.02096508,0.019078016,0.99959993,-0.38771215
0.64105713,-0.7669679,0.028418263,2.9331172,0.767261,0.64133435,0.00087760924,72.8525,-0.01889872,0.021241684,0.9995975,-0.38712123
0.6823948,-0.73066163,0.021738714,3.2458968,0.7308857,0.68248916,-0.0038509492,73.15552,-0.012022703,0.018516432,0.999758,-0.39959198
0.72301096,-0.6907344,0.0119557595,3.5544496,0.69083375,0.7229549,-0.009225737,73.43078,-0.002270943,0.0149297975,0.99988776,-0.3962638
0.76227856,-0.6472447,0.0027359826,3.9207761,0.64722604,0.7622061,-0.011851878,73.711876,0.005585686,0.010805273,0.9999278,-0.4024766
0.7991741,-0.60110027,-0.0010074337,4.2870874,0.60103977,0.7991148,-0.012916476,73.970695,0.008569156,0.009717045,0.99991786,-0.40510023
0.8332501,-0.552892,-0.002528722,4.700782,0.5528106,0.83319056,-0.013931759,74.219025,0.009809669,0.010210776,0.99990153,-0.40233207
0.8639455,-0.50354993,-0.0061114635,5.1566057,0.5034502,0.86392933,-0.012811197,74.465225,0.011730952,0.007991397,0.99990106,-0.40345517
0.8900736,-0.455787,-0.005375015,5.611701,0.45571744,0.8900619,-0.010567865,74.68277,0.009600789,0.0069567272,0.9999315,-0.38623014
0.91167796,-0.4108458,-0.0071161506,6.1150146,0.4108161,0.91170305,-0.005278326,74.90347,0.008656389,0.0018887371,0.99996257,-0.38508
0.9291568,-0.36954513,-0.010278558,6.607632,0.36956677,0.9292042,0.0002330672,75.097084,0.009464745,-0.004015143,0.9999489,-0.38008267
0.9428848,-0.33295956,-0.010379102,7.1502867,0.33302173,0.9429062,0.0049392013,75.28508,0.008141957,-0.008113543,0.9999357,-0.37612334
0.953202,-0.30222908,-0.008059142,7.717183,0.30227897,0.9532012,0.005909694,75.45883,0.0058958903,-0.008069221,0.99995184,-0.36695766
0.96063757,-0.2777494,-0.005675132,8.277869,0.27777994,0.9606285,0.0055794856,75.61201,0.00390198,-0.00693628,0.99997014,-0.35405758
0.9666613,-0.2560391,-0.0033851748,8.878271,0.2560558,0.9666426,0.0061255503,75.770645,0.0017038559,-0.0067881043,0.99997735,-0.34739184
0.9712457,-0.2380806,-0.00089287444,9.484928,0.23807974,0.9712106,0.008252967,75.92036,-0.0010977236,-0.008228214,0.99996734,-0.34261888
0.974897,-0.22265927,4.278234e-05,10.109519,0.2226412,0.97481966,0.012559047,76.0684,-0.0028381166,-0.012234237,0.99992293,-0.33738884
0.97796583,-0.20876685,0.00075695897,10.754466,0.20873064,0.97785157,0.015429062,76.216064,-0.0039612944,-0.014931083,0.99988246,-0.33933175
0.9806153,-0.19594269,0.001228908,11.408965,0.19590253,0.980508,0.015050664,76.34811,-0.004154046,-0.014518152,0.99988776,-0.3295615
0.9832523,-0.18224968,0.0012113826,12.07865,0.18221085,0.9831428,0.015158771,76.47181,-0.0039536674,-0.0146841565,0.99988616,-0.32807922
0.9859514,-0.16702507,0.0019693647,12.774,0.16697562,0.9858406,0.015419954,76.59603,-0.004517023,-0.014874478,0.99988097,-0.32824183
0.98817873,-0.1532892,0.0026010058,13.481043,0.1532284,0.98805946,0.016118914,76.70706,-0.005040829,-0.015529807,0.9998685,-0.32898298
0.9901538,-0.13998806,0.00056212756,14.204503,0.13995941,0.99001706,0.016666874,76.81107,-0.0028897033,-0.016424082,0.9998627,-0.32085
0.9915819,-0.12940294,-0.0046467497,14.929583,0.1294662,0.9914217,0.017936174,76.909256,0.0022858751,-0.018386774,0.99983007,-0.3171793
0.9927659,-0.119636565,-0.010210668,15.673119,0.119795576,0.992658,0.016713291,76.99735,0.008136166,-0.01781557,0.9998099,-0.30457088
0.99378,-0.11085761,-0.010637667,16.43004,0.11103312,0.9936604,0.017631134,77.09121,0.008615669,-0.018702595,0.99978966,-0.30071262
0.99448925,-0.104745395,-0.0045785606,17.197887,0.10481085,0.99433404,0.01774172,77.170654,0.002694235,-0.018123824,0.9998338,-0.2901849
0.9949909,-0.09993278,0.0028366088,17.964075,0.099850126,0.9947732,0.02136483,77.253845,-0.0049568564,-0.020974573,0.9997694,-0.2869792
0.9954514,-0.09502025,0.007022213,18.733864,0.0948478,0.9952535,0.021787012,77.3358,-0.00905912,-0.021021867,0.99973965,-0.276872
0.9957489,-0.09188275,0.006595025,19.505781,0.091719516,0.9955456,0.021835126,77.40809,-0.008571949,-0.021137405,0.99974155,-0.26564908
0.9960634,-0.08845493,0.0059225634,20.276592,0.088306665,0.9958542,0.021833219,77.48278,-0.007829294,-0.021224264,0.9997458,-0.25991842
0.99625534,-0.08612464,0.007720963,21.050488,0.08594885,0.9960831,0.020778134,77.551346,-0.009480258,-0.020036712,0.99975604,-0.2594231
0.99643373,-0.08373749,0.010474298,21.81894,0.08352955,0.99632573,0.018930253,77.61614,-0.0120210145,-0.017987821,0.9997677,-0.25449145
0.9966961,-0.080257714,0.012549436,22.5773,0.08005829,0.9966674,0.01566403,77.67853,-0.013764801,-0.01460758,0.9998004,-0.2501618
0.9969008,-0.07809061,0.009625953,23.342714,0.07794029,0.9968437,0.015117228,77.74,-0.010776111,-0.0143201165,0.9998412,-0.2434302
0.997112,-0.075922936,0.0022901963,24.101427,0.075869925,0.9969561,0.017964648,77.809364,-0.0036471777,-0.017739002,0.99983776,-0.24024428
0.99725145,-0.07391449,-0.0052832877,24.861738,0.07400122,0.9970829,0.018708361,77.873764,0.0038850375,-0.019047907,0.9998128,-0.23137055
0.9973014,-0.07280336,-0.009552587,25.62355,0.07297815,0.99714446,0.019431664,77.932045,0.008110601,-0.020076351,0.9997673,-0.21995653
0.99747634,-0.070528924,-0.008266888,26.38963,0.07068965,0.99727565,0.021090886,77.99275,0.0067568296,-0.02162204,0.9997452,-0.20689936
0.997655,-0.068307914,-0.0045031477,27.152283,0.06839755,0.9973636,0.024251092,78.0541,0.0028347126,-0.024502225,0.9996976,-0.19079925
0.99779284,-0.06641766,1.6145234e-05,27.916025,0.06639248,0.99741924,0.027337352,78.112495,-0.0018318112,-0.02727594,0.9996282,-0.18174091
0.997959,-0.06383105,0.0022690953,28.669146,0.06375162,0.99763244,0.02580217,78.163445,-0.003910729,-0.02560485,0.99966645,-0.16933057
0.99803233,-0.06266604,0.002493745,29.422659,0.06259368,0.9977812,0.022698296,78.21025,-0.0039106505,-0.022497538,0.9997412,-0.1577587
0.9981136,-0.0613523,0.002649064,30.18019,0.061282095,0.997892,0.021367704,78.2596,-0.003954464,-0.02116505,0.9997701,-0.14716956
0.9981551,-0.060718477,0.0012446813,30.933962,0.060679547,0.9979401,0.020833079,78.31029,-0.0025070962,-0.020719111,0.9997841,-0.14258632
0.99819994,-0.059990577,0.00013419424,31.700186,0.05997699,0.99801475,0.019231427,78.35631,-0.0012876578,-0.019188754,0.99981695,-0.13309424
0.99826866,-0.0588359,0.00027263438,32.464405,0.05882091,0.9980977,0.018480854,78.40252,-0.001359479,-0.018432813,0.9998311,-0.1237882
0.9982853,-0.058549955,0.0006918981,33.241516,0.058524746,0.9980882,0.019882843,78.453156,-0.0018547408,-0.019808248,0.999804,-0.120861515
0.9982973,-0.058349755,5.9974995e-05,34.014957,0.05833701,0.99809754,0.019967439,78.50392,-0.0012249815,-0.019929932,0.9998026,-0.11182514
0.99823314,-0.059436835,-6.751613e-05,34.78748,0.05942725,0.9980481,0.019207789,78.55371,-0.0010742913,-0.019177854,0.9998175,-0.10567262
0.99809575,-0.061700318,0.00035180736,35.578842,0.061683204,0.9979228,0.018599745,78.6061,-0.0014987123,-0.018542616,0.99982893,-0.09790751
0.9979343,-0.064260535,0.00021913058,36.360394,0.06424515,0.9977574,0.018802235,78.66331,-0.0014269063,-0.018749306,0.99982524,-0.09012778
0.9977261,-0.06741285,-0.0006105914,37.15754,0.06740989,0.9974793,0.022171779,78.72731,-0.00088563585,-0.022162516,0.99975604,-0.08266525
0.997561,-0.069651775,-0.0047959522,37.955612,0.06974314,0.99730825,0.022644222,78.79207,0.00320581,-0.022923473,0.99973416,-0.071034424
0.9973845,-0.07175144,-0.008835686,38.757984,0.071945824,0.9971178,0.02409251,78.85628,0.0070815277,-0.024665184,0.99967283,-0.060717687
0.9972434,-0.073519796,-0.0101359505,39.588646,0.0737434,0.9969936,0.023798626,78.92082,0.008355789,-0.024480477,0.9996676,-0.049570557
0.9971024,-0.07553023,-0.009182786,40.404884,0.07572339,0.99686617,0.02290212,78.99121,0.0074241874,-0.023531102,0.99969774,-0.037019514
0.9969153,-0.078085825,-0.008050919,41.241314,0.07824554,0.9966936,0.021910798,79.058914,0.0063133566,-0.022473147,0.9997297,-0.016976153
0.9967878,-0.07985095,-0.0063438034,42.082417,0.07997113,0.9965609,0.021718524,79.130104,0.004587721,-0.022156069,0.9997462,0.0006453153
0.9967335,-0.080717124,-0.0030607304,42.913116,0.08076305,0.9965243,0.02043089,79.201645,0.0014009465,-0.020611335,0.9997888,0.005981484
0.99663466,-0.08197085,0.001560385,43.767986,0.08192318,0.99643624,0.020103216,79.27683,-0.0032027285,-0.019907717,0.99979895,0.0143954735
0.99669206,-0.08119686,0.0037896906,44.618332,0.08110203,0.9964916,0.020680238,79.352905,-0.0054555936,-0.020304462,0.99978125,0.02631956
0.9968691,-0.07897462,0.0041740187,45.486786,0.07886119,0.99662983,0.022595862,79.42671,-0.0059444807,-0.022195933,0.9997383,0.02842953
0.99697256,-0.0777085,0.0030923928,46.34701,0.07761502,0.9967067,0.023501124,79.499,-0.004908474,-0.023189941,0.99972135,0.035863318
0.9971524,-0.075422674,0.0009985216,47.220764,0.07538291,0.9969147,0.021891752,79.56868,-0.0026466022,-0.021754123,0.9997622,0.041241918
0.9972612,-0.07397626,-0.00014006326,48.08877,0.0739666,0.99709463,0.018217638,79.63457,-0.0012080421,-0.018178083,0.9998364,0.054051884
0.9974002,-0.07207745,-0.00032723162,48.966812,0.072072856,0.9972585,0.016784793,79.70087,-0.0008834961,-0.016764719,0.9998614,0.06088397
0.9975084,-0.070541844,0.001784962,49.84599,0.070506565,0.9973945,0.015287875,79.76647,-0.0028587733,-0.015123911,0.99988383,0.0681704
0.997522,-0.07023104,0.00446157,50.71695,0.07017225,0.99746054,0.012207224,79.82736,-0.0053075957,-0.0118638715,0.99991786,0.08328554
0.99759513,-0.069136806,0.005155053,51.597878,0.06907494,0.99754715,0.0113567365,79.88738,-0.0059276074,-0.010973314,0.9999246,0.09184556
0.9976636,-0.06830451,0.0020669906,52.457676,0.068275385,0.9975959,0.011892359,79.95354,-0.0028743513,-0.011723423,0.9999295,0.099220514
0.9977092,-0.06757068,-0.0036069728,53.317467,0.06762035,0.9975817,0.016085349,80.02114,0.0025113279,-0.016292386,0.9998664,0.1166424
0.9977524,-0.06639347,-0.0091957925,54.18842,0.066549055,0.99762493,0.017784385,80.086044,0.007993165,-0.018356364,0.9998019,0.12804948
0.9977281,-0.06562519,-0.015316032,55.031116,0.06596045,0.99756855,0.022513118,80.16001,0.013801347,-0.023472205,0.9996315,0.14830749
0.99779576,-0.06424952,-0.016678706,55.893005,0.06463442,0.9976288,0.023659458,80.22058,0.015119032,-0.02468531,0.99958324,0.16939116
0.997868,-0.06440878,-0.010657067,56.75614,0.06462047,0.997692,0.020869605,80.27662,0.0092882635,-0.021513758,0.9997277,0.18945643
0.9978834,-0.06503682,-0.0013149136,57.611134,0.06505018,0.99770033,0.01905715,80.33663,7.2446055e-05,-0.01910233,0.9998199,0.21298587
0.9977925,-0.066188015,0.005676274,58.463642,0.06609254,0.9976914,0.015634509,80.392876,-0.006698018,-0.0152248135,0.999864,0.2179761
0.997637,-0.06857067,0.0046290634,59.29436,0.068490416,0.99752825,0.015722767,80.45344,-0.0056957724,-0.015368544,0.99986804,0.2347095
0.99751925,-0.07038983,0.0019051532,60.138847,0.070366696,0.9974683,0.0103178285,80.50902,-0.0026266284,-0.010158146,0.9999473,0.25242266
0.9973369,-0.07295216,0.00029643136,60.971794,0.07294706,0.9972997,0.008547159,80.57246,-0.00091919216,-0.008502744,0.9999658,0.2564292
0.9971231,-0.075785905,-0.0022026184,61.806934,0.07580574,0.9970625,0.010986242,80.64837,0.0013635191,-0.011121579,0.99993956,0.27482092
0.99690473,-0.07845176,-0.0053957924,62.619274,0.07850616,0.9968564,0.010721764,80.720375,0.004537664,-0.011112152,0.9999303,0.28288692
0.996475,-0.08343092,-0.008928981,63.44409,0.08351898,0.9964566,0.009979821,80.79236,0.008064694,-0.010690353,0.9999126,0.29195043
0.99623436,-0.085785836,-0.0126773575,64.253265,0.08595254,0.99621165,0.013240154,80.86902,0.011493492,-0.01427992,0.99983424,0.32183817
0.9958933,-0.08948543,-0.013844663,65.071075,0.08971391,0.9958252,0.016862862,80.9534,0.012277863,-0.018035643,0.9997642,0.33696264
0.9956687,-0.09214218,-0.012510227,65.879555,0.09239748,0.99548745,0.021639906,81.04294,0.010459805,-0.022702064,0.9996898,0.36143917
0.9953563,-0.09597484,-0.0075838133,66.680305,0.09613312,0.9950707,0.024365427,81.129654,0.0052079386,-0.024981312,0.9996766,0.3762509
0.99494046,-0.10046636,-0.0016969099,67.48543,0.100477174,0.9946193,0.0252519,81.21547,-0.0008492133,-0.025294615,0.9996819,0.39553306
0.994474,-0.10498145,0.001832833,68.281334,0.10491007,0.9942056,0.02345309,81.30113,-0.004284379,-0.02313118,0.9997255,0.4087655
0.99372,-0.111873426,0.0028127348,69.06688,0.11176893,0.99341947,0.025026653,81.400536,-0.0055940705,-0.024555083,0.99968505,0.421281
0.9929922,-0.118034236,0.006118012,69.85165,0.11787666,0.99279106,0.021723732,81.494774,-0.00863808,-0.0208503,0.9997475,0.43077433
0.9922893,-0.1237878,0.0064538275,70.63123,0.12361727,0.992081,0.022250185,81.59607,-0.009157049,-0.021280788,0.99973387,0.43798676
0.99148583,-0.13013741,0.004837096,71.40756,0.12996677,0.99116653,0.0264291,81.70849,-0.008233811,-0.025575388,0.9996413,0.44318548
0.990717,-0.13594984,0.00086583523,72.180855,0.1358662,0.99029285,0.02934748,81.82271,-0.0048472434,-0.028957382,0.9995712,0.4527492
0.9899025,-0.14174195,-0.0023729133,72.9474,0.1417523,0.98950166,0.028171847,81.938286,-0.0016451576,-0.028223716,0.9996026,0.45991144
0.9890832,-0.14731903,-0.0038562003,73.72215,0.14736873,0.9886523,0.029153833,82.06184,-0.00048249966,-0.02940382,0.99956983,0.47027782
0.9883846,-0.15198411,9.358536e-05,74.490234,0.1519098,0.98791885,0.030667288,82.18728,-0.0047534225,-0.030296829,0.999532,0.4733921
0.9874062,-0.15815428,0.004417437,75.25895,0.15793811,0.98694056,0.0316951,82.31884,-0.009372492,-0.030598229,0.99949014,0.4817524
0.9863467,-0.16455527,0.0067085135,76.016525,0.16428554,0.9859546,0.030073859,82.44905,-0.011563132,-0.02856111,0.9995275,0.4941776
0.98520315,-0.17136534,0.0034506263,76.76579,0.17119989,0.9848246,0.02849326,82.581985,-0.0082810465,-0.027480872,0.9995904,0.49762648
0.9837388,-0.1795739,-0.0037997584,77.50187,0.17961124,0.98338306,0.026426807,82.72495,-0.0010089714,-0.026679523,0.99964595,0.5078778
0.98198175,-0.18888351,-0.0061680167,78.25225,0.18897866,0.9816782,0.024409274,82.86912,0.0014444743,-0.025135051,0.99968547,0.51300013
0.97987294,-0.19960272,-0.003315278,78.999695,0.19962484,0.97958827,0.023613688,83.02787,-0.0014657736,-0.02380019,0.9997181,0.52375764
0.97753423,-0.21077438,0.002075836,79.736244,0.21066657,0.977268,0.023828764,83.19255,-0.0070511675,-0.022856086,0.9997164,0.5302468
0.974931,-0.22231525,0.009420051,80.47246,0.22202562,0.97472024,0.025020223,83.369354,-0.014744321,-0.022301463,0.999645,0.5311975
0.9721206,-0.2341012,0.013469635,81.20758,0.23372576,0.971987,0.024787748,83.5522,-0.01889518,-0.020948444,0.99960446,0.54457057
0.969358,-0.24551657,0.0083509935,81.92028,0.24520679,0.9690759,0.027682811,83.74276,-0.014889362,-0.024786802,0.9995844,0.543808
0.9663563,-0.25720608,-0.0018617285,82.633705,0.25715664,0.9659685,0.027859604,83.94238,-0.00536731,-0.02740103,0.99961257,0.54800266
0.96303904,-0.2692714,-0.0071862433,83.33532,0.2693671,0.9626917,0.025825083,84.143005,-3.583808e-05,-0.02680627,0.99964315,0.54891956
0.9596152,-0.28130463,-0.0030509736,84.04383,0.28129154,0.9593007,0.02486294,84.35304,-0.004067278,-0.024717038,0.99968874,0.54378307
0.95606446,-0.2931322,0.0041334247,84.77436,0.29292893,0.95577246,0.0263148,84.58247,-0.011664351,-0.023947814,0.99964774,0.5554114
0.952253,-0.30516717,0.009489018,85.491745,0.30483034,0.9520324,0.026714148,84.81472,-0.017186161,-0.022546055,0.99960065,0.5568372
0.94819266,-0.31759194,0.008297608,86.18459,0.31731406,0.9480037,0.024528485,85.053474,-0.015656238,-0.020624747,0.9996673,0.56261057
0.94434303,-0.3289423,0.003995055,86.90476,0.32878336,0.9441523,0.021880634,85.30436,-0.010969429,-0.01934928,0.9997552,0.5580478
0.941308,-0.33754802,-0.0018439826,87.596275,0.3375269,0.9411532,0.017523091,85.55611,-0.004179431,-0.01711698,0.9998474,0.56514704
0.9384228,-0.34542057,-0.0070847874,88.312126,0.345488,0.9383201,0.013941751,85.81953,0.0018320192,-0.015530926,0.9998804,0.5704895
0.93567944,-0.35272685,-0.009518065,89.01584,0.35283113,0.9355881,0.013638532,86.09089,0.004094302,-0.016119525,0.99986434,0.5779767
0.9328461,-0.3601039,-0.011223724,89.71088,0.3602523,0.9327001,0.017021243,86.37327,0.0043389434,-0.019921537,0.9997948,0.58317393
0.929725,-0.36812654,-0.009850937,90.41965,0.36825034,0.92954427,0.018441427,86.6615,0.0023680916,-0.020773033,0.99978405,0.5995042
0.92672014,-0.37573916,-0.0035604374,91.11524,0.3757353,0.9265289,0.019187875,86.945045,-0.0039108032,-0.019119535,0.9998122,0.6033951
0.92371076,-0.38306457,0.0047824075,91.83481,0.38290113,0.9235688,0.020207869,87.243805,-0.012157822,-0.016834995,0.999787,0.6154049
0.9212736,-0.38882267,0.008655113,92.54258,0.3884443,0.92101985,0.028885962,87.55701,-0.019203074,-0.023249807,0.99954784,0.6164698
0.9188884,-0.39450854,0.0031879987,93.229675,0.39415663,0.9183558,0.035553735,87.87795,-0.016953992,-0.031413313,0.99936527,0.6155904
0.9164069,-0.4002213,-0.004919864,93.927536,0.40015075,0.91583157,0.03365701,88.19126,-0.008964503,-0.032812178,0.99942386,0.6120718
0.914408,-0.4046663,-0.010302858,94.62655,0.4047936,0.9139971,0.02742849,88.49926,-0.0016826158,-0.029251335,0.9995732,0.6245425
0.91261464,-0.40866166,-0.011543024,95.33119,0.40882364,0.9121976,0.027563721,88.818504,-0.0007347293,-0.029874088,0.9995559,0.6275281
0.91053164,-0.41334897,-0.0088230865,96.03541,0.4134081,0.9099706,0.03237883,89.15403,-0.0053550196,-0.033129457,0.99943924,0.6246737
0.9082199,-0.41847092,-0.004681882,96.73344,0.4183807,0.9076467,0.033706818,89.4851,-0.009855842,-0.03257198,0.9994233,0.63189346
0.9057447,-0.42379242,-0.0054469686,97.43093,0.42374355,0.9052351,0.031494513,89.81002,-0.008416361,-0.03083407,0.99949163,0.6455165
0.9035202,-0.42837793,-0.012104813,98.12949,0.42854312,0.9030045,0.030573126,90.15356,-0.0021661604,-0.032810837,0.99946177,0.65003335
0.9012356,-0.4329394,-0.018460732,98.82291,0.4333082,0.90081686,0.027819838,90.49611,0.0045854296,-0.03307138,0.999445,0.6584553
0.89910126,-0.43725345,-0.020719375,99.51606,0.4377034,0.89865243,0.028992154,90.84368,0.0059425915,-0.03513579,0.9993674,0.6671611
0.8970519,-0.44158044,-0.01753817,100.208916,0.44192263,0.8965332,0.030555801,91.19333,0.002230697,-0.035160616,0.9993817,0.677061
0.8950264,-0.4457392,-0.01572567,100.90669,0.44601616,0.89445764,0.0318781,91.549286,-0.00014338437,-0.03554561,0.99937063,0.69009024
0.89272,-0.45033577,-0.015861716,101.59139,0.45061398,0.89210284,0.033177566,91.904366,-0.00079077407,-0.036765754,0.9993262,0.7040573
0.8904648,-0.45477238,-0.01604464,102.27339,0.45505482,0.88988566,0.032091882,92.25831,-0.00031661586,-0.03587785,0.9993588,0.716261
0.88826644,-0.4590618,-0.015747372,102.957924,0.45933118,0.88777804,0.0294349,92.61438,0.00046772155,-0.033379264,0.99944526,0.7292265
0.88625354,-0.4629628,-0.014936744,103.62991,0.4632032,0.8857753,0.029091828,92.96929,-0.0002378456,-0.032701455,0.9994677,0.7385779
0.88386744,-0.46750298,-0.014909649,104.30878,0.4677399,0.88338023,0.02932862,93.338356,-0.0005403384,-0.03289642,0.9994612,0.74980605
0.8817303,-0.47151336,-0.015157405,104.96459,0.47175604,0.8812302,0.02968192,93.696434,-0.0006382695,-0.033322018,0.99944705,0.75973
0.87928325,-0.47595376,-0.018217877,105.62846,0.47629315,0.8788539,0.027603386,94.061264,0.002872907,-0.03294822,0.99945545,0.77766734
0.87710536,-0.47978836,-0.022185469,106.284546,0.48024052,0.8767892,0.024721028,94.42635,0.007591109,-0.03233728,0.99945074,0.7914216
0.8749714,-0.4835529,-0.024589656,106.92183,0.48407075,0.87471455,0.02348179,94.78405,0.010154234,-0.032449,0.9994244,0.8093935
0.8729747,-0.48726943,-0.022062007,107.57613,0.48771805,0.8726393,0.025164451,95.15453,0.006990297,-0.03272794,0.99944246,0.8182174
0.87135804,-0.49044913,-0.014064923,108.199455,0.49064776,0.870904,0.028150128,95.512344,-0.0015570207,-0.031429738,0.9995073,0.8305264
0.8699137,-0.4931858,-0.0045677517,108.825424,0.4930878,0.86946344,0.029986171,95.867386,-0.010817277,-0.028337656,0.9995425,0.8417388
0.86796314,-0.4966276,0.0019778353,109.458374,0.49637142,0.8676307,0.028874667,96.23678,-0.016056007,-0.024080375,0.99958366,0.85376006
0.86651427,-0.49914545,0.0031255088,110.05765,0.4989016,0.86625665,0.026420701,96.57692,-0.015895285,-0.021334559,0.99964863,0.86041033
0.86452174,-0.5025984,-0.000114525144,110.65894,0.5024458,0.86425394,0.024796585,96.92922,-0.012363762,-0.021494694,0.9996951,0.864504
0.8630844,-0.5050574,-0.002330242,111.22125,0.5049728,0.8628349,0.022804802,97.264244,-0.009507135,-0.020859139,0.9997399,0.8692777
0.8617022,-0.5074083,-0.0030226894,111.76407,0.5073496,0.8614751,0.02141584,97.58818,-0.0082626175,-0.0199876,0.99976873,0.8718398
0.8602368,-0.5098905,-0.0027024136,112.31297,0.50983703,0.8600412,0.019926865,97.91574,-0.007836344,-0.018519575,0.9998005,0.87847096
0.8590631,-0.5118702,-0.0015925751,112.828705,0.51179713,0.8588791,0.019803822,98.228714,-0.0087691685,-0.01782777,0.99980533,0.8858058
0.8577285,-0.514106,2.2493652e-05,113.348015,0.5140068,0.85756403,0.01956043,98.541595,-0.010075436,-0.016765935,0.9998114,0.8913379
0.8563724,-0.5163599,0.0013882293,113.835655,0.5162498,0.85623944,0.018489731,98.83957,-0.010736026,-0.01511738,0.99983084,0.8973099
0.85504216,-0.51855516,0.0025920395,114.28962,0.51844203,0.8549414,0.01716895,99.11603,-0.011119103,-0.01333631,0.999852,0.90809137
0.8538193,-0.520568,0.002187132,114.73262,0.5204738,0.8537314,0.015856234,99.39045,-0.010121484,-0.012399971,0.99987465,0.91219443
0.8526167,-0.5225372,-0.0016687816,115.14127,0.52249265,0.8524927,0.01610313,99.64881,-0.006991871,-0.014601681,0.99987173,0.9219285
