'07':
  ARE: 0.0010578585162363337
  ATE: 0.012229716232647705
  STD_ARE: 0.0008251128977236773
  STD_ATE: 0.007670307561218998
  nsecs_per_frame: 0.2950707478051181
  rot_err: 3.4019784422921774e-05
  tr_err: 0.004011667177328362
AVG:
  ARE: 0.0010578585162363337
  ATE: 0.012229716232647705
  STD_ARE: 0.0008251128977236773
  STD_ATE: 0.007670307561218998
  nsecs_per_frame: 0.2950707478051181
  rot_err: 3.4019784422921774e-05
  tr_err: 0.004011667177328362
