'07':
  ARE: 0.0009207472396043104
  ATE: 0.011063344818851583
  STD_ARE: 0.0007188589138182603
  STD_ATE: 0.006875422454446498
  nsecs_per_frame: 0.571967438066363
  rot_err: 2.988080798559665e-05
  tr_err: 0.0034622438697441524
AVG:
  ARE: 0.0009207472396043104
  ATE: 0.011063344818851583
  STD_ARE: 0.0007188589138182603
  STD_ATE: 0.006875422454446498
  nsecs_per_frame: 0.571967438066363
  rot_err: 2.988080798559665e-05
  tr_err: 0.0034622438697441524
