0,1,2,3,4,5,6,7,8,9,10,11
1.0,0.0,0.0,0.0,0.0,1.0,0.0,0.0,0.0,0.0,1.0,0.0
0.9998747,0.015823992,-0.0004783951,0.11214927,-0.01582341,0.9998741,0.0011958701,0.01641335,0.00049725827,-0.0011881504,0.99999917,0.003906855
0.9993221,0.036814976,-0.00013789126,0.25871632,-0.036814205,0.9993151,0.003748095,-0.0024694672,0.00027578278,-0.0037404776,0.999993,-0.0036415705
0.99797124,0.06364694,0.0016253163,0.41162413,-0.06365523,0.99795574,0.005690515,-0.021867154,-0.00125981,-0.0057824296,0.9999826,-0.006628386
0.9952697,0.09705281,0.0043631736,0.5875843,-0.09707574,0.9952624,0.0053929924,-0.061729282,-0.0038190978,-0.0057910397,0.99997604,-0.009756095
0.9909301,0.13422939,0.006333074,0.7901429,-0.13424648,0.99094516,0.0023566263,-0.1295368,-0.005959401,-0.0031854443,0.99997723,-0.0086652115
0.9846585,0.17434904,0.007080243,0.97896695,-0.17434868,0.98468375,-0.0006712626,-0.17613134,-0.007088834,-0.0005734656,0.9999748,-0.002065789
0.9759954,0.21762535,0.008490003,1.1936969,-0.21762589,0.97603184,-0.000868751,-0.25153127,-0.008475574,-0.0009997461,0.9999637,-0.0067330203
0.96410394,0.26525286,0.01202287,1.4055369,-0.26526684,0.964175,-0.00044262188,-0.3324406,-0.011709555,-0.002762534,0.99992776,-0.016620653
0.94983727,0.3122015,0.018424146,1.6471317,-0.31218067,0.95001405,-0.0040670997,-0.45866215,-0.018772952,-0.0018885778,0.99982214,-0.025363341
0.93255514,0.36023483,0.023914179,1.8664291,-0.36000025,0.9328527,-0.013626892,-0.5692369,-0.027217288,0.00409872,0.9996213,-0.012288268
0.91142863,0.41057798,0.02690048,2.096135,-0.41018248,0.9118032,-0.019114258,-0.71318626,-0.03237584,0.0063871806,0.99945545,-0.011410334
0.88645256,0.4618346,0.030176949,2.3485541,-0.46138012,0.8869536,-0.021016873,-0.8886993,-0.036471877,0.004707421,0.9993237,-0.018485874
0.85798985,0.51251155,0.0344263,2.5687387,-0.5120099,0.8586782,-0.022747494,-1.0454447,-0.041219477,0.0018905133,0.9991485,-0.037260406
0.82589245,0.56264716,0.03646265,2.8104472,-0.5619532,0.8266927,-0.028065275,-1.2594398,-0.045934267,0.002688602,0.99894094,-0.042681195
0.7900024,0.61200905,0.03661606,3.0330465,-0.6110951,0.7908392,-0.033704393,-1.475592,-0.04958483,0.004250663,0.998761,-0.0483193
0.75216615,0.65797025,0.03634139,3.2617798,-0.6568773,0.7530279,-0.038221903,-1.7225062,-0.05251498,0.0048773955,0.99860835,-0.06181205
0.71238,0.70093805,0.03464136,3.4917045,-0.6997211,0.7132013,-0.04164152,-2.0035834,-0.05389441,0.0054253056,0.998532,-0.076036185
0.67041844,0.74119306,0.03422504,3.7106302,-0.7399272,0.6712808,-0.043468956,-2.2827246,-0.05519353,0.0038183597,0.99846846,-0.09246761
0.62798643,0.77735454,0.03677344,3.9450724,-0.7761094,0.62906176,-0.04399062,-2.617394,-0.0573291,-0.00091469684,0.99835503,-0.12037654
0.58617294,0.8092925,0.03803055,4.1570845,-0.80805254,0.5873894,-0.044994414,-2.941576,-0.058752406,-0.0043561733,0.99826324,-0.13971487
0.54596496,0.8369228,0.038495097,4.373176,-0.8356736,0.5472767,-0.046233688,-3.309351,-0.05976152,-0.0069273654,0.9981888,-0.16310725
0.50722677,0.8609485,0.03857625,4.590659,-0.85959125,0.5086241,-0.049031112,-3.7230787,-0.061834097,-0.008289916,0.99805224,-0.18145925
0.46962073,0.88198566,0.0394602,4.8012776,-0.88069904,0.4711299,-0.049045216,-4.1286297,-0.061848085,-0.011719914,0.998017,-0.20926909
0.43360618,0.90029633,0.03809928,4.999347,-0.89909106,0.43507478,-0.048421774,-4.5839615,-0.06017001,-0.013258746,0.9981003,-0.23890643
0.39977092,0.91597277,0.03430094,5.1995444,-0.91483563,0.40104592,-0.04730222,-5.088108,-0.057083823,-0.01246967,0.99829173,-0.26522547
0.37055957,0.92832685,0.02990509,5.3825088,-0.92725474,0.37160945,-0.04587806,-5.5844593,-0.053702872,-0.010729077,0.9984995,-0.2939238
0.34509915,0.9381778,0.026989913,5.567053,-0.93719447,0.3460064,-0.044112213,-6.1252403,-0.050723806,-0.010071704,0.9986621,-0.32379165
0.32441887,0.9455912,0.02468156,5.7630677,-0.94463044,0.32522708,-0.043594826,-6.7011857,-0.049250018,-0.009171962,0.99874455,-0.3538937
0.30966392,0.95056534,0.023094863,5.949828,-0.9495751,0.31041414,-0.044159137,-7.287097,-0.04914514,-0.00825581,0.99875766,-0.38622582
0.29772797,0.95439386,0.022138495,6.1390405,-0.9533209,0.29845688,-0.045855273,-7.9019666,-0.050371397,-0.0074526835,0.9987029,-0.41052094
0.2872831,0.9575617,0.0233186,6.330525,-0.9564112,0.2880997,-0.047709372,-8.538048,-0.05240277,-0.008596065,0.99858916,-0.4441029
0.2765677,0.9606725,0.024867026,6.5203757,-0.9594535,0.27749658,-0.04944329,-9.202915,-0.054399345,-0.01018433,0.99846745,-0.48151338
0.26596814,0.9636422,0.025582751,6.7171526,-0.9623386,0.26697022,-0.05129739,-9.895483,-0.05626218,-0.010975788,0.9983558,-0.51726115
0.25618044,0.9662609,0.026667751,6.9048986,-0.9648604,0.25728256,-0.053387485,-10.610757,-0.058447406,-0.012053817,0.9982179,-0.55077577
0.24577434,0.96895194,0.02695887,7.0929523,-0.9674683,0.24692973,-0.055053174,-11.345278,-0.060000848,-0.012551184,0.9981196,-0.5890522
0.23490383,0.9716375,0.027211545,7.277773,-0.9700814,0.2361104,-0.056517176,-12.101876,-0.06133916,-0.013121301,0.9980309,-0.62634796
0.22458354,0.9740361,0.028556535,7.4597216,-0.97233355,0.22593103,-0.059353106,-12.861217,-0.064263895,-0.014436735,0.99782866,-0.66808337
0.21345492,0.9764697,0.030715235,7.6305842,-0.97458035,0.2150211,-0.06292301,-13.642842,-0.06804686,-0.016503226,0.99754584,-0.71601295
0.20052496,0.9791982,0.030985698,7.796801,-0.9770671,0.20220059,-0.06674586,-14.43675,-0.07162279,-0.01689088,0.99728894,-0.7606884
0.18808256,0.981638,0.031801514,7.9559236,-0.9793611,0.18988937,-0.06923993,-15.225746,-0.074007355,-0.018122328,0.99709326,-0.8048837
0.17357725,0.9843137,0.031573404,8.09437,-0.98200035,0.17541572,-0.07003474,-16.033306,-0.07447468,-0.018848639,0.997045,-0.84987056
0.15958177,0.98666394,0.032052655,8.234829,-0.9844415,0.1614733,-0.06929258,-16.822779,-0.0735442,-0.020496117,0.9970815,-0.89764804
0.14293897,0.9892228,0.03171852,8.352787,-0.98708755,0.14482486,-0.06843989,-17.63393,-0.072295986,-0.021526216,0.99715114,-0.9441594
0.122004434,0.99199486,0.032567542,8.4601345,-0.9900085,0.12396628,-0.06719866,-18.459433,-0.070698045,-0.024043597,0.9972082,-0.9903708
0.09680377,0.994677,0.03530076,8.547088,-0.9929002,0.09897253,-0.06598251,-19.26627,-0.069125146,-0.02866277,0.9971964,-1.0376308
0.06677361,0.99705505,0.037709806,8.606871,-0.99544007,0.06915053,-0.06570622,-20.098984,-0.06812042,-0.03315041,0.99712646,-1.0841326
0.033261523,0.99870026,0.038612977,8.640372,-0.9971989,0.035751577,-0.06569722,-20.952372,-0.06699236,-0.03631963,0.9970925,-1.1290371
-0.0005711764,0.99926406,0.038348947,8.642894,-0.99786246,0.0019364282,-0.065320484,-21.78964,-0.06534672,-0.038304284,0.9971275,-1.170777
-0.034804013,0.99867874,0.037800647,8.613879,-0.99738795,-0.032313902,-0.06459959,-22.640461,-0.0632928,-0.039950233,0.99719536,-1.208559
-0.06741497,0.9969873,0.038354624,8.566935,-0.99589866,-0.0649169,-0.06302142,-23.4652,-0.060341746,-0.042445913,0.9972752,-1.2472826
-0.09991863,0.99423206,0.038965065,8.483429,-0.99342084,-0.09748158,-0.06010356,-24.307182,-0.05595857,-0.044714186,0.9974316,-1.2912233
-0.13219778,0.9905912,0.03538592,8.36872,-0.98992735,-0.13011582,-0.055801723,-25.159634,-0.050672483,-0.04240636,0.9978149,-1.3231901
-0.16346912,0.9860898,0.030068912,8.227449,-0.985514,-0.16182646,-0.05073871,-25.983366,-0.04516703,-0.03792755,0.9982595,-1.3482376
-0.19408016,0.98069674,0.023797108,8.056329,-0.9801944,-0.19289242,-0.04484993,-26.818157,-0.03939394,-0.032030273,0.9987106,-1.3708744
-0.22224766,0.9748209,0.018156782,7.8618336,-0.97438097,-0.22141205,-0.03947739,-27.636585,-0.034463298,-0.026465379,0.9990558,-1.389767
-0.24983253,0.9682369,0.010022123,7.637819,-0.9678411,-0.24938875,-0.03300001,-28.461712,-0.029452467,-0.017944291,0.99940544,-1.4125168
-0.27680296,0.96090794,0.0059687775,7.398163,-0.96070635,-0.2766011,-0.023135856,-29.274324,-0.020580495,-0.012138303,0.9997149,-1.4200068
-0.3015782,0.9534241,0.005711092,7.133535,-0.95341784,-0.30152312,-0.008851757,-30.050718,-0.0067174844,-0.008114541,0.9999449,-1.4188086
-0.3263972,0.94517213,0.010674216,6.866523,-0.9451685,-0.32648587,0.007970121,-30.828648,0.011018095,-0.0074874954,0.99991167,-1.4070415
-0.35165384,0.93597215,0.017180739,6.5780287,-0.9357381,-0.35197845,0.022481987,-31.624098,0.027089752,-0.008170785,0.99960005,-1.3895044
-0.37596762,0.9264436,0.018712176,6.264878,-0.92586476,-0.37640142,0.033113007,-32.38802,0.037720617,-0.0048755156,0.9992768,-1.3578176
-0.40024287,0.9162373,0.017731372,5.9299493,-0.9154648,-0.40063375,0.03764067,-33.15735,0.041591566,-0.0011670284,0.9991344,-1.315924
-0.4225204,0.9062117,0.016013537,5.5760894,-0.90546626,-0.42282248,0.036771663,-33.898163,0.04009379,0.0010370712,0.9991958,-1.2710224
-0.44307193,0.89642006,0.010856212,5.204294,-0.8958188,-0.4431768,0.033212468,-34.645428,0.03458354,0.0049903244,0.99938977,-1.2320881
-0.46166807,0.8870469,0.0031510508,4.813449,-0.88656014,-0.46152714,0.031683087,-35.382828,0.02955867,0.011833488,0.9994934,-1.1949267
-0.47550857,0.87971073,-3.685942e-05,4.423492,-0.87925464,-0.47526053,0.032228064,-36.09579,0.02833385,0.015357146,0.99948096,-1.1493723
-0.48684987,0.8734846,-0.0010775318,4.024932,-0.87295485,-0.48651066,0.035456624,-36.79924,0.030446582,0.018202707,0.999371,-1.1078385
-0.49688894,0.8678132,-0.0009316498,3.6300654,-0.8672023,-0.496498,0.03807793,-37.50434,0.032581974,0.01972845,0.9992747,-1.0686442
-0.5069687,0.8619429,0.006037158,3.2369795,-0.8612437,-0.50681865,0.037337806,-38.183674,0.035242807,0.013729646,0.99928474,-1.0253043
-0.5184238,0.85508734,0.007844526,2.8195677,-0.85442394,-0.5183488,0.0356951,-38.882492,0.03458864,0.011802651,0.99933225,-0.9979613
-0.52697265,0.8498573,0.0064474787,2.3942885,-0.84916204,-0.5268233,0.0371617,-39.565125,0.034978837,0.014108263,0.9992888,-0.9592978
-0.5341908,0.845352,0.004400231,1.9540097,-0.84458435,-0.53391445,0.040156614,-40.25116,0.03629583,0.017734945,0.9991841,-0.9158212
-0.53826416,0.84275675,0.005658045,1.5153363,-0.84184813,-0.5379743,0.04330378,-40.94421,0.039538447,0.018545674,0.9990463,-0.8825165
-0.5377059,0.8430999,0.007372369,1.0717363,-0.8420997,-0.5374594,0.044783507,-41.642765,0.04171933,0.0178721,0.99897,-0.8434311
-0.53483826,0.8449396,0.004963181,0.6147412,-0.84394777,-0.53447837,0.045663297,-42.358383,0.04123545,0.020233827,0.998945,-0.803685
-0.52903813,0.8485772,0.00589804,0.15205368,-0.84760594,-0.5287427,0.044670537,-43.115124,0.041024957,0.018633217,0.9989848,-0.761637
-0.52168024,0.8531091,0.0073488066,-0.3112836,-0.85216284,-0.52147496,0.04338771,-43.8766,0.04084668,0.016372144,0.9990317,-0.7206616
-0.5143557,0.8575333,0.008623335,-0.7746804,-0.85658944,-0.51421976,0.0428108,-44.65677,0.04114598,0.014633334,0.99904644,-0.6771555
-0.50808054,0.86124206,0.010758119,-1.2389387,-0.8603234,-0.50805664,0.04150009,-45.456524,0.04120737,0.011829939,0.999081,-0.63315266
-0.5030731,0.8641285,0.014102446,-1.7076873,-0.86326915,-0.50321347,0.039279267,-46.27374,0.041038882,0.007586146,0.99912924,-0.58738375
-0.5018691,0.8647572,0.017940905,-2.1796665,-0.86399776,-0.5021821,0.036350895,-47.11013,0.040444307,0.0027424982,0.9991786,-0.548698
-0.5018363,0.8647363,0.01977117,-2.664383,-0.864068,-0.5022255,0.03400719,-47.96159,0.039336853,-1.7582905e-05,0.99922657,-0.5012589
-0.50257844,0.8642779,0.020930972,-3.1590362,-0.8636645,-0.5030112,0.03261407,-48.821636,0.038716145,-0.0016862019,0.9992494,-0.45621613
-0.5034646,0.8637752,0.02038071,-3.6563504,-0.8631793,-0.5038749,0.0321257,-49.68698,0.038018722,-0.0014180457,0.99927664,-0.4103071
-0.5032537,0.8638968,0.0204362,-4.1659074,-0.8633269,-0.5036652,0.031440966,-50.561104,0.03745476,-0.0018203278,0.9992973,-0.3652565
-0.50341225,0.86382174,0.019691426,-4.6734495,-0.8632725,-0.5037951,0.030850582,-51.436176,0.036569856,-0.0014684945,0.99933076,-0.3205003
-0.50399286,0.8634804,0.01981022,-5.184959,-0.8629502,-0.5043788,0.03032395,-52.316757,0.036176,-0.0018121668,0.9993446,-0.26894695
-0.50385636,0.8635354,0.020858703,-5.698654,-0.86306024,-0.5042761,0.028867455,-53.20994,0.03544662,-0.0034572543,0.99936646,-0.22443783
-0.50421023,0.86332464,0.021031331,-6.2139463,-0.8628736,-0.50463337,0.028195089,-54.09692,0.03495463,-0.003931117,0.9993821,-0.17387733
-0.50326514,0.8638513,0.02201709,-6.732713,-0.86343956,-0.5037185,0.027212184,-55.002068,0.0345977,-0.0053154696,0.9993881,-0.12287627
-0.50208575,0.86453974,0.021924196,-7.249031,-0.864173,-0.50252897,0.025890054,-55.898193,0.033400528,-0.00594726,0.9994253,-0.070719585
-0.50044477,0.865543,0.019750014,-7.7593164,-0.86522925,-0.50080806,0.023881957,-56.787796,0.030561827,-0.005136676,0.99952066,-0.025963686
-0.4979325,0.86702067,0.018386574,-8.2641945,-0.8667431,-0.49824926,0.022467747,-57.670807,0.028641097,-0.0047490005,0.9995795,0.023831015
-0.49564284,0.86833614,0.018171547,-8.768213,-0.86807114,-0.49595207,0.02201568,-58.564026,0.028129224,-0.0048622675,0.9995935,0.07092609
-0.49349803,0.8695672,0.017668094,-9.268331,-0.86928767,-0.49379584,0.022480331,-59.465927,0.028272588,-0.0042646406,0.9995921,0.118290804
-0.49231273,0.87023634,0.017792609,-9.76759,-0.86994284,-0.49261668,0.023000823,-60.351814,0.028781082,-0.004154938,0.9995781,0.1596949
-0.4932854,0.8696526,0.019326242,-10.261799,-0.86933094,-0.49363977,0.024173416,-61.230797,0.030562673,-0.004876492,0.999522,0.20501792
-0.49556223,0.8682938,0.021992518,-10.761377,-0.86793625,-0.49600953,0.025731973,-62.112736,0.03325141,-0.006336297,0.9994279,0.25463977
-0.49985307,0.8657807,0.023881909,-11.261136,-0.8654118,-0.50036734,0.02637737,-62.994682,0.034786742,-0.0074828654,0.9993678,0.30513632
-0.5058745,0.8622971,0.023114035,-11.764309,-0.8619639,-0.50635046,0.02506413,-63.869354,0.033316523,-0.007244149,0.9994196,0.345419
-0.5109861,0.8593755,0.019146403,-12.282976,-0.8590942,-0.511321,0.022556344,-64.74061,0.02917432,-0.0049225735,0.9995633,0.40729657
-0.51649374,0.8560312,0.0210817,-12.790837,-0.8558207,-0.5168696,0.020436002,-65.5961,0.028390337,-0.0074870787,0.99957,0.4494535
-0.52114785,0.853197,0.02143084,-13.305145,-0.8529219,-0.52154815,0.022643022,-66.44417,0.030496167,-0.006478459,0.99951506,0.4965047
-0.52615774,0.8500929,0.022353837,-13.820752,-0.8497499,-0.52659935,0.024884408,-67.28346,0.032925572,-0.005902036,0.99944156,0.54077363
-0.53137225,0.84678644,0.024407411,-14.33706,-0.846444,-0.53188276,0.02518376,-68.118866,0.034307145,-0.0072775455,0.9993861,0.5869596
-0.5347578,0.8446055,0.025984049,-14.850277,-0.8442588,-0.5353252,0.025594171,-68.94674,0.035526887,-0.008250568,0.99933594,0.6364798
-0.53821194,0.8424244,0.025467766,-15.369757,-0.84210503,-0.53875196,0.024627592,-69.76803,0.034467686,-0.008191662,0.99937356,0.68871653
-0.54125285,0.8406271,0.019773873,-15.8994465,-0.84045833,-0.5415716,0.018194716,-70.600334,0.026003923,-0.0067711635,0.9996402,0.73537135
-0.54303485,0.83959115,0.014121631,-16.438303,-0.839554,-0.5431817,0.010187811,-71.42775,0.01622418,-0.006323525,0.9998497,0.77443814
-0.544835,0.83845633,0.012058212,-16.967464,-0.83844763,-0.5449341,0.00731418,-72.253395,0.012703517,-0.0061251484,0.99990183,0.80504334
-0.54588693,0.83772165,0.015149709,-17.48289,-0.83765274,-0.5460648,0.012336996,-73.05371,0.018607663,-0.005955579,0.9998104,0.8387819
-0.5470162,0.83692926,0.01795303,-18.003906,-0.836763,-0.5472842,0.017571865,-73.85159,0.024531793,-0.005410328,0.9996857,0.87499326
-0.5478504,0.836462,0.013815919,-18.536066,-0.8361562,-0.54802406,0.022662472,-74.65343,0.02652773,0.00086339423,0.999649,0.90847564
-0.54749364,0.8367414,0.010687904,-19.06782,-0.83642226,-0.5475842,0.023463337,-75.45063,0.02548525,0.003906446,0.9996689,0.949441
-0.5472025,0.83694994,0.009157465,-19.58584,-0.8367003,-0.5472666,0.020811677,-76.24744,0.022429882,0.0037261678,0.9997428,0.98839056
-0.54684246,0.8371955,0.008164155,-20.105148,-0.8370516,-0.5469008,0.01566689,-77.04906,0.017581204,0.0017335203,0.99984527,1.0173875
-0.5456597,0.8379812,0.0065155,-20.626421,-0.8379249,-0.5456988,0.009790818,-77.85798,0.011759989,-0.00011702813,0.9999321,1.0465354
-0.54522216,0.83819646,0.012610482,-21.128426,-0.8382375,-0.54529697,0.00322041,-78.655975,0.009575757,-0.00881473,0.99991655,1.0803069
-0.5436804,0.83906955,0.019328393,-21.627466,-0.8392482,-0.54374546,-0.002185628,-79.457726,0.008675795,-0.017409598,0.99981207,1.0977677
-0.54173434,0.84039414,0.016164262,-22.141354,-0.8405178,-0.5417828,-0.0016061062,-80.25861,0.007407719,-0.014456429,0.99986935,1.1212798
-0.5387856,0.84235656,0.012054034,-22.648619,-0.84240675,-0.538841,0.0016576817,-81.046715,0.007891528,-0.009261256,0.9999273,1.1495467
-0.53356254,0.84567046,0.012341242,-23.14325,-0.8456922,-0.53364897,0.0050029997,-81.83936,0.0108167445,-0.0077674715,0.99991256,1.1712672
-0.5259391,0.85048556,0.00788294,-23.636097,-0.8504627,-0.5259899,0.0070384815,-82.6292,0.010132438,-0.0030023209,0.9999454,1.1949931
-0.5178233,0.855487,0.000868469,-24.140535,-0.8554415,-0.51780546,0.009944855,-83.43084,0.008957356,0.0044067698,0.99995136,1.2274308
-0.5079136,0.86140645,0.0015626785,-24.605194,-0.861359,-0.50790316,0.00983787,-84.22574,0.0092680575,0.0036507775,0.99995166,1.2458533
-0.49697044,0.86775863,0.0038857148,-25.066044,-0.8677259,-0.4969858,0.007662992,-85.044876,0.008580735,0.00043656118,0.9999644,1.2626764
-0.4853826,0.87430125,0.0008310999,-25.514912,-0.874291,-0.48538113,0.0047092023,-85.85987,0.0045206225,0.0015591589,0.99998987,1.2836002
-0.47413066,0.8804538,0.00088595675,-25.955448,-0.8804489,-0.4741311,0.0033627877,-86.678825,0.0033807992,0.0008143785,0.99999523,1.3067954
-0.46247017,0.8866344,0.0006157418,-26.387146,-0.88663185,-0.46247044,0.0026148052,-87.51077,0.0026030985,0.0006633509,0.99999774,1.3217541
-0.4501115,0.8929705,-0.0017009156,-26.805923,-0.89296865,-0.45010266,0.0040399777,-88.33766,0.0028419546,0.0033373248,0.9999918,1.342278
-0.437907,0.8990201,8.4774256e-05,-27.207266,-0.89899683,-0.4378962,0.007307471,-89.16734,0.006606648,0.0031238014,0.9999747,1.3618227
-0.42641157,0.9045281,0.0013565233,-27.605915,-0.9043796,-0.42636776,0.017601043,-90.0144,0.016498983,0.006278499,0.9998456,1.3801808
-0.41323972,0.91061395,0.0038583872,-27.98242,-0.9103622,-0.41321927,0.022188203,-90.853905,0.02179922,0.00565654,0.9997478,1.4102705
-0.4012414,0.91595834,0.0050397394,-28.35921,-0.9157709,-0.4012626,0.018808907,-91.71527,0.019250402,0.0029316866,0.9998118,1.4338692
-0.38901803,0.92122287,0.0036327017,-28.723366,-0.9211147,-0.38902882,0.014358725,-92.592064,0.014640777,0.00223969,0.99989176,1.4778242
-0.37880644,0.9254495,0.0069804536,-29.071049,-0.92532885,-0.37887022,0.015025531,-93.4396,0.016550023,-0.00076742726,0.99986416,1.5058575
-0.3719975,0.9281437,0.012923741,-29.401423,-0.92794585,-0.37219328,0.019766122,-94.27413,0.0231559,-0.004639565,0.9997225,1.533363
-0.36648494,0.93020535,0.020170216,-29.727045,-0.9298898,-0.36692354,0.02596541,-95.13166,0.031554054,-0.009240128,0.99946076,1.5567578
-0.36305618,0.931443,0.024584915,-30.048714,-0.9311213,-0.36366123,0.027674994,-95.970726,0.034718223,-0.012843942,0.99931604,1.5993849
-0.35985702,0.9326515,0.025776612,-30.36715,-0.93235564,-0.36050168,0.027457688,-96.808495,0.034900934,-0.014152109,0.999292,1.6383377
-0.35481796,0.9345476,0.02693133,-30.68801,-0.9342908,-0.3554965,0.02693238,-97.672226,0.034743547,-0.015605584,0.99927586,1.6834948
-0.34924033,0.9366141,0.02802646,-30.99295,-0.9365119,-0.34988835,0.022933511,-98.5117,0.031285945,-0.018237788,0.99934554,1.7246203
-0.3437467,0.9387134,0.02560552,-31.311348,-0.9386668,-0.34426647,0.019683715,-99.38484,0.027292453,-0.017268825,0.99947983,1.7666126
-0.33811352,0.9407341,0.026435127,-31.608805,-0.94078845,-0.33859634,0.016490227,-100.24018,0.024463719,-0.019294279,0.99951607,1.8070472
-0.33222443,0.94267553,0.031464353,-31.90147,-0.9428804,-0.33279714,0.014997702,-101.098274,0.024609175,-0.024684504,0.99939394,1.8451405
-0.32544795,0.94458026,0.043035004,-32.169525,-0.9451472,-0.32631508,0.014746688,-101.95828,0.027972363,-0.035875123,0.99896634,1.8779283
-0.31877062,0.9469136,0.041715782,-32.45506,-0.9473404,-0.31971517,0.018181093,-102.79365,0.030553054,-0.033723436,0.99896574,1.9167769
-0.31145802,0.9493713,0.041090377,-32.73198,-0.9496599,-0.3125079,0.02207091,-103.64914,0.03379452,-0.032147706,0.99891335,1.9616269
-0.304943,0.9514878,0.04099994,-33.00334,-0.9518193,-0.3059498,0.020902505,-104.500404,0.032432366,-0.032650452,0.9989422,1.9959501
-0.29844308,0.95360374,0.039645586,-33.268406,-0.9540434,-0.29924524,0.015988247,-105.3676,0.027110167,-0.03305202,0.99908763,2.0278597
-0.2912786,0.95583415,0.03921942,-33.53192,-0.9563342,-0.29197654,0.013298853,-106.23167,0.024162605,-0.03363319,0.9991439,2.0685673
-0.28446898,0.95779514,0.041305307,-33.77277,-0.95829016,-0.28532603,0.016467392,-107.0821,0.027557826,-0.034897998,0.99901265,2.0995383
-0.27809235,0.95964015,0.041900396,-34.020023,-0.96007246,-0.2790712,0.019552352,-107.944954,0.030456377,-0.034790047,0.99893224,2.1351986
-0.27138266,0.9614936,0.043377165,-34.24904,-0.9619636,-0.2724292,0.020260338,-108.79041,0.031297356,-0.036228936,0.9988551,2.1723783
-0.26443255,0.96341336,0.04370507,-34.484886,-0.96393573,-0.26544634,0.01919132,-109.66724,0.030090488,-0.037054047,0.99886197,2.212864
-0.25646895,0.9657018,0.040541757,-34.70976,-0.9661146,-0.257391,0.019357853,-110.51965,0.029128961,-0.034203265,0.99899215,2.2495725
-0.24889724,0.96786404,0.03590821,-34.934776,-0.9680978,-0.24972376,0.020662665,-111.38358,0.028965747,-0.029619748,0.9991433,2.2904701
-0.24223101,0.9696132,0.034271892,-35.157967,-0.96978825,-0.24302568,0.021250458,-112.26526,0.028933635,-0.028088925,0.9991885,2.3285208
-0.23553063,0.97105795,0.039647665,-35.35006,-0.97142756,-0.23645611,0.020475453,-113.114494,0.029257745,-0.03369221,0.9990058,2.3605084
-0.22936074,0.9723398,0.044150226,-35.548107,-0.9729351,-0.23034129,0.01850572,-113.99075,0.028163426,-0.03871079,0.9988554,2.3994606
-0.22491887,0.97352403,0.040777355,-35.752766,-0.9739874,-0.22581747,0.018901397,-114.87342,0.027609158,-0.035465322,0.99899143,2.434102
-0.22062738,0.9745812,0.038929116,-35.940105,-0.97497624,-0.22148359,0.019199679,-115.72515,0.027333759,-0.033718955,0.9990595,2.4679058
-0.21586719,0.9756689,0.038365815,-36.13738,-0.97601265,-0.21674997,0.02051959,-116.61187,0.028336069,-0.033015978,0.9990551,2.5063887
-0.21000694,0.97717446,0.032056786,-36.324627,-0.9773538,-0.2106933,0.0197525,-117.468666,0.02605574,-0.027182618,0.9992929,2.5366733
-0.20456661,0.97857314,0.02339806,-36.519825,-0.9785779,-0.20501798,0.018842746,-118.348816,0.023235979,-0.019042183,0.99955064,2.5713437
-0.20025104,0.97952545,0.020730218,-36.702763,-0.97950613,-0.20062515,0.017871194,-119.222435,0.02166424,-0.016726602,0.9996274,2.6129215
-0.1957061,0.9803917,0.023057912,-36.868366,-0.980386,-0.1961561,0.019187069,-120.08794,0.023333741,-0.01885058,0.9995521,2.642025
-0.19220245,0.9810445,0.024704346,-37.03406,-0.9810257,-0.19273026,0.021111557,-120.95558,0.025472602,-0.020177858,0.9994739,2.6740077
-0.19046882,0.9813577,0.025672764,-37.197025,-0.9813631,-0.19101869,0.020983545,-121.8355,0.025496291,-0.021197546,0.99945223,2.7048092
-0.18923615,0.9815816,0.026218709,-37.359066,-0.9816266,-0.18977635,0.019904504,-122.69624,0.024513537,-0.021970283,0.9994601,2.7385292
-0.1885036,0.98177207,0.024294807,-37.52728,-0.98186576,-0.18891492,0.015901105,-123.57247,0.020200863,-0.020856775,0.9995804,2.7693303
-0.18735383,0.9820208,0.023108045,-37.6839,-0.9821838,-0.18763277,0.010538905,-124.441895,0.014685196,-0.020721795,0.99967945,2.800845
-0.18673125,0.982206,0.020075869,-37.846767,-0.98233765,-0.1869298,0.008499158,-125.299416,0.012100646,-0.018134171,0.9997644,2.8249364
-0.18568061,0.9823297,0.023475867,-38.00597,-0.9824667,-0.1860102,0.012717164,-126.16026,0.01685915,-0.020702872,0.9996456,2.8539064
-0.18515356,0.98238486,0.025262153,-38.160328,-0.9824945,-0.18559098,0.016216373,-127.007675,0.020619102,-0.021817353,0.9995514,2.8839905
-0.18521212,0.98234046,0.02652872,-38.31624,-0.98248583,-0.1856676,0.015860112,-127.86099,0.020505508,-0.023126552,0.99952435,2.905755
-0.18485498,0.98234975,0.028594615,-38.471058,-0.9825644,-0.18532953,0.014923897,-128.71492,0.019959867,-0.02533724,0.99948186,2.9386563
-0.18396312,0.98262787,0.024496477,-38.63005,-0.9827419,-0.1843632,0.015202734,-129.56645,0.019454835,-0.021276914,0.99958646,2.968999
-0.18319249,0.982728,0.02619521,-38.783188,-0.9828313,-0.18367875,0.017529631,-130.41481,0.022038322,-0.022534117,0.9995053,3.0040681
-0.18272799,0.9825601,0.034439825,-38.925068,-0.9828401,-0.18345574,0.019284474,-131.25882,0.025266299,-0.030324975,0.9992228,3.0260282
-0.18208362,0.9824301,0.04094653,-39.065273,-0.9828988,-0.1830204,0.020398326,-132.0979,0.027533943,-0.03653204,0.9989552,3.0593684
-0.18171887,0.98252374,0.040316787,-39.215603,-0.9828736,-0.18275623,0.023709798,-132.92209,0.030663546,-0.035317738,0.99890774,3.0985472
-0.18096946,0.98269784,0.03943641,-39.370712,-0.98299444,-0.18200554,0.024462225,-133.77045,0.031216582,-0.03433881,0.99892473,3.1403937
-0.17910635,0.98299515,0.040518496,-39.516186,-0.98329496,-0.1802162,0.025605366,-134.60204,0.032472003,-0.035255503,0.9988528,3.1766772
-0.17752276,0.9835634,0.03299999,-39.670296,-0.98363185,-0.17838918,0.025461953,-135.43799,0.030930249,-0.02793971,0.99913317,3.2079318
-0.17444246,0.9842988,0.02694134,-39.822166,-0.98431486,-0.17504789,0.022023426,-136.25421,0.02639362,-0.022676885,0.99939656,3.2518086
-0.17250475,0.9847674,0.021804262,-39.97466,-0.98479277,-0.17288929,0.017175976,-137.05502,0.020684022,-0.01850968,0.99961686,3.2880027
-0.16883706,0.98546666,0.018699232,-40.112873,-0.9854442,-0.16915542,0.016992697,-137.87355,0.019908769,-0.015557989,0.9996829,3.316248
-0.16417243,0.9862357,0.019670192,-40.245667,-0.9861349,-0.16458037,0.021306356,-138.67062,0.024250373,-0.015899481,0.9995817,3.3519814
-0.15802996,0.98726684,0.018191913,-40.37167,-0.9870523,-0.15845507,0.024947312,-139.46368,0.027512219,-0.014013881,0.9995254,3.3805687
-0.14966087,0.9885032,0.02152381,-40.490856,-0.98832947,-0.15018974,0.025508732,-140.27164,0.028448084,-0.01745489,0.9994451,3.4118617
-0.14042287,0.98998624,0.014453425,-40.60807,-0.9898077,-0.1407178,0.021953773,-141.07387,0.02376775,-0.011223227,0.9996567,3.438883
-0.12863196,0.9916667,0.0071537187,-40.718002,-0.9914648,-0.12875384,0.020562602,-141.87447,0.02131228,-0.0044475733,0.99976516,3.474722
-0.11497054,0.993352,0.005803715,-40.81181,-0.9930969,-0.11507389,0.022791244,-142.67538,0.023307549,-0.0031432486,0.99972564,3.5059998
-0.10061176,0.99490815,0.0059346384,-40.892044,-0.99462235,-0.10072664,0.02415236,-143.47685,0.024627123,-0.0034726313,0.99969286,3.5354764
-0.08681517,0.99621546,0.0042470796,-40.961494,-0.99592614,-0.086892664,0.024159584,-144.2727,0.024437157,-0.0021322756,0.99970126,3.5661395
-0.07293401,0.9973361,0.0012302592,-41.01837,-0.99700296,-0.07294123,0.0258405,-145.05656,0.025861368,0.00065816496,0.9996675,3.5977702
-0.059246585,0.99823916,0.0029304302,-41.061,-0.9977309,-0.059309814,0.031912584,-145.83292,0.03203017,-0.0010329837,0.9994886,3.6355567
-0.046060853,0.99888015,0.010817582,-41.08401,-0.9980808,-0.046467394,0.04097001,-146.61105,0.041426778,-0.008909627,0.9991041,3.6712646
-0.03217388,0.99934983,0.016276393,-41.096397,-0.9982213,-0.032946974,0.04971567,-147.3577,0.050219595,-0.014647821,0.998633,3.7071376
-0.018749535,0.9996912,0.016315157,-41.108467,-0.9985175,-0.019556733,0.05082683,-148.13187,0.051130194,-0.015337913,0.99857646,3.7477615
-0.006786829,0.9998191,0.01777489,-41.10746,-0.9988621,-0.007617616,0.04711278,-148.91394,0.047239646,-0.01743484,0.9987337,3.7949448
0.004291493,0.9998318,0.01783618,-41.094498,-0.9990097,0.0034963968,0.044388827,-149.69177,0.044318985,-0.018008934,0.99885744,3.8428411
0.013380899,0.9996939,0.02081439,-41.07077,-0.99864674,0.0123145245,0.050557777,-150.44574,0.050285973,-0.021462658,0.99850655,3.8926625
0.020788714,0.99940664,0.027466202,-41.049454,-0.9980676,0.019135758,0.059142955,-151.20952,0.058582272,-0.028642565,0.997874,3.9374728
0.024933232,0.999229,0.030329075,-41.02304,-0.9977742,0.022996653,0.06261665,-151.99234,0.061870903,-0.03182274,0.9975791,3.9815013
0.024966467,0.9991419,0.033051457,-40.998302,-0.9980242,0.02300386,0.058494,-152.77592,0.057683486,-0.03444648,0.9977429,4.032971
0.023169689,0.99931043,0.02901515,-40.976963,-0.99836904,0.021613058,0.05287016,-153.54994,0.05220659,-0.030192744,0.9981822,4.0946746
0.019535968,0.9994486,0.026851907,-40.963314,-0.9985762,0.018170914,0.05018451,-154.22783,0.0496689,-0.02779401,0.9983813,4.1353335
0.016862467,0.99949664,0.026876187,-40.94875,-0.9986065,0.015490335,0.050480396,-154.9996,0.050038654,-0.027689891,0.99836576,4.1844664
0.013226715,0.99958384,0.025638588,-40.93819,-0.99865484,0.011919592,0.05049341,-155.77238,0.05016679,-0.026271893,0.99839765,4.233891
0.008590931,0.9995832,0.027561288,-40.92365,-0.9987662,0.007228663,0.049162038,-156.53021,0.048942313,-0.02794956,0.99841285,4.2837687
0.003443487,0.9995988,0.02811549,-40.92219,-0.99878883,0.0020574154,0.049190454,-157.27837,0.049112868,-0.028250758,0.99839604,4.3266125
-0.0019083282,0.9995568,0.02971167,-40.919388,-0.99886394,-0.0033207142,0.047569502,-158.03958,0.047647066,-0.029587073,0.9984284,4.369554
-0.008122548,0.9996061,0.026866596,-40.92327,-0.9989657,-0.009314183,0.044540647,-158.78322,0.04477332,-0.026476957,0.9986487,4.417526
-0.01352573,0.99948025,0.029263323,-40.928284,-0.99890697,-0.014816655,0.044365995,-159.50694,0.0447765,-0.028631192,0.9985891,4.4617925
-0.018859297,0.9994009,0.029022865,-40.93838,-0.99877244,-0.020162027,0.045277704,-160.26831,0.045835715,-0.02813327,0.9985552,4.5006886
-0.023024876,0.9992823,0.030084275,-40.949997,-0.9985749,-0.02443758,0.047475416,-160.944,0.048176505,-0.028948225,0.9984217,4.5445895
-0.025638424,0.9991812,0.031306077,-40.965916,-0.9983932,-0.027176782,0.049753483,-161.68872,0.050563518,-0.029980116,0.99827325,4.5883512
-0.026950324,0.9992006,0.02953501,-40.984936,-0.9982732,-0.028445033,0.05142337,-162.4279,0.052222364,-0.028098075,0.99824256,4.6362686
-0.026644131,0.9992978,0.026351616,-41.007977,-0.9983678,-0.027933441,0.049843937,-163.15631,0.050545007,-0.024980493,0.99841183,4.682126
-0.023404641,0.9994771,0.022320356,-41.026505,-0.9986305,-0.02441854,0.04630157,-163.86061,0.046822365,-0.021206051,0.99868065,4.7253513
-0.016186226,0.9996626,0.020327086,-41.03488,-0.998813,-0.017100316,0.045644443,-164.57164,0.04597662,-0.019564077,0.9987535,4.7749643
-0.005080349,0.9998122,0.018714631,-41.036983,-0.99888647,-0.0059520276,0.046835225,-165.275,0.046937797,-0.018455785,0.9987299,4.819369
0.008905011,0.9998568,0.014404064,-41.03381,-0.9988607,0.008218736,0.04704163,-165.95396,0.04691649,-0.014806488,0.99879164,4.8585424
0.02432527,0.99961233,0.013554217,-41.01541,-0.9987008,0.023691129,0.045152083,-166.64412,0.04481345,-0.014634869,0.9988907,4.894847
0.040817134,0.9990095,0.017726135,-40.97217,-0.9983803,0.04007443,0.040424157,-167.35046,0.03967374,-0.019347351,0.99902785,4.937724
0.05679148,0.9982062,0.018955166,-40.92755,-0.9978463,0.05612564,0.034000177,-168.00755,0.032875296,-0.02084519,0.9992445,4.973315
0.07388675,0.9970811,0.019239923,-40.87294,-0.99693924,0.07335345,0.027107121,-168.69057,0.02561666,-0.021183817,0.99944985,5.0031796
0.09158317,0.99560446,0.01960938,-40.806255,-0.99564046,0.09119978,0.019647753,-169.37926,0.01777299,-0.02132322,0.99961716,5.0326843
0.10879053,0.9938504,0.02064369,-40.729588,-0.9940011,0.10852253,0.01370987,-170.03061,0.011385222,-0.02201128,0.9996954,5.0562277
0.12682728,0.9917006,0.021093158,-40.63554,-0.9918902,0.1266129,0.011232015,-170.69928,0.008468096,-0.022346549,0.999717,5.0808578
0.14457972,0.98927367,0.02084205,-40.53864,-0.98946744,0.14438783,0.01046514,-171.33673,0.007343517,-0.0221355,0.99973065,5.097316
0.16209303,0.98653126,0.021955166,-40.424896,-0.986757,0.16190846,0.009971831,-171.97939,0.0062827645,-0.023280704,0.9997118,5.1123414
0.1784289,0.9836001,0.026346661,-40.296314,-0.9839433,0.17823628,0.009524881,-172.62875,0.004672711,-0.027623065,0.99961007,5.120775
0.19261096,0.98083127,0.029517818,-40.158623,-0.98127675,0.1925156,0.006084434,-173.24715,0.00028512793,-0.03013701,0.9995484,5.1313696
0.20478934,0.9784344,0.026978545,-40.028614,-0.97880185,0.20480572,0.0022057872,-173.8707,-0.0033671793,-0.026858302,0.99963623,5.1445346
0.21553044,0.97619784,0.024185516,-39.89471,-0.9764875,0.21558122,0.0005430508,-174.4924,-0.0046838555,-0.023733826,0.99970996,5.1575017
0.22536917,0.9739233,0.026125913,-39.74223,-0.9742729,0.22534439,0.0039499504,-175.10051,-0.0020404141,-0.026343897,0.9996535,5.165852
0.23486182,0.9715772,0.029634332,-39.579773,-0.97202265,0.23462918,0.011165081,-175.70403,0.0038946292,-0.031427424,0.9995011,5.1772594
0.24444686,0.969288,0.026965104,-39.423775,-0.9695643,0.24392828,0.02115497,-176.29512,0.013927682,-0.0313156,0.99941516,5.1873064
0.25284025,0.9673108,0.019552328,-39.27112,-0.96726555,0.25227144,0.027568515,-176.88504,0.02173481,-0.02588265,0.9994313,5.1928463
0.25927278,0.9655881,0.020442784,-39.10597,-0.9655925,0.25871316,0.026500162,-177.4889,0.020299407,-0.026610097,0.9994424,5.205526
0.2653445,0.9638389,0.024650853,-38.9313,-0.96408004,0.26491782,0.0192876,-178.09134,0.012059667,-0.02888318,0.99951273,5.2194123
0.26952216,0.9625116,0.030492937,-38.750866,-0.96299595,0.2693921,0.0083922725,-178.69693,-0.00013692338,-0.031626403,0.9995024,5.2388477
0.271383,0.9619074,0.03295614,-38.576946,-0.9624297,0.2715376,-0.00020693433,-179.2998,-0.009147914,-0.031661734,0.99945945,5.2563477
0.27278835,0.9616201,0.029565202,-38.401913,-0.96202844,0.27295166,-0.0015390259,-179.90193,-0.009549861,-0.02802266,0.9995644,5.2713957
0.27362064,0.9615117,0.02505662,-38.236137,-0.96182084,0.27368486,0.00091946905,-180.51038,-0.005973566,-0.024351487,0.99968827,5.2663937
0.27535492,0.96106887,0.022958647,-38.063774,-0.96132755,0.27541327,0.0006694665,-181.12746,-0.0056797406,-0.022255043,0.9997389,5.2694645
0.27721998,0.9605125,0.023784107,-37.879787,-0.96077675,0.27732703,-0.001234953,-181.74612,-0.007782191,-0.02250878,0.9997191,5.2628746
0.27980238,0.9596914,0.026530853,-37.69826,-0.95998293,0.28002268,-0.004888264,-182.36388,-0.012120496,-0.024101336,0.9996388,5.2692947
0.28319025,0.9587002,0.026419627,-37.51556,-0.9589072,0.2835373,-0.010367343,-182.98529,-0.017430155,-0.022397954,0.99959993,5.274992
0.28720683,0.95749533,0.026751779,-37.328793,-0.9576552,0.2876229,-0.013169622,-183.60654,-0.020304307,-0.021836491,0.99955815,5.2755833
0.29312062,0.95573294,0.025605252,-37.139606,-0.9558231,0.29355568,-0.015201291,-184.21976,-0.022044977,-0.020018198,0.9995593,5.2670984
0.30118132,0.9532346,0.025185626,-36.940437,-0.95324665,0.30166155,-0.018028172,-184.85136,-0.024782648,-0.01857828,0.999523,5.2625775
0.31051126,0.9502898,0.023085298,-36.73631,-0.9502055,0.31097463,-0.020203337,-185.4712,-0.026378004,-0.015662327,0.9995321,5.259538
0.32171583,0.9465242,0.02432773,-36.520943,-0.9465069,0.3221773,-0.018178439,-186.09215,-0.025044208,-0.017177988,0.9995415,5.2535105
0.3332575,0.94253707,0.023755847,-36.298237,-0.9425913,0.33364132,-0.01446326,-186.70488,-0.02155812,-0.017571976,0.99961597,5.24507
0.34477544,0.93837744,0.024055526,-36.062756,-0.9385036,0.34510216,-0.010933093,-187.32419,-0.018561011,-0.018806646,0.9996537,5.2372556
0.35664976,0.93396074,0.022786293,-35.82138,-0.934068,0.35694668,-0.010488094,-187.94672,-0.01792899,-0.01754328,0.99968827,5.2269497
0.36771712,0.9296336,0.023797976,-35.570206,-0.92970556,0.3680789,-0.013019064,-188.57959,-0.020862523,-0.017337685,0.999635,5.222238
0.37884584,0.92513704,0.02445645,-35.305588,-0.92517835,0.37925205,-0.014726062,-189.19962,-0.022898816,-0.017047577,0.9995954,5.213661
0.3900133,0.9203978,0.027537573,-35.03029,-0.9204786,0.39050236,-0.015201164,-189.83444,-0.024744637,-0.019418994,0.99950814,5.215828
0.39924067,0.916322,0.03101331,-34.74592,-0.91644555,0.39983994,-0.016114281,-190.45546,-0.02716626,-0.021988438,0.999392,5.19618
0.40657154,0.91294587,0.03507627,-34.455257,-0.91319126,0.40725866,-0.015038568,-191.09778,-0.028014543,-0.025917,0.99927443,5.1920004
0.41083416,0.9110026,0.035923045,-34.157692,-0.91118675,0.41161656,-0.01773359,-191.73567,-0.030941898,-0.025446944,0.99920017,5.174733
0.41239193,0.9103335,0.03502258,-33.86205,-0.9103808,0.41323063,-0.021241397,-192.3836,-0.03380919,-0.023124008,0.9991637,5.1611905
0.41338834,0.9100364,0.030736828,-33.575863,-0.91000867,0.4140758,-0.02072359,-193.02815,-0.03158663,-0.019403791,0.9993156,5.1447363
0.4124631,0.9105204,0.028772317,-33.274082,-0.9104711,0.41308108,-0.020259066,-193.69244,-0.030331621,-0.017840147,0.9993837,5.1305356
0.41145313,0.9110987,0.024626613,-32.978394,-0.9110101,0.41193566,-0.019329559,-194.35747,-0.027755745,-0.014481784,0.99951285,5.117858
0.41176057,0.9110243,0.022114564,-32.680847,-0.9108552,0.41219473,-0.021030633,-195.02557,-0.028274952,-0.011483478,0.9995372,5.101327
0.41076788,0.91149825,0.021017877,-32.371094,-0.9111483,0.4112237,-0.026605109,-195.71635,-0.03289359,-0.008221776,0.99942803,5.086336
0.4099516,0.9118537,0.021533515,-32.069756,-0.91139066,0.41045207,-0.030004157,-196.39122,-0.03619791,-0.007325087,0.9993208,5.07363
0.40849468,0.91250587,0.021592185,-31.758448,-0.9119575,0.4090142,-0.03232647,-197.08171,-0.03832964,-0.006485856,0.99924713,5.0550613
0.4065191,0.91336566,0.022505078,-31.448912,-0.9128101,0.4070777,-0.032704823,-197.7675,-0.03903281,-0.0072476203,0.9992147,5.036491
0.4050537,0.9139841,0.023783552,-31.143852,-0.91342723,0.40566602,-0.03301353,-198.45079,-0.039822053,-0.008352185,0.99917495,5.0157495
0.40295774,0.9148934,0.02442019,-30.837736,-0.91438365,0.4035874,-0.03199676,-199.13664,-0.03912933,-0.009435976,0.9991927,5.0002813
0.40218276,0.9152995,0.021844601,-30.533607,-0.9148787,0.40269032,-0.029007139,-199.82576,-0.03534685,-0.008318884,0.9993436,4.984911
0.4014888,0.9156314,0.020665608,-30.233809,-0.9153987,0.4019031,-0.022869414,-200.50801,-0.029245548,-0.009735353,0.99952793,4.976982
0.4000034,0.91626865,0.021219766,-29.929146,-0.9161281,0.40040094,-0.019808114,-201.18805,-0.026645986,-0.011516606,0.9995817,4.9535527
0.39894375,0.91667724,0.023407482,-29.619724,-0.91649365,0.39943305,-0.022282956,-201.88739,-0.029776024,-0.012563058,0.9994807,4.939009
0.39737803,0.91727835,0.026311575,-29.311024,-0.91704327,0.3979981,-0.025161503,-202.57388,-0.03355208,-0.01413012,0.9993402,4.928169
0.39460915,0.9183609,0.02996646,-29.012093,-0.9182002,0.3953478,-0.024747781,-203.25229,-0.034574594,-0.017749406,0.9992476,4.918829
0.39019227,0.92014396,0.03295607,-28.71522,-0.9200506,0.39103302,-0.024575694,-203.94376,-0.035500117,-0.020731907,0.9991578,4.90388
0.38314587,0.9230709,0.03376899,-28.430088,-0.92296714,0.3840367,-0.02552492,-204.62769,-0.036529873,-0.021387797,0.9991069,4.8917565
0.37503695,0.9264329,0.03271591,-28.148012,-0.92629635,0.375901,-0.02603099,-205.31796,-0.036413938,-0.020541936,0.99912894,4.868906
0.36525208,0.9304457,0.029371819,-27.883724,-0.9302768,0.3659864,-0.02535927,-206.00983,-0.03434514,-0.018061284,0.9992501,4.862329
0.35434118,0.93464184,0.029798407,-27.622734,-0.93458635,0.35503504,-0.022421712,-206.69644,-0.03153578,-0.019904137,0.99930775,4.8551774
0.34323436,0.93872035,0.031550437,-27.360685,-0.9387189,0.34397802,-0.022139544,-207.38577,-0.03163553,-0.022017831,0.99926025,4.825739
0.33236206,0.9426931,0.029432159,-27.12005,-0.9424127,0.33317664,-0.02925569,-208.09366,-0.03738528,-0.018013645,0.9991419,4.8047366
0.3235165,0.945819,0.027649306,-26.882172,-0.945141,0.3244066,-0.03837883,-208.8051,-0.045269087,-0.013716195,0.99888396,4.804266
0.31687534,0.9480254,0.028962068,-26.650923,-0.947092,0.31791323,-0.044182576,-209.50838,-0.05109368,-0.013429258,0.99860686,4.7867665
0.31182832,0.9495362,0.033839192,-26.40625,-0.9486371,0.3131407,-0.04510675,-210.2168,-0.05342697,-0.01803544,0.9984122,4.7507043
0.30938035,0.95031875,0.034337733,-26.174923,-0.9493403,0.31075278,-0.046795364,-210.9189,-0.05514111,-0.018120514,0.9983174,4.7234845
