0,1,2,3,4,5,6,7,8,9,10,11
0.999999999994749,-1.6750352515616795e-10,-3.575537331490519e-10,-2.607530857900997e-11,-1.6750352819193404e-10,1.0000000000004121,1.3708782273217529e-11,5.690112183515117e-11,-3.5755373835322235e-10,1.3708783465839918e-11,1.0000000000048386,1.1967743462903968e-10
0.99988094492696,0.01540730828544317,-0.0008754389383518626,0.12674727435615454,-0.01540600212436932,0.9998802797134253,0.001482315326756429,-0.007077239120989516,0.000898172080095864,-0.0014686495884873314,0.9999984753596147,-0.0016741036179155067
0.9993504969480486,0.03603646902426402,-0.00020427023997177628,0.2689284136096157,-0.03603523344302241,0.9993409713362376,0.0043686013425282,-0.018349070276101526,0.0003615635424032159,-0.004358404095211991,0.9999904317157138,-0.0031093119873604608
0.9980310075246616,0.06270443568326949,0.0015348329562275018,0.43147771764264353,-0.06271268120837564,0.998012959628913,0.0060976789163994126,-0.03926588897017981,-0.0011494330191852407,-0.0061819277862083,0.9999802328464253,-0.005234057912884962
0.9953668328814285,0.09605584250084312,0.004271024339912809,0.6055595732071829,-0.09608046525844863,0.9953555143119657,0.005990981588177909,-0.07362623296611966,-0.003675720469325099,-0.006373587919419373,0.999972952806606,-0.006893678437184844
0.9909893786460833,0.13377451753481262,0.00666145238367047,0.7907997399359534,-0.13379808829136167,0.9910033888472259,0.003223029188043822,-0.12184650791933868,-0.006170363480440285,-0.004085277781742615,0.9999726325066911,-0.009669609488601516
0.9848650947267061,0.17317471008567226,0.007155777238776373,0.9871580856295059,-0.1731799238706161,0.9848901822748689,0.0001109799059844734,-0.1842041663957611,-0.007028437680922401,-0.001348536295048094,0.9999743229984251,-0.013594627141721684
0.9763149444812018,0.2161756211284914,0.008787780305205566,1.1943551101671912,-0.2161838388825385,0.9763526617523715,-1.0698503928305075e-05,-0.25210970833688545,-0.008582286343000206,-0.0018893316184497217,0.999961393766427,-0.018651832007566007
0.9644376103791675,0.2640495037960524,0.011744934643556245,1.4125852059840658,-0.2640703452837553,0.9645034096643854,0.00023399589813985575,-0.33148311204579206,-0.011266243892451792,-0.0033271626211906725,0.9999309799564473,-0.023451713911214728
0.9499638985480097,0.31179407012863164,0.018788257024401143,1.638525550050291,-0.3118019479481578,0.9501436405675865,-0.002586125687348451,-0.4310711068652007,-0.01865788901870723,-0.0034014886320849736,0.9998201608844042,-0.022224049849436586
0.933110767372776,0.35875066599679417,0.024539788837713725,1.866426628538262,-0.35854682730363924,0.9334292971688414,-0.012408743828165963,-0.5620965215836546,-0.027357805182907313,0.002780068703813911,0.9996218354583827,-0.021343324096165253
0.9120425404484628,0.40920015204673166,0.027085573129987203,2.0946980062502387,-0.4088311692361474,0.9124276926980239,-0.01824266709333645,-0.7018243028584821,-0.03217852820875043,0.005564664377281393,0.9994666668535129,-0.02539493889138445
0.8868756707438248,0.4610097424702887,0.030356523269923275,2.327106074811148,-0.46060038339379594,0.8873880554761022,-0.019740492281269464,-0.8514628442148962,-0.036038578202389905,0.0035251371554107093,0.9993441737800728,-0.029983515510895665
0.8584762555617486,0.5116739100264956,0.03476029458516475,2.562659135236896,-0.5112035679195677,0.8591790252865346,-0.021961761000232036,-1.0241983135355543,-0.041102584553184454,0.0010840675118379555,0.9991543191517168,-0.03638995884001259
0.826421921172575,0.5618512864903646,0.03674142188633014,2.7938660712835612,-0.5612053726557242,0.8272365670298619,-0.02698559715615371,-1.2201217615127486,-0.04555574065453054,0.0016820071328261747,0.9989603117975628,-0.04458846159458909
0.7905509938640803,0.6112800224076252,0.03695881251921597,3.020253496480194,-0.610416749754249,0.791407812716384,-0.03263731061664481,-1.439059103494171,-0.04920002961081799,0.003241183761635359,0.9987836934195355,-0.05249344091802553
0.7526320262945156,0.657408775684565,0.036861443760203755,3.245076949310849,-0.6563737578922414,0.7535250882201292,-0.037060482261768696,-1.6804629974152643,-0.052139926601963496,0.0036980225189509985,0.9986328854853546,-0.0644208862868175
0.7129711056380961,0.7003207943953578,0.03497273408919189,3.466973127626252,-0.6991660224659699,0.7138149237337579,-0.040437751265371615,-1.942933288163827,-0.05328346167106809,0.004379205918395709,0.9985697706281458,-0.08156949070175736
0.6710848847574172,0.740603994444406,0.03392343478835912,3.6905538423531947,-0.7393918668789206,0.6719329703062851,-0.042493662656573235,-2.229860559537309,-0.05426525572364787,0.0034341448128709035,0.9985206449362974,-0.10088638275146608
0.628152493646509,0.7772085821069404,0.037030681714784096,3.916832346151986,-0.7760242195879942,0.629240500346306,-0.04292693248505159,-2.5368894057514555,-0.05666438628971296,-0.0017720475849033884,0.9983917060071847,-0.12057575304543984
0.5861799005659234,0.8092727591784696,0.0383501706624434,4.138548818417904,-0.8080982710009359,0.5874095678658766,-0.04390038147810218,-2.8739372735681505,-0.05805464542078752,-0.005257184066126531,0.9982995315681994,-0.13975313493800362
0.5459433925771638,0.8369415184391346,0.038403237994104854,4.353184166238443,-0.835748720576939,0.5472426447849925,-0.04527224418013669,-3.2409462553036272,-0.05890611786304529,-0.007379373435575411,0.9982362626378432,-0.16014818848588766
0.5070153830672828,0.861059921515508,0.03887501367583465,4.56534238672744,-0.8597718388198382,0.5084219648074616,-0.04795292024173744,-3.635293792868864,-0.061055254547607046,-0.00911077215087671,0.998092752125255,-0.1790830194641226
0.46951708338511056,0.8820340467290275,0.03961949136606019,4.775367506443138,-0.8808144269841635,0.471023420669443,-0.04798823182497199,-4.057858904232798,-0.060988965268081265,-0.01236612320965507,0.9980617959454455,-0.202180884779817
0.4330826101696339,0.9005285163841242,0.038572619556984634,4.9779609113649,-0.8993842688269909,0.43456798020174303,-0.04752393519930178,-4.507609809148197,-0.05955909075386509,-0.014109811880106555,0.998125009628622,-0.22753772431151242
0.3993592750272762,0.916143428108921,0.03454496491373376,5.170241022388267,-0.9150664342155451,0.40063594875171954,-0.046306857654157325,-4.986123931854356,-0.05626368201741342,-0.0131178586143309,0.9983297762210033,-0.2549546510169786
0.369872903327886,0.9285945498781436,0.03010285753986427,5.356604116693322,-0.9275789446184758,0.3709229959687425,-0.04487125437902412,-5.494116774041948,-0.0528330467148777,-0.011326112129152195,0.9985391007033703,-0.2845657629558039
0.34424999288388597,0.9384974116557997,0.026730962693842703,5.5424693437882935,-0.93756171056476,0.3451350084802173,-0.04312545619415922,-6.030896183948295,-0.04969893092342434,-0.010215988656323512,0.9987119986358958,-0.3144744391447331
0.32350043273635476,0.9459148654750281,0.024342084936713568,5.728288932999671,-0.9450032109396175,0.3242832480210418,-0.04253573851635465,-6.594196862510524,-0.04812892753754541,-0.009243018919208961,0.9987983192426024,-0.3439490245587368
0.3083876521665037,0.9509850882710584,0.022902613151354168,5.913983112818116,-0.9500420630806948,0.3091216307772064,-0.04317249120699987,-7.187630309368574,-0.04813609106572736,-0.008444580656481439,0.9988050170562888,-0.37216735861856415
0.29681443722391176,0.9546919174936891,0.02155249062879731,6.10152336231625,-0.9536660467897118,0.2975076966600748,-0.04483502570940411,-7.8057641984008415,-0.049215677092702456,-0.00724619103099639,0.9987618661160123,-0.40020150599318477
0.28578044058382573,0.9580208697796364,0.02292606357962442,6.294138943961884,-0.9569102142856978,0.2865714226960673,-0.04690075935945758,-8.448473709055632,-0.05150186488820167,-0.008534860514465791,0.9986364367201057,-0.4295288612553118
0.27509473043699173,0.9611002329962813,0.02468368992872873,6.488510920243545,-0.9599190373914799,0.2760082459951306,-0.04873229885800033,-9.116932796860743,-0.05364952536835601,-0.010288346203670787,0.9985068235678766,-0.4613581059938825
0.2649493372388154,0.9639262404159056,0.02545806235019665,6.679923360916121,-0.9626660305636531,0.2659370124622408,-0.05051384583928382,-9.806453071242512,-0.05546187059033365,-0.011124002217324316,0.9983988502989428,-0.4951200434077672
0.2546706708258362,0.966663478963304,0.026545798376600774,6.869215770758881,-0.9653135456703336,0.2557572746974137,-0.052517305067077934,-10.519810268390275,-0.0575558468177094,-0.012250392469276481,0.9982670544767491,-0.5304443841659358
0.2440671274498631,0.9693939240843991,0.026585214322116472,7.054750620657088,-0.9679547339969431,0.2451927874123546,-0.05425897193008928,-11.252899401148612,-0.05911682357199263,-0.012490451051544844,0.9981728851377816,-0.5691572231717479
0.23383080566252795,0.9719200327908862,0.026358413518779683,7.236753112975888,-0.9704184384794925,0.23497353861011588,-0.05545761360370311,-12.00398800661953,-0.060093895063612505,-0.012610988211595002,0.9981130557273554,-0.6107157026099401
0.22318874313245507,0.9743736439008586,0.027979266898528914,7.416248162112488,-0.972704963304693,0.22449267906863743,-0.05872105751674861,-12.774326676656564,-0.06349739490701453,-0.014109692455531451,0.9978822777989066,-0.6541977560806608
0.21176768027011864,0.9768628660197214,0.0298894376820316,7.590544088638919,-0.9750313133971648,0.21326464861266312,-0.06190399321406403,-13.553568977762772,-0.06684608183248468,-0.016033878427772572,0.9976344711172171,-0.7002769483534448
0.19949655117544474,0.9794030486127897,0.031158193512054243,7.755050733172659,-0.9772897407726838,0.20118348727591126,-0.06655793858221815,-14.341076337485868,-0.07145556632405643,-0.017172509271672506,0.997295961548643,-0.7465004410348414
0.18653387393603468,0.9819351011636971,0.03175751938754969,7.909058327156832,-0.9796737644925886,0.1883375888813954,-0.06905249602867114,-15.134818709254317,-0.07378620821986615,-0.01823138274928716,0.9971074371825691,-0.7939629559132668
0.1724893200078083,0.9845094142546399,0.03144414560302512,8.052105857032478,-0.9822136874758134,0.17431598992187525,-0.06978706215695586,-15.930923053911323,-0.07418724299927713,-0.018847350007900995,0.9970661900703157,-0.8417868667988735
0.158129787167584,0.9869093635816715,0.0316993202742639,8.184801720793958,-0.9847113542924275,0.15999049656251207,-0.06889569172221939,-16.734707769653966,-0.07306540766639388,-0.020320217990088277,0.9971201162699032,-0.8917392231388355
0.14178208796359942,0.9894084862673775,0.031123216236360784,8.303240861626971,-0.9872946671951442,0.14361799277767234,-0.06799335250089371,-17.544708096805536,-0.07174307153216027,-0.021087547931606446,0.9972002192587276,-0.9401890085664444
0.12148671976888178,0.9920734339640019,0.032114134274188674,8.407428155004396,-0.9901251456783411,0.12340130075748768,-0.06651556271746262,-18.359330834742835,-0.06995125809993649,-0.02371625191416939,0.9972683794736301,-0.9864570770101325
0.09613411919864884,0.9947549285956679,0.034941838598565846,8.49517908421231,-0.9930054377183526,0.09826422053834555,-0.06545457978419861,-19.181242972832315,-0.06854480030164758,-0.028405014033837557,0.9972435102630052,-1.0332861943455625
0.06608021306552639,0.9971107611728169,0.037464450121806984,8.560171814451062,-0.9955101862014442,0.06843126503864638,-0.065395973425771,-20.0065533483082,-0.06777077573042166,-0.03297487103684536,0.9971558018958268,-1.079939725954838
0.0330683712610778,0.9987002846455348,0.03878432291373999,8.595766315353826,-0.9972367995120754,0.03555300847562854,-0.06522757839773662,-20.840093355857533,-0.0665217061022771,-0.03652018484264513,0.9971163702632934,-1.1255226586632534
-0.001203354685607859,0.9992496554008009,0.03871271899884532,8.600672826063308,-0.9978728640180099,0.0013233766140514497,-0.06517697115608861,-21.676170416928436,-0.06517930264010036,-0.03870880232123885,0.9971224750715566,-1.1679576640412104
-0.03510694965974887,0.998672314933111,0.03769900074998591,8.57553295500191,-0.9973934553880018,-0.032632729309389916,-0.06435294292830998,-22.513403219308568,-0.06303728661238384,-0.03985997187249921,0.9972148589691391,-1.2095395276094603
-0.06786355580014894,0.9969771311970516,0.03783131099038688,8.524081384567713,-0.9958999742052431,-0.06541941941417179,-0.062478559322469415,-23.351755450229597,-0.059814796458097536,-0.04191622277552966,0.997329055214321,-1.249679119347806
-0.10017619714725925,0.9942005615589949,0.03911573266714832,8.446956916350727,-0.9933935822136488,-0.09772824305426954,-0.06015282903370193,-24.188669674809066,-0.055981265556828565,-0.04488319605792231,0.9974224702015294,-1.287762639004001
-0.13231876263713066,0.9905547340092495,0.03596071228073179,8.337269588131441,-0.9898981553698682,-0.13019305840941392,-0.05613789159678447,-25.023020854574945,-0.050925828558706705,-0.043025540829900705,0.9977752210465449,-1.323241014927925
-0.1635401972306565,0.9860781974988908,0.030074033822148558,8.194639745129486,-0.9855014599570943,-0.16189653702113513,-0.05075803768116079,-25.854010745294683,-0.04518251535417538,-0.03793897956348165,0.9982580342517923,-1.3557765311215613
-0.19362452440194236,0.980776985965279,0.024208766729432073,8.026818256088236,-0.9803151951151086,-0.1924440525579848,-0.04412971761198706,-26.677526838476748,-0.03862257922656911,-0.032276816763420514,0.9987323769599273,-1.3824716486171624
-0.22215450863265737,0.9748414057667881,0.018210611511485376,7.832933292451191,-0.9744188362977161,-0.22132965650137532,-0.039001203912655415,-27.49879337234215,-0.033989441673579875,-0.026409058705392407,0.9990731651340328,-1.4040856865836133
-0.24992410916052601,0.9682081507373314,0.010532377523062584,7.608165493531111,-0.9678151043958934,-0.249461271268818,-0.0332121931424846,-28.319534480380504,-0.029528895547049083,-0.018493915399138854,0.9993927804293438,-1.419554243699558
-0.27609101547411824,0.9611114534128721,0.006204104412900104,7.366059368561175,-0.9608911588526886,-0.27587192869830773,-0.02414154638032646,-29.127862648506785,-0.02149117519003193,-0.01262672770149843,0.9996892441724258,-1.4276896377666493
-0.30155683596374705,0.9534311381037502,0.0057132506344017885,7.107014300777127,-0.9534241551261162,-0.3015013912048002,-0.008900894778701957,-29.92091038410704,-0.006763832477721087,-0.008131274226495858,0.999944027168547,-1.430528534587746
-0.3263724838798105,0.9451856784398908,0.010251114793445983,6.835012274483892,-0.9451723767604729,-0.3264604071813879,0.008525888113174755,-30.703628568569755,0.011405132253835274,-0.006906449593841454,0.9999110910611981,-1.426855305578801
-0.35137618398435255,0.9360885640882346,0.01652251311547755,6.547750573001281,-0.935812268313516,-0.35169301143720655,0.023819565031993322,-31.47673376740639,0.028108091965566313,-0.007092335178859251,0.9995796954215589,-1.4135311675440225
-0.37616917635416103,0.9263751816240461,0.018049504574968032,6.234176000717527,-0.9257511231348217,-0.37658234140162217,0.03421353138526193,-32.246941056077674,0.03849170329506492,-0.0038392707024948003,0.999251517755783,-1.383428045622954
-0.3998237873200782,0.9164197848332017,0.017771948032703225,5.899390392256854,-0.9156287505446932,-0.40021716450416867,0.038081150242533154,-33.00908439224556,0.04201096454296172,-0.001046752279337163,0.9991165518242464,-1.3439177133153932
-0.42249386642244513,0.9062392221158947,0.01514974980299285,5.545963758213349,-0.9054640366240425,-0.4227599816905115,0.037536124416781835,-33.7637194771593,0.04042142593719897,0.002141239314171273,0.9991804481129565,-1.2997861409843312
-0.4430043970191391,0.8964609808395368,0.010245983591580968,5.1736608714644765,-0.8958585840337744,-0.44308759742018766,0.03332918761307759,-34.50963045648277,0.0344181915690735,0.005586031995179141,0.9993918944393267,-1.2541720380726953
-0.4612782540434663,0.8872526184261599,0.0023046019909005048,4.783787216514456,-0.8868051897636654,-0.4611252741176694,0.030659813669725734,-35.24056384129306,0.028265714231273026,0.012098978933602038,0.9995272281611354,-1.2103595283803423
-0.4753466160240268,0.8797982047042521,-0.0008506967071219736,4.386528030331387,-0.8793547969276942,-0.4750758232445251,0.03221926715487538,-35.959596425234714,0.027942313986815574,0.01606338865340648,0.9994804392685513,-1.1691144978617385
-0.4867022802462555,0.8735653652645149,-0.0021117956584310836,3.9881245259179474,-0.8730610410736069,-0.4863361624035864,0.03523505028925177,-36.666126632086446,0.029753082531033266,0.018992718773486624,0.9993768426498415,-1.1326369063995663
-0.4967306035818959,0.8679021307346495,-0.0021632294832616373,3.5861928953395377,-0.8673070806235765,-0.49629450533774266,0.038343158427744946,-37.36152324220807,0.032204518720567794,0.020922419531508064,0.9992623089196384,-1.096884929926787
-0.5070388533723827,0.8619096737595853,0.004825545508045844,3.187560680802369,-0.8611962259221461,-0.5068331995537564,0.03822412406422667,-38.054416711209775,0.03539150217653782,0.015225388232621189,0.9992575529261387,-1.0568948446747861
-0.5184888955989051,0.8550598737752653,0.006478781139959478,2.7800982317944776,-0.8544208192039017,-0.5183701029128098,0.035460845441864355,-38.74595423772202,0.03367956101790177,0.012850466507105527,0.9993499985117146,-1.015968293016611
-0.5273590230718032,0.8496277930345149,0.00501234007403222,2.351565049138205,-0.8489455341442539,-0.5271560516118279,0.03739031447839889,-39.42573589913597,0.03441013852509511,0.01546293074342981,0.999288174683631,-0.9779473729718133
-0.5346673436053234,0.8450568200697152,0.003127479653696069,1.9137956969426373,-0.8442939409952295,-0.5343351479619046,0.04066597867560892,-40.10623634144064,0.0360361924649977,0.01910227579293801,0.999167891567228,-0.9378566363084401
-0.5387055283744614,0.8424821768551685,0.00449061270333119,1.4702996761685982,-0.8415684149184393,-0.538355728223572,0.04399738099183741,-40.797893084816266,0.03948456462394178,0.01992248703469068,0.9990215565980332,-0.8987997185746252
-0.5385510076801752,0.8425729961329743,0.005788995541248143,1.0177549408445965,-0.8415557154910911,-0.5382161348469059,0.0459064467390208,-41.50293279397139,0.0417952749270229,0.019851222492442994,0.9989289425270811,-0.861365508181757
-0.5355071896695729,0.8445226571237533,0.003676081095911554,0.556004372332201,-0.8435210753299998,-0.535074674839012,0.046554398036703935,-42.225025719893345,0.0412832394652178,0.02182937080687804,0.9989089645085848,-0.8184668008384826
-0.5298109621711322,0.84810518217628,0.004231696846839909,0.09371168080427622,-0.8471589864442576,-0.5294436563421563,0.04484484222851419,-42.96822370459764,0.04027360115769696,0.02017437693720553,0.9989850185132886,-0.7747099196127667
-0.5229560484063562,0.8523409684094481,0.005640054286758054,-0.3669501494714657,-0.8514043006800117,-0.522671692959987,0.04387486714080182,-43.73064851125316,0.04034425279998442,0.018142668035461825,0.9990210413663436,-0.7317563497224789
-0.5158907429535763,0.8566266332895017,0.006902285562974215,-0.8306703887546507,-0.855685764832412,-0.5156737513088278,0.04338640655468454,-44.51069211162586,0.04072529266516187,0.016476477886062404,0.9990344942624046,-0.688501291615388
-0.5095367523493246,0.8604034757831616,0.008840190454209137,-1.2962986111460553,-0.8594929869815938,-0.5094279566267794,0.04189125249668062,-45.3085270271306,0.0405468328773185,0.013747059316207854,0.9990830089761048,-0.6441989598042689
-0.5048584880544168,0.8631147364834755,0.01228402802122864,-1.7633071207076243,-0.8622421171499351,-0.5049169445870316,0.03996848134330977,-46.126010822852756,0.04069981402047669,0.009586627248603683,0.999125432641449,-0.5977120341818805
-0.5031164702982567,0.8640757472597486,0.015713611663644114,-2.2349245440661654,-0.863302322265738,-0.5033370297530466,0.03688994145980967,-46.962161740005406,0.03978495709771918,0.004994346771497702,0.9991958000513044,-0.548107886362571
-0.5034214920882586,0.8638555593977709,0.01790263342609042,-2.7157486419138497,-0.8631799321392425,-0.5037365462823388,0.034204343641682254,-47.81093833594783,0.03856582488746055,0.0017660156185854508,0.999254438370598,-0.49848960509096596
-0.5044247008762832,0.8632497615259296,0.018860567462210664,-3.20661560727834,-0.8626302283254146,-0.5047770994362953,0.0326974831451246,-48.669873662914604,0.03774648680594035,0.000223729620457582,0.9992873003125792,-0.448898748523065
-0.5048672940899337,0.862996422886972,0.018607378699578982,-3.7049470795578645,-0.8623999757345397,-0.5052100044773328,0.03207967333153751,-49.53705030148723,0.037085290073571205,0.00014898033103523698,0.9993120985672673,-0.4017144132913965
-0.5050732934446183,0.8628841913745106,0.018215399500350983,-4.212939938576143,-0.8623172903219235,-0.5054016864586474,0.03127462249025065,-50.417322564813716,0.03619248321142052,8.852689697558369e-05,0.9993447799032659,-0.35579779334113854
-0.5051123243772738,0.8628723985595981,0.01768465945072926,-4.726285597006989,-0.8623247633311839,-0.5054217312088274,0.03073813864016034,-51.30787365132227,0.035461315242479856,0.00027629945140437225,0.9993709555861016,-0.3087548965056951
-0.5051829676711609,0.8628296606176333,0.017753965194129032,-5.243247271869603,-0.8623002197162698,-0.5054948896836537,0.030221761041229703,-52.203053256378595,0.03505077998632676,-4.172019388123282e-05,0.999385457354815,-0.261104616003624
-0.5053631112362444,0.8627027565775041,0.018764624317193276,-5.7605955261270125,-0.8622276063496498,-0.5057085546730259,0.028676576109640143,-53.10543903711637,0.03422879975385229,-0.001687282404729398,0.9994125659092705,-0.21178149030465138
-0.5053222148750013,0.8627267908082754,0.018760254452323558,-6.278415695499014,-0.8622856539112148,-0.505665560084921,0.027674333720577503,-54.00456578353344,0.033361805406176614,-0.002192239210919295,0.9994408749599225,-0.1615032025991232
-0.5047461555938006,0.8630419355943867,0.019748636381364575,-6.794388853316194,-0.8626244902736958,-0.5051210133514451,0.027050431833162074,-54.90250769033873,0.033321120010012126,-0.003382044338078598,0.9994389689452463,-0.10948864957186089
-0.5035913920378323,0.8637236359061218,0.019422326224061894,-7.308903750300959,-0.8633526637095643,-0.5039508668078612,0.02560611410713376,-55.799060135667865,0.031904518931624146,-0.003873290668758146,0.9994833588456938,-0.0584791692078746
-0.5015993823762719,0.8649217401148781,0.017565409446863613,-7.822430780710947,-0.864610969694104,-0.5018951343155552,0.023433835553760725,-56.69583280209423,0.029084426035688293,-0.003432838127458299,0.999571016691827,-0.007780455332797018
-0.4992201122430511,0.8663235045853239,0.016213696387865167,-8.332348213827727,-0.8660512938615458,-0.4994737384268641,0.02193370656692818,-57.59170555021552,0.02710000478255381,-0.0030921356825652207,0.9996279506699149,0.04095682319665017
-0.49691829160452694,0.8676569635110758,0.015608576370996661,-8.837826408265554,-0.8673936921573466,-0.49715536357677553,0.021557304159870103,-58.48463088262125,0.02646424023618665,-0.0028265510820743977,0.9996457551813023,0.08754508364731456
-0.49476584375195215,0.8688950791774619,0.015102117751792734,-9.341530933315594,-0.8686160518537256,-0.49499148756942934,0.02212552965004646,-59.376727983843466,0.026700191002192307,-0.002170977803462239,0.9996411313213812,0.1337464876207155
-0.4938748759891484,0.8693958353007745,0.01544123937516312,-9.84196626432412,-0.8691085409733125,-0.49411079462303975,0.022469008769946675,-60.26827626981827,0.027164157277995742,-0.0023232276867901657,0.9996282706121877,0.17980234112318683
-0.49436135598202724,0.8690917462241577,0.016926121958517035,-10.336917675647728,-0.8687699552266982,-0.4946423966580829,0.02382554236314954,-61.153379048463066,0.029078968952238726,-0.002926469944901755,0.9995728526401094,0.22762801000531058
-0.49712082241547423,0.8674616579245924,0.019523560848799262,-10.830593789850035,-0.8670977227180168,-0.4974858450015195,0.025484099395885886,-62.034758021677675,0.031819190416123536,-0.004260146174764965,0.999484567416993,0.27548095158351055
-0.501449307323927,0.8649240163183036,0.02133401784360368,-11.326244246382293,-0.8645483975345808,-0.5018741048224707,0.026047952405814655,-62.9087977510101,0.033236498489434115,-0.005382555674632363,0.9994330121463968,0.32413714962823137
-0.5069206622936172,0.8617563441375404,0.02018931974334979,-11.830079005038439,-0.8614128237797445,-0.50729966486916,0.024801226175165628,-63.780143809626466,0.03161464994842356,-0.0048190820752468935,0.9994885271627764,0.3731504175095415
-0.5125037396028728,0.8585129667108202,0.017186176824371676,-12.342307055048435,-0.8582345629074141,-0.5127805276134342,0.022126334279285963,-64.64126350402499,0.02780848804652611,-0.0034099349884379646,0.999607467216306,0.4262527494993101
-0.5176302663094767,0.8553934377662668,0.018999948592726676,-12.84982649468933,-0.855182971469981,-0.5179446603645244,0.019884616856076027,-65.49661734030151,0.02685010103320373,-0.005955545228815541,0.9996217266740003,0.4762000074430172
-0.522577506238098,0.8523930720278772,0.018404815048210045,-13.3630507085114,-0.8521000881507487,-0.5228874255126376,0.02267310913980212,-66.3396937991458,0.02895005989926175,-0.0038342761708788716,0.9995734317507348,0.5243960891406163
-0.5273381374502276,0.8494261735429885,0.019742061780804197,-13.877165611316379,-0.8490626978242658,-0.5276957477474453,0.025094673854409097,-67.17520217748607,0.031733887989255,-0.0035288563261394847,0.9994900851976726,0.5726106031146421
-0.5321481576438392,0.8463692083731637,0.021854437025767087,-14.392272460760895,-0.846016666901531,-0.5325713555803387,0.0249714589359621,-68.0091968844749,0.032774124742739094,-0.005200694351966156,0.9994492132241778,0.6229965005611867
-0.5358693520288795,0.8439757596193473,0.02342973284372395,-14.91070626317371,-0.8436176228975529,-0.5363457040187909,0.025349764106585668,-68.83497604084467,0.03396102887547746,-0.006181565809336476,0.9994040560476698,0.6732265007700224
-0.5391714961443285,0.841903869415558,0.022179732554910573,-15.433220683618346,-0.8415665788081901,-0.5395997245409746,0.02445023257585836,-69.65591448278336,0.032552927602094106,-0.005482852132626092,0.9994549206853025,0.7216450848294864
-0.5418007616058063,0.8403325967010015,0.0171192799702044,-15.96283950224236,-0.840137834660719,-0.5420540354619495,0.018596599103039783,-70.47869513913217,0.024906909025206255,-0.004306898768063571,0.9996804970677556,0.7673535015646389
-0.5439961521518244,0.8390062738724627,0.011693214331023563,-16.491222127701892,-0.8389641485667656,-0.5441023748794988,0.009576175727874201,-71.29923962709299,0.014396777972020072,-0.004600773755772475,0.9998857270313233,0.8113924966480559
-0.5457673333582036,0.8378833776938501,0.009458266067952819,-17.01663357796134,-0.8378850970253894,-0.5458242441747035,0.004945494093566476,-72.1131714032351,0.009306301436369182,-0.005225844280641183,0.999942977532907,0.8457835221883678
-0.54682220995883,0.8371490035541456,0.012925568657534324,-17.536379689681898,-0.8370663509406673,-0.5469601377270722,0.01243391449668723,-72.91051876314103,0.017478817173650577,-0.004020412737551509,0.9998391476859019,0.8746928016468352
-0.5478424009768744,0.8364509128483475,0.014783738232806806,-18.057702489044715,-0.8362517093440568,-0.5480370461507865,0.018398010886085638,-73.70178794304252,0.023491081164542463,-0.0022837057879233295,0.9997214471276608,0.9081994541338682
-0.548457484865806,0.8361036396236404,0.011184686278562245,-18.58374999520248,-0.8357937317988777,-0.548561885394606,0.02299267727738216,-74.49348383034543,0.025359758125641653,0.0032624211189384534,0.9996730702604121,0.9434290427535653
-0.5483332218464287,0.8362297470744183,0.007104999274394949,-19.109595548127764,-0.8359308654234535,-0.5483360897460533,0.023389886207992205,-75.28615041075219,0.02345525378196695,0.00688617594920744,0.9997011115924818,0.9867049071594528
-0.547767024712157,0.8366080957450459,0.006178152129219668,-19.628627338862074,-0.8363775413372978,-0.5477680155669774,0.020564447549491764,-76.08200982155911,0.020588583736257472,0.00609726647403694,0.9997694402791343,1.026745192974075
-0.5470171949494776,0.8371089374255295,0.004555660329521089,-20.146120845582054,-0.8369641642617284,-0.5470118183272598,0.01640208460184676,-76.87751717053709,0.016222335402197762,0.005159306377598407,0.9998551132767375,1.0612434295668154
-0.5461519908440987,0.8376776341568978,0.0037696897580907648,-20.659768544328376,-0.8376233302555002,-0.5461605744378369,0.009782895163236919,-77.6756791136946,0.010253771309202,0.002185380710638003,0.9999450652819356,1.0970598053400746
-0.5455373223835684,0.8380330429946807,0.009474037512255208,-21.160261810086148,-0.8380508150372848,-0.5455835476612884,0.0030622664858479826,-78.47252170507915,0.007735166550562115,-0.0062691363737826696,0.9999503700448565,1.1268514336848274
-0.5439995976036506,0.8389446689196168,0.015373737476475188,-21.659815744732754,-0.8390530467695638,-0.544048299968289,-0.0011788620518104966,-79.26933146819125,0.007375060330982325,-0.013540675294123526,0.9998810975719392,1.1482800260975616
-0.542044926523379,0.8402567852755891,0.012485749336906852,-22.168710702701027,-0.8403312569958863,-0.542071181138057,-0.0014738898480015643,-80.0570184880225,0.0055297227652566575,-0.01129107408495162,0.9999209076614355,1.1709815430503567
-0.5389840448154003,0.8422670013991088,0.009084563408328687,-22.676728366746197,-0.8422960380913459,-0.5390141777266682,0.0010706048222912847,-80.84054748308104,0.005798447532593838,-0.007074849967103215,0.9999581225420675,1.1952859283903574
-0.5339867985077246,0.8454444857142173,0.009043419142314596,-23.176209428268976,-0.8454382464731438,-0.5340433260274131,0.005647148127772912,-81.62519756163748,0.009603931683121965,-0.004630144359313207,0.9999431245351367,1.2146528128909664
-0.5264060138769002,0.8502248296396124,0.003815368578762312,-23.673949948874146,-0.8501840660214683,-0.5264184673131049,0.008402107202680269,-82.41256123089138,0.009152162768603967,0.001179156488570753,0.9999573811900042,1.2326972055184415
-0.5184147765435977,0.8551231162400122,-0.003265162581061335,-24.167938197932987,-0.8551002789804998,-0.5183618672326975,0.010221145229577577,-83.20558995606791,0.0070478044664096795,0.008090838618658624,0.9999424437762942,1.2557164311607654
-0.5085964344986156,0.8610036821909846,-0.001554381632081448,-24.640145084455263,-0.8609637645623,-0.5085535225991515,0.01070810634570319,-84.0044862757626,0.008429234634696406,0.006784381870190953,0.9999414570977663,1.270156541675605
-0.4976997702717397,0.8673493019723251,-0.0003418313169072074,-25.09948377885115,-0.8673175308643606,-0.4976781384689507,0.008760044807026312,-84.81383282614803,0.00742789750175226,0.004656355690951934,0.9999615087406893,1.2841239135382723
-0.48608222943255813,0.8739103155542555,-0.002210797732540533,-25.553531086468283,-0.8739058658692574,-0.4860665150366344,0.005272447021684864,-85.62509093596766,0.003533060219920277,0.004494880438564091,0.9999836444691915,1.2985923753813493
-0.4748803846574163,0.8800460745717535,-0.002729239456259069,-25.99203809223266,-0.8800476918815754,-0.474869101999617,0.003918679385660587,-86.43703026125915,0.0021525947225473677,0.00426277701396975,0.9999885866570324,1.3126109193604718
-0.46301609153522655,0.8863411099511787,-0.003954222083440423,-26.421691251631046,-0.8863490414959256,-0.4630050218537144,0.003428747871882855,-87.25828091385104,0.0012082186129134113,0.005092402159808027,0.9999863133889397,1.3209831659555584
-0.45103232948474187,0.8924873975110075,-0.006006668860980542,-26.841338734595645,-0.892506268330944,-0.4510100248457935,0.004743095756226242,-88.07728422372064,0.0015240898294388335,0.007500290675981308,0.9999706543305344,1.3342748163552283
-0.4388823899939533,0.8985356877093262,-0.003995497384146836,-27.244063477681433,-0.8985315795713431,-0.43884778313192385,0.007321183202973704,-88.89995552977092,0.004824931604555919,0.0068032225524917705,0.9999651731258762,1.3539222245152704
-0.42727610944195704,0.9041164218265413,-0.0029549680402986525,-27.63663084954257,-0.9039924098649428,-0.4271577185278129,0.018273470554795973,-89.71789516286664,0.015259112251221868,0.010479095683767014,0.9998286279697691,1.370230033138215
-0.4146776905200096,0.9099676562119244,-0.0011412559692245683,-28.01877906754147,-0.9097226128037226,-0.41453625358575485,0.023759725610592704,-90.54369064011114,0.021147501551132267,0.010890863041010241,0.9997170441057637,1.3901442526664602
-0.4029310932547175,0.9152294395528023,-0.0012479569287553224,-28.386756341177673,-0.9150598004213341,-0.4028293872571648,0.019848823198581937,-91.3832475062499,0.01766352231294818,0.00913967443484407,0.9998021805118812,1.4205511271003028
-0.39091407729882305,0.920425350554985,-0.0018598891082705173,-28.745676363703033,-0.9203201584876423,-0.3908370129602655,0.01604080328165494,-92.22639072821242,0.014037453504275522,0.007982270836661108,0.9998695902590874,1.4513416325604975
-0.380870258714774,0.9246273851412382,0.0014566841630922942,-29.089606588873117,-0.9244873181845559,-0.38083916693258857,0.016872980635285053,-93.06627750996061,0.016155989783395795,0.005079738402090512,0.9998565256473613,1.480716272657411
-0.3734973859074665,0.9276024632370089,0.007303076832585271,-29.419779838986532,-0.9273734304545408,-0.3735676472038659,0.020634965075256747,-93.90440536034615,0.021869250478682427,0.0009344379931878919,0.9997603331113311,1.5099616040795496
-0.36828452689884383,0.929583646958425,0.015516641808250648,-29.742451394559474,-0.9292269101999802,-0.36858026931561316,0.026190182150750144,-94.74583098024408,0.03006510228135159,-0.004773039708960815,0.9995364962144557,1.5402993360368842
-0.36461852208430984,0.9309596086827021,0.019169678266777797,-30.066063717923157,-0.9305672419235494,-0.3650430103499033,0.028075062957247775,-95.59022404061186,0.03313452182196799,-0.007601978904641195,0.9994219324342117,1.5778320762580673
-0.36082667270502355,0.9323948008573377,0.02107256703929388,-30.387970318064024,-0.9320316827591181,-0.36131317257928935,0.02774292104333034,-96.43636382332095,0.03348116131040141,-0.009629909110267617,0.9993929452843114,1.6197571325442253
-0.355967507341943,0.9342721657158474,0.02055892965947001,-30.70774327757052,-0.9338940204909102,-0.3564422632435252,0.028121427943519666,-97.27974855615842,0.03360114731179217,-0.009189539705637273,0.9993930705854668,1.659528029539983
-0.3502694160730755,0.93640613727632,0.021330342853862733,-31.02185850192285,-0.9361400183154067,-0.3507389070625495,0.02498124161715646,-98.12928057747213,0.03087397779981436,-0.01121801812634643,0.9994603231356236,1.7017645156652084
-0.3450169819908199,0.9383714113231697,0.02055426406101282,-31.33053480507093,-0.938229894317617,-0.3454114900109276,0.020384362552724553,-98.98381503276622,0.02622779446389873,-0.012251666673702984,0.9995808720017458,1.745676845400424
-0.33925946000782187,0.9404725966039573,0.020356540723126145,-31.631254958326426,-0.9403951609275049,-0.33961703451797154,0.017810125739546923,-99.83449597927759,0.023663367911433593,-0.013100933857404504,0.9996340945257918,1.7878778459486055
-0.3333250841845882,0.9424071117230709,0.027628220229616127,-31.91548798027588,-0.9424989506541368,-0.3338263358513261,0.015988725812471082,-100.68721030907268,0.024290922178753893,-0.020710117797049947,0.9994903200359128,1.8252355417193946
-0.32697720404970365,0.9443471259804932,0.035979101056624246,-32.19166519212714,-0.9446388581465286,-0.32770256066201225,0.016387346048376432,-101.53925958497005,0.027265795875240004,-0.028628961057566057,0.9992181647117144,1.8619635317269216
-0.3201790934371594,0.9466844436623121,0.03569219032862285,-32.472451463202155,-0.9468871536052087,-0.3209795511372966,0.019410766402267493,-102.38547906020922,0.02983234317422349,-0.02758155671803354,0.9991742445744547,1.9007367625509954
-0.3130077214060927,0.9491515770037869,0.033727888301736945,-32.753600222568316,-0.9491812238060748,-0.3138521886612355,0.02348887248907992,-103.23399216895027,0.03288008014665901,-0.024661684121035546,0.999155010067327,1.9382007752569523
-0.30639815161573014,0.9513011033249649,0.03385947150204779,-33.02272081000278,-0.9513883259292397,-0.30720863783699626,0.021980573992894128,-104.0901766747315,0.031312072527481576,-0.02547869278460691,0.9991847894527252,1.9766810692345818
-0.2996621686015506,0.9534783073873603,0.03289042288333742,-33.29071371561978,-0.9536920177608659,-0.30031129900407305,0.016871499350673044,-104.95062727708428,0.02596398253129351,-0.026311582535695863,0.9993165676056223,2.01952928837758
-0.2926205752827505,0.9556562342637043,0.03308288492264292,-33.55064276345771,-0.9559552625503996,-0.2931890100599499,0.013773410955130884,-105.8143583552277,0.022862185983694855,-0.02759537155564819,0.9993576853426996,2.0622324811885284
-0.2860320884639611,0.9575641711045247,0.03544685158679222,-33.80174227400511,-0.9578568213596012,-0.28674643130664196,0.016934723861538645,-106.67101035501199,0.026380348668124293,-0.029109126119375578,0.9992280197706022,2.0970575681526524
-0.2796585083913292,0.9594216676552393,0.03607233135009244,-34.045925026051044,-0.9596616306441168,-0.28046825902186595,0.019675726105861432,-107.53106821439603,0.028994478797314305,-0.02911474797228073,0.9991554674131943,2.1356737687653182
-0.27283774656309884,0.9613250223038237,0.03760019051738887,-34.28490707409088,-0.9615643236839162,-0.27374333403982,0.021415669131280714,-108.3928822579035,0.030880223109805434,-0.030311992749586864,0.999063380602918,2.1752026913116507
-0.26602366926403925,0.9632262326161009,0.037770367823265594,-34.518111077190994,-0.9635190998271053,-0.2668895914632215,0.020020679646352766,-109.26043659477997,0.029364970852074273,-0.031066493853878652,0.9990858607272599,2.217150154597114
-0.25818512780197805,0.9654933838257219,0.03410374611700703,-34.75188993303795,-0.9656776757754386,-0.2589506525156257,0.02027614326942469,-110.12608309713808,0.02840768142134131,-0.027698221699760293,0.999212580317603,2.257699531311367
-0.2504807329568532,0.9676478928790648,0.030282775297093202,-34.981290269853076,-0.9677139640902209,-0.25116030262739036,0.021168976397212082,-110.99172591491842,0.028089952715018587,-0.02400264736808841,0.9993171355842423,2.297403279912956
-0.24385576987600077,0.9693950437812727,0.028418946023009595,-35.19887456332058,-0.9694094403663178,-0.24449372185681428,0.021638543091270508,-111.85983344386952,0.027924553688349407,-0.022272911616444815,0.9993617917328139,2.3361192858267885
-0.23706490262873559,0.970903208234545,0.03387180884267192,-35.400734888468236,-0.9710813928183014,-0.23783604635596578,0.020855931938924512,-112.73147600201345,0.02830503669496726,-0.027948072314239687,0.9992085489847005,2.375112458821089
-0.2311603208312103,0.9722001615130562,0.03730626888587775,-35.59701442460547,-0.972531447780675,-0.23197668250496678,0.019219930829313434,-113.60546193582394,0.027339812687114242,-0.03183863602032667,0.9991190033361759,2.4134317703654773
-0.22646830280171262,0.9733936109686914,0.03488506489289164,-35.79900098520993,-0.9736653755583292,-0.2272052871871801,0.018800218016404434,-114.47795481978375,0.026226087665041357,-0.029708730698276536,0.9992144899888915,2.4516953709582783
-0.22175525728373235,0.9745392338929522,0.03313533505039206,-35.99699320842318,-0.9747601003742632,-0.22244955130339927,0.018944025727483407,-115.35042653836389,0.025832646695998666,-0.028098062230031147,0.9992713085871306,2.489829673020342
-0.2170851887756663,0.9756010194621014,0.032813386930427464,-36.18954835323013,-0.9757479919043621,-0.21784040027439966,0.021481766237163386,-116.22087798808904,0.0281057149857506,-0.02735422301004332,0.9992305890500649,2.528868900947697
-0.21144430914961435,0.9770328493352938,0.026422031538019867,-36.38711235520424,-0.9770671333874219,-0.211992057086661,0.01997945449229128,-117.09716384785439,0.025121854264521595,-0.021591553843150653,0.9994511662362743,2.5638777956156344
-0.2063312706658251,0.9783037844060798,0.018683876733256687,-36.58357242275865,-0.9782280397663825,-0.20667518706957674,0.018847833863390576,-117.97117424017732,0.022300406089901796,-0.01438819203903911,0.9996477577354007,2.598264453957197
