'10':
  ARE: 0.001371964230005158
  ATE: 0.014483411415223359
  STD_ARE: 0.0010915673498582807
  STD_ATE: 0.012605579496695279
  nsecs_per_frame: 0.5831444025238189
  rot_err: 3.190629004094663e-05
  tr_err: 0.00536768339201481
AVG:
  ARE: 0.001371964230005158
  ATE: 0.014483411415223359
  STD_ARE: 0.0010915673498582807
  STD_ATE: 0.012605579496695279
  nsecs_per_frame: 0.5831444025238189
  rot_err: 3.190629004094663e-05
  tr_err: 0.00536768339201481
