'10':
  ARE: 0.0015779541233108642
  ATE: 0.0163013279608525
  STD_ARE: 0.0013502708538401752
  STD_ATE: 0.01358090754097634
  nsecs_per_frame: 0.31005708403035465
  rot_err: 3.522901119007617e-05
  tr_err: 0.005251704988807376
AVG:
  ARE: 0.0015779541233108642
  ATE: 0.0163013279608525
  STD_ARE: 0.0013502708538401752
  STD_ATE: 0.01358090754097634
  nsecs_per_frame: 0.31005708403035465
  rot_err: 3.522901119007617e-05
  tr_err: 0.005251704988807376
