0,1,2,3,4,5,6,7,8,9,10,11
0.999999999994749,-1.6750352515616795e-10,-3.575537331490519e-10,-2.607530857900997e-11,-1.6750352819193404e-10,1.0000000000004121,1.3708782273217529e-11,5.690123372481537e-11,-3.5755373835322235e-10,1.3708783465839918e-11,1.0000000000048386,1.1967732360673722e-10
0.9999307750407522,0.011708173865067352,0.001198913189831957,0.2882497739992899,-0.011704510790165336,0.9999269038076122,-0.0030191537258293143,-0.01830119684938309,-0.001234174904708475,0.0030049126537702187,0.9999947211516356,0.006838262323215008
0.9998259995517995,0.01859465270725347,0.001518551200891046,0.5810086222763536,-0.01858676503435251,0.9998145095749639,-0.0050512026790898515,-0.03414324630255293,-0.0016121964923676664,0.005022099895806433,0.9999860908732368,0.0116132939694933
0.9997852356523217,0.020722800707815132,0.00016202661947753476,0.8794276571836176,-0.020720886387780222,0.9997542254549687,-0.00787778391381326,-0.04961404603550808,-0.0003252374052502121,0.00787273625226715,0.9999689388927097,0.014076666332820757
0.9998170084616357,0.01905243427668104,-0.0017058879309399951,1.1852458396558314,-0.019067562408173092,0.999774571147501,-0.009337771872621418,-0.06183546106435388,0.0015275958824470244,0.009368592932264708,0.9999549203908632,0.016049026997123687
0.9999162714789691,0.012605387662840317,-0.002944595369281145,1.5007445252629368,-0.012639224374786664,0.9998508686524117,-0.011771872210469263,-0.07014712148846432,0.00279576646622992,0.011808105251015557,0.9999263598686193,0.01763171478366551
0.9999867198455968,0.0005646497701665247,-0.005123725230054461,1.8239977522744384,-0.0006365268590838927,0.9999013094321129,-0.014037469732005424,-0.07418599988034998,0.005115292575941572,0.014040548565999516,0.9998882707222903,0.020341184469595118
0.9998662241335918,-0.015499973545265548,-0.0052307800998076795,2.161682116503256,0.015428065354325431,0.9997895867579167,-0.013518151638830024,-0.06827743657086027,0.005439208951140671,0.013435640893846853,0.9998948891084911,0.02706181159706846
0.9993885120873611,-0.0346005387750654,-0.005032250006243129,2.516654747475417,0.03455393648789133,0.9993616866147071,-0.009069192764053635,-0.052128592083119554,0.005342837541706095,0.008889765471356658,0.9999462012979317,0.035663455947862445
0.9985153675499912,-0.05409351108716462,-0.006403254459335029,2.8756006318194434,0.054058316144328517,0.9985224170496849,-0.005548193821549504,-0.027569630782699188,0.006693913281212595,0.005193809306126644,0.9999641154003238,0.042128668845590495
0.9972256072810218,-0.07409982420432297,-0.007098756671486611,3.247627062416564,0.07406537486490002,0.9972408214787222,-0.004998331131600294,-0.0006635363646356335,0.00744954482584912,0.0044586917281926606,0.9999622712402558,0.04753811293497632
0.9954582168510265,-0.09497985253968175,-0.006467538603863921,3.631833081103552,0.094937341003587,0.9954614566330031,-0.006591120926171734,0.03193960412852497,0.007064207479362408,0.005947176843867198,0.9999573265159702,0.05208246990479126
0.9933556714680535,-0.11495402044495515,-0.005491017723444798,4.023834903683346,0.11490770466272707,0.9933429518988273,-0.008119101691077567,0.07621078332441066,0.006387787200523427,0.007434195848963784,0.9999519766331192,0.057939047170911834
0.9910980787601216,-0.1330344662045561,-0.005135980181155152,4.421172332901329,0.1329961936082409,0.9910904901100094,-0.007186358323973632,0.13943627471710446,0.006046253348303408,0.006439322839272366,0.9999609311298691,0.06566048078357807
0.9888615692499678,-0.14877672484341656,-0.0042758857183318455,4.8320617636152585,0.14875119260813033,0.9888577479432511,-0.005779511546941173,0.21175756504074222,0.005088098567832482,0.005079096215042133,0.9999740828067811,0.07349186061613736
0.986688194820557,-0.16255725715358876,-0.004644779190094272,5.253309285038486,0.16253449885240484,0.9866906678686503,-0.004913720597648672,0.29051629879630103,0.005381720598065569,0.00409337519184777,0.9999771373107926,0.08073384307787171
0.9845891576829433,-0.17480832613045152,-0.005125527929164764,5.688492421289471,0.17477641118151266,0.9845890126098062,-0.006134333963419625,0.37094105957627577,0.006118870610731675,0.005143978891890746,0.9999680297072506,0.08765879605130084
0.9827444225675305,-0.1848440349173692,-0.0067845101991763045,6.133869467580533,0.18477438776612715,0.9827325250616771,-0.0097588130626222,0.453084372882426,0.008471217043662025,0.008336818082752879,0.9999293523707925,0.0932576061750499
0.9812066553799973,-0.1927504640539181,-0.008985583246878292,6.5935161770125035,0.19266517521263882,0.981217988230978,-0.009562127217881078,0.5442798753628366,0.010659919618423025,0.007651215941083308,0.9999138563890249,0.09857376443350788
0.9797176685259109,-0.2000886316836344,-0.010856178241619748,7.064671449567086,0.20000052457655884,0.9797573102550514,-0.008678163653792186,0.6455884132850329,0.012372820378140102,0.006330908449594389,0.999903421219038,0.1054371161630569
0.9779827595928753,-0.20824982363082106,-0.013480698295010526,7.556122123993602,0.20813606770432969,0.9780549936146553,-0.009369603078382513,0.7496285603974816,0.015136085003967,0.006357492454945242,0.9998652467924694,0.11306629337102504
0.9762758643206794,-0.2160593093597863,-0.014273824208290709,8.050072201062388,0.21588083945609887,0.9763323424922059,-0.013063384207870302,0.8529167648613675,0.016758466789424883,0.009672022982916296,0.9998127931871145,0.12274911081475774
0.9744938079957992,-0.2239435265948075,-0.014531189831830245,8.564282823772409,0.22364695621884945,0.9744737016952818,-0.019572441484604134,0.9596967659309815,0.018543378716894737,0.015823364849389045,0.9997027903089185,0.13380075116837584
0.9724371604742507,-0.23265432121578408,-0.015423168644285548,9.086179635751446,0.2323250649402434,0.9724216411814427,-0.0205240385046518,1.0808736615212762,0.019772831379545445,0.016375153552830937,0.9996703983443059,0.14556761439130675
0.9702523615692271,-0.24115646593995013,-0.021307948964308945,9.618412061261678,0.24083617189785275,0.9704248701735305,-0.01653828197385894,1.2170836042647148,0.02466608532589566,0.010914586861366187,0.9996361682572413,0.15941052193951039
0.9679526833454805,-0.24981152777474927,-0.025725786032643763,10.160587535924556,0.24953265067907232,0.9682710674471454,-0.013584406902238718,1.3567786135547895,0.028303076384996146,0.0067296435820716274,0.9995767492073732,0.1798081505607825
0.9657222109543202,-0.25819697847039524,-0.02673744604985697,10.712387030163685,0.25785110266735356,0.9660566946308075,-0.015722792119859115,1.4919947236886388,0.029889474281982256,0.008289569514288334,0.9995187944148716,0.20704072464043405
0.9633191769680699,-0.26686237805513474,-0.02829707841033328,11.275247634019157,0.266403177104143,0.9636746890104524,-0.018984995690058338,1.6327504651168212,0.03233556786385814,0.010750180791625166,0.9994192340214771,0.23179707016358492
0.9610137398735596,-0.2747593995544505,-0.030982120491447634,11.843994149770463,0.2742882465843128,0.9614670316399931,-0.01863286159967798,1.785769205771482,0.03490783555902787,0.009408409832600164,0.9993462284864463,0.25471736630390457
0.9586057467764197,-0.2826067077840883,-0.03476273474201003,12.426763406940328,0.2821471070292597,0.9592100223116297,-0.017584005895306957,1.9522448835554405,0.038314119537317594,0.007047926361459433,0.9992408309119494,0.27990687604126413
0.9560879987979202,-0.29037592155922515,-0.03972003209707311,13.017893115280552,0.28984835746566207,0.9568922219648698,-0.018578642369354758,2.122395213142021,0.04340258185523162,0.0062500357410453745,0.9990380792372092,0.3053659378989464
0.9539759086927253,-0.29618395574078965,-0.04695830168715747,13.620805536018832,0.2955460267154319,0.9551159482970741,-0.020150120166018436,2.302650545898959,0.05081877370714185,0.00534438742574447,0.9986935430101994,0.3290524170230462
0.9522452455332157,-0.30026729292532395,-0.05539507660171417,14.234630199852052,0.29956984063592856,0.9538500357964923,-0.02068768586124378,2.4899196417549243,0.05905043615323112,0.0031050564166431025,0.9982501186702909,0.35091332507475403
0.9504642760650026,-0.3041176899759244,-0.06426553919355474,14.859753732258618,0.3034054204203766,0.9526344145424499,-0.020802323056432592,2.6856396988249958,0.06754793233138696,0.000273346789702659,0.9977160093925458,0.38166691301880573
0.9484925562945037,-0.3080521856106742,-0.07393105579651882,15.495833946436038,0.3074086154649827,0.9513628031946149,-0.020217146133008578,2.8882211008895338,0.07656319840297399,-0.003551232350470627,0.99705834051088,0.4169926539092167
0.9465663695303542,-0.3120357715353548,-0.08152141775602635,16.14406511639125,0.3114689133068311,0.9500478237276667,-0.01990789437949836,3.0978931594407233,0.08366122884661883,-0.006547240328682644,0.9964727067419775,0.4631873424970903
0.9443091621858267,-0.3167926246992617,-0.08900934034569369,16.815372377498587,0.31650878320807757,0.948425163215267,-0.017660400938231336,3.328923575354801,0.09001339528549794,-0.011495366612151055,0.9958741745989044,0.5192026667357804
0.9421048554747171,-0.3213729219679331,-0.0956966669014237,17.46307449449159,0.32128562322114396,0.9468343243611128,-0.016741615579727573,3.5577181236974598,0.09598920248372225,-0.014973608977123935,0.995269720164168,0.5808448815352285
0.9398544268928001,-0.32596791405232883,-0.10207164144985087,18.13663315220985,0.32623281026648193,0.9451772951583933,-0.014559295098650352,3.801827767569255,0.10122168437795195,-0.01961551326610856,0.9946704779488051,0.648803106124144
0.9377329835609693,-0.3305894183844675,-0.10661850970888082,18.82502181093497,0.3312488749621741,0.943467382157541,-0.01197987057326845,4.053689518604051,0.10455155812956267,-0.02408335099758974,0.9942278342814883,0.7205889596981514
0.935806610447506,-0.3353744537838612,-0.10858180493430529,19.52292307098817,0.3362719759610221,0.9417064791749236,-0.01048733337370411,4.3106229987236375,0.10576939661313567,-0.02669890715153307,0.994032210377569,0.7967483370525112
0.9336508762165299,-0.3414906418186366,-0.1080752427963363,20.234749247200416,0.3424203063231253,0.9394890917229859,-0.010416601102288611,4.570640448266052,0.1050927107919028,-0.027281707536609554,0.9940881320604827,0.8783996126280267
0.9314858725180639,-0.34776564962316564,-0.10673844321838043,20.953253280892707,0.34873492990209926,0.9371674810216175,-0.010053275283396699,4.838224378919837,0.10352798460787711,-0.027858930498882113,0.9942362464603168,0.960185775693868
0.9291049733073588,-0.35463917060710953,-0.10485702431079677,21.686089024570588,0.355588341176174,0.9345877796864058,-0.010133278736231901,5.1169030072514925,0.10159180380009257,-0.027871071675437068,0.9944356470062339,1.0422062964176182
0.9261763499548541,-0.36289211817110967,-0.10250173500586164,22.42276871005354,0.3638718099419216,0.9313991416518382,-0.009638767912706618,5.40241773787877,0.09896785985985117,-0.028370290363078213,0.9946861083933065,1.125821801535348
0.9233634267198665,-0.37137675571486034,-0.09736161461956164,23.176785458786913,0.372424195216919,0.9280293514803003,-0.007863233786941825,5.717703303589188,0.09327467179735764,-0.028999208075468397,0.9952180217998318,1.218510390051199
0.9203990446481545,-0.3797183454100804,-0.09316400534478743,23.916554079733764,0.3809922585889618,0.9245677200192833,-0.0044046024034964885,6.032340212330849,0.08780895421446754,-0.03144077784569597,0.995641035332561,1.3039668280331647
0.9170733557156215,-0.3882454629699626,-0.09078549329318115,24.670250592736323,0.3897943205252854,0.9209016832071247,-0.0007254073301888003,6.365772390646786,0.08388615646053017,-0.03472242492272234,0.9958701610772528,1.3906455557209538
0.9133941552345443,-0.39705870951248684,-0.08975253586807293,25.427760341129243,0.39870260450161193,0.9170801767839672,0.00042258868139301607,6.701325952169607,0.0821424870613719,-0.036170566971333556,0.9959639679814875,1.4695270161741207
0.9094155025275957,-0.40620306785659177,-0.08923324244245226,26.19247127806443,0.4078364121152959,0.9130549607279599,7.878369541338624e-05,7.048705248121799,0.08144286813967355,-0.03646422634588382,0.9960107367444432,1.5465036311375504
0.9055796315721611,-0.41482698066526974,-0.08856699146415893,26.962114675243868,0.4164653770590323,0.909151598963771,2.2320761892590944e-05,7.4039659352568465,0.08051157292299801,-0.0369053003972883,0.9960701694640667,1.6208603518724711
0.9017473596337188,-0.4233122190066164,-0.08751221099702246,27.73897727024109,0.42504334509148434,0.9051720907282751,0.0012716116930937063,7.774998352985507,0.07867533067501627,-0.03834316465795783,0.9961626496380049,1.6973541508593524
0.8981515014834665,-0.4313917785607896,-0.08500067526652505,28.521897855720646,0.43296923818013405,0.9014087387711183,0.0001366113436831089,8.150297092423065,0.07656142478018874,-0.036925375933808395,0.9963808597454142,1.7719656377067106
0.8945292883827842,-0.43955991190536825,-0.08126715289918278,29.31684699427728,0.4410541093142809,0.8974804063960218,0.0004854963372504012,8.540370663175256,0.07272228848583981,-0.03627751766723132,0.9966922052211927,1.845768954674864
0.8911962565455517,-0.4471282640232248,-0.07645699621179944,30.117767956541236,0.44862275242007,0.8937172137344579,0.002677456190887239,8.94331142249907,0.06713377032710023,-0.036686495829761356,0.9970692297199893,1.9157246627387332
0.8876659543031379,-0.4548246605487869,-0.07199803358885154,30.9249528954871,0.45618769692924255,0.8898790729865274,0.00282473948790557,9.35504443803878,0.06278478931821843,-0.03535204377717612,0.9974007727103337,1.9851255776387773
0.8839892314077701,-0.46227731617838064,-0.06973379366997665,31.738268812260998,0.46353236192309694,0.8860775496483181,0.0020661719378892614,9.776923103726743,0.060834417480591964,-0.03415035275944777,0.997563518943911,2.050388134199697
0.8807688080221112,-0.4685663119105916,-0.06849736540228049,32.55770025727192,0.4697244809353672,0.8828125612984733,0.0009119000408591251,10.209907216962062,0.060043056696126994,-0.03297806767756927,0.9976508306794148,2.1106795216701415
0.8776706765463496,-0.47454790768627053,-0.06707095675763021,33.38496804834322,0.4757057144548958,0.8796033119173745,0.0014778077230194237,10.656722116503934,0.058294548795232576,-0.03320306559556798,0.9977471115362752,2.1707468654636264
0.8748137217098356,-0.48009590151259374,-0.06487644836441804,34.22235312230565,0.48113561540915145,0.876646051918506,0.00045987168485431924,11.111830747172212,0.05665290673425303,-0.03161667851723579,0.9978931263716577,2.2311755831049855
0.872150919494891,-0.4850096920135825,-0.06417466605038664,35.0694430563305,0.4859617086454354,0.8739796774535059,-0.0008835498847057982,11.578929897311363,0.056515885480037276,-0.030415842501227218,0.9979383030516024,2.292299175129317
0.8699743182680248,-0.48886456947296064,-0.06446833594761608,35.918864144091984,0.48977498505505324,0.8718468291853197,-0.001913362965586338,12.052838737667358,0.05714189075913313,-0.029910403293764227,0.9979178525466551,2.351892215765863
0.8685284694475346,-0.49131837628051134,-0.06530358847202354,36.79818712670436,0.492266815184353,0.8704425607008681,-0.0017865890169956257,12.54014150088362,0.057720811695780326,-0.03059509025439679,0.9978637698515962,2.4154808784424744
0.8681547950492311,-0.4921330692220066,-0.06412670893165556,37.69389305089719,0.4930584517312429,0.8699947188827358,-0.0015923682821024413,13.033467518740595,0.0565735636078017,-0.030235802446389827,0.9979404860680324,2.4812565929095767
0.8681333625275446,-0.4923670228516864,-0.06260406319942648,38.595804412897216,0.4932717659303127,0.8698745440932262,-0.0011481850720501821,13.527489131540108,0.055023019032608415,-0.02988404206332748,0.9980377933792285,2.5491665242931787
0.8679484290311916,-0.49285580307488147,-0.061308002409552004,39.50775864962914,0.49366284350155615,0.8696504270309147,-0.002256826346878108,14.030086865857617,0.0544288293974838,-0.02830667964811604,0.9981163439378928,2.615324512536298
0.86728477547626,-0.49408403655985655,-0.06081218919977832,40.42539560577194,0.494777617460209,0.8690098627755352,-0.004124603571688914,14.545792916304707,0.05488429414226105,-0.026511303372952773,0.998140661748204,2.6800140784878677
0.8661750545038447,-0.4961021468763542,-0.060194153209817025,41.349336895870685,0.4966390576459128,0.8679309630516824,-0.006746548667960722,15.069423372457265,0.05559135600818487,-0.02405107606615778,0.9981638824444723,2.745410308781638
0.8646906888985751,-0.49894154227441645,-0.05802980229370168,42.27655772223341,0.4993998426043845,0.8663403786364461,-0.007354910312114026,15.598967381355429,0.05394324052372257,-0.02262035193323268,0.9982877324649786,2.8116937851101933
0.8628347632000462,-0.5026145513009623,-0.05380394917073965,43.20305151428978,0.5030358925314741,0.864241944131044,-0.00638755013965322,16.13367111581571,0.04971010434178994,-0.021553922431280476,0.998531092668909,2.87848209966453
0.8602249057895152,-0.5075531069382797,-0.04902090988003797,44.12617459265101,0.5078632871968287,0.8614106320197235,-0.006832212145632358,16.669547946165107,0.04569483796229963,-0.01901868051264909,0.9987743621907612,2.943488942514054
0.8564378606914979,-0.5141502492836534,-0.0465159340959831,45.043667055677304,0.5144275253848741,0.8575075344789527,-0.006718852105552596,17.212431824607126,0.04334227264335034,-0.01817480343166844,0.9988949048295491,3.006910482405243
0.8511148133928259,-0.5228348865877925,-0.04740597959566831,45.95396792097892,0.52297915984659,0.8522832361868629,-0.01029668218323622,17.76136367233026,0.0457867934756915,-0.016028685718721895,0.9988226504203112,3.0672273016076828
0.8448826563774516,-0.5326834459800076,-0.04921051172137626,46.86645360464475,0.5326729360093351,0.8461982964240817,-0.014421486399884078,18.328252312538805,0.04932394147700513,-0.014028644271178193,0.9986842471984662,3.1276493886881522
0.8387194012274726,-0.542370142983472,-0.04882956235859399,47.76617820952714,0.5423385526878833,0.8400253225752329,-0.015048157273934054,18.91577674816684,0.04917975076349297,-0.013860970360335187,0.9986937761972938,3.1846029537333647
0.833070383247503,-0.5513242410623803,-0.0451158048050711,48.65812219440019,0.5514061050646619,0.8341544708823363,-0.011735065880831218,19.52144749688295,0.04410338415927394,-0.015100991334823751,0.9989128458701598,3.239176362710025
0.8280167282701255,-0.5590970464524266,-0.04241190331900142,49.54412640454267,0.5593587978331549,0.8288999327453573,-0.0065326843978659125,20.128125605778948,0.03880763173850945,-0.01831429350781299,0.9990788389845163,3.295146231142301
0.8237274255601847,-0.5652703746145201,-0.04407493952442127,50.41033573260635,0.5655750734331383,0.8246718369218704,-0.006418504359798066,20.747162948334477,0.039975557991087575,-0.019640589202732327,0.999007537517944,3.346009857784168
0.8199152347131221,-0.5704222639840322,-0.048554595280619506,51.27407577969278,0.5706973860507853,0.8211071853157287,-0.009356573305424446,21.361285589910285,0.04520572632845559,-0.020038378452312027,0.9987766799711482,3.4012043525941333
0.8166290377574441,-0.5744423275283048,-0.05597437327432304,52.129761497004644,0.5747789961457466,0.8182278974812792,-0.011495696388657103,21.98123077981748,0.05240341436103737,-0.022785176464721876,0.9983659647612756,3.4585311978822793
0.8132275452620414,-0.5792290834862527,-0.0561664543004419,52.994502189466246,0.5795492332458364,0.8148477331400262,-0.012074184734637589,22.60419620907291,0.05276083317863439,-0.022732171418418864,0.9983484215979317,3.519427829233998
0.8098889738252864,-0.5841204268894771,-0.05369460151716334,53.85763965550641,0.5844300407884191,0.8113643720628022,-0.01138033634082586,23.23531636007493,0.05021337956786038,-0.02216393349850778,0.9984925541119108,3.584747867611173
0.8069276402247871,-0.5886374891539098,-0.048721406938049314,54.72326813325718,0.5890000011626361,0.8080927191488609,-0.008072906091880137,23.8731662215789,0.044123437785639034,-0.02218265790508835,0.9987797406263517,3.6473041575429135
0.8039571677063398,-0.5928794383291417,-0.04633405117140721,55.58580116171598,0.5932656589710011,0.8049813205094088,-0.006403499773999272,24.51425217278641,0.04109455598487667,-0.022340260800465354,0.9989054117842509,3.7010993382667183
0.8008094633326579,-0.5970509308742766,-0.047269612767122764,56.444912949305845,0.5974766365308061,0.8018631915887384,-0.006098311317648455,25.159988817229163,0.0415447670915006,-0.02335889965194084,0.9988635450786034,3.7463251008565046
0.7971871915867921,-0.6017641300450612,-0.04870901072374287,57.30440919922136,0.6021770672385591,0.7983287510921611,-0.0073439807847085654,25.809876958342006,0.04330515828842289,-0.023476928535947038,0.998785957321047,3.7955577408496595
0.7930311307391384,-0.6071220645991084,-0.05004400962021676,58.15201611654852,0.6074557932573524,0.7942906633157273,-0.00999134713419017,26.466634900759626,0.04581546623463434,-0.022476078851140485,0.9986970059451342,3.842262650872963
0.7886034323865687,-0.6128688578750374,-0.049963377647834914,59.00453586926619,0.6131422596719474,0.7898894187737333,-0.011457698752050757,27.136176544751624,0.046487614788644625,-0.021599088416844842,0.998685348839698,3.8932557885002397
0.7841413925966427,-0.6186563690043524,-0.04885339709573506,59.83880875546732,0.618920166462508,0.7853718594641063,-0.011348284349863793,27.80943583375255,0.04538877813739612,-0.02133769916701677,0.9987414479392511,3.949143024947376
0.7792017896164313,-0.6249023464826879,-0.04839132380960313,60.67745185378783,0.6251832309201744,0.7804010123999131,-0.010962443323977963,28.490608023614236,0.04461510051962928,-0.021711497939118186,0.9987682979836556,4.010684111254669
0.7737567662206487,-0.6315793795439391,-0.0490703073251973,61.5106440812133,0.6318230536745993,0.775014354007334,-0.012344121512247294,29.182460562852174,0.045826486680322964,-0.021452403935434856,0.9987189797720174,4.071444391786282
0.7681808414276848,-0.6383243473171223,-0.04939899071494155,62.34533480167331,0.6385085719028567,0.7694870854172609,-0.014012465418648729,29.8818794067704,0.04695638672273794,-0.020777577916926592,0.9986807731550544,4.131453605730455
0.7624772835926132,-0.6451062444318308,-0.049662280338054456,63.174533717396315,0.6452552218862705,0.7638173823262933,-0.015120055653931444,30.59033432464523,0.04768695339444706,-0.020516151267789665,0.9986516340810935,4.192320227938972
0.756704580813844,-0.6518426650277672,-0.049993625524804804,64.00084677680503,0.6519394461952288,0.7580894858953929,-0.016591039633627215,31.306432797499788,0.04871439654105445,-0.02003830403280527,0.9986117332907626,4.254975588571985
0.7504376430286755,-0.6590116991605198,-0.05046685968250033,64.83370367386074,0.6590264824285121,0.7518870639569836,-0.018707735574063356,32.04090451940229,0.05027400250555908,-0.019220003267001493,0.9985504930143405,4.318708560965518
0.7442155728826293,-0.6661060631188795,-0.049455656587547026,65.65796068456767,0.666075984561532,0.7456291252083554,-0.019491953561151926,32.77974163185974,0.0498592885695749,-0.018435009613817607,0.9985861019090149,4.382344710028659
0.7379800594076391,-0.6731287249541515,-0.047782474775254755,66.46591454743132,0.6730608520595218,0.7393190574028512,-0.0199108817997509,33.51707159014096,0.048729082287573916,-0.01746667895762295,0.9986592831895091,4.447019735310892
0.7315400917416813,-0.6802043036214539,-0.04659675595610345,67.2705002151261,0.6801254981376835,0.7328235458978212,-0.019972628512898216,34.28399212709249,0.047732675311142385,-0.017080867825648972,0.9987140623604969,4.517397556016575
0.7250689272939213,-0.6871338601601,-0.04606614400616649,68.0710890288793,0.6869604846501797,0.7263614523319948,-0.02200794561129298,35.058430420025346,0.04858307276369072,-0.015688347109252404,0.9986959203740834,4.586841530220931
0.7184189356392098,-0.6940175301471164,-0.04705275095551116,68.86613311730494,0.6937860032770948,0.7197894789713744,-0.02374909510127298,35.85188759586659,0.05035037190471245,-0.015582739188304953,0.9986099853894154,4.663036314851976
0.7122824384801048,-0.7002543154822453,-0.04793296107308902,69.66101064786417,0.7000772481541743,0.7136902270932205,-0.023197542247609858,36.65177265049379,0.05045347039905023,-0.017033572600995698,0.9985811344266743,4.735562692372631
0.7068129593773887,-0.7058139230789657,-0.04735119586387442,70.45385560830924,0.7056761543476023,0.7081794599554827,-0.022425603032843,37.46847971373547,0.04936145351289786,-0.017563902946563282,0.998626480667128,4.812540786896655
0.7017588018908696,-0.7107941477908079,-0.04802277637323929,71.24803272652807,0.7107021958507246,0.7031506705856092,-0.021944935838384933,38.28211467192166,0.04936558717346301,-0.018729840454295058,0.9986051275235207,4.890444045995413
0.6967755349388204,-0.7156450073535003,-0.04853965681326891,72.0380645975142,0.7155159866350091,0.6982150841336445,-0.023075839385310663,39.10462221306828,0.05040523839252514,-0.01865222335067002,0.9985546809275349,4.971094527214927
0.6913986944779054,-0.720692817165497,-0.05069204955981579,72.82585809953699,0.7205239557072043,0.692984646591502,-0.024850627274396454,39.93343987939459,0.053038480337253495,-0.019343142805217838,0.998405058930592,5.0486435044602285
0.6861692843506203,-0.7255694436156064,-0.05215983878311172,73.61209962503416,0.7253003626853926,0.68788613610541,-0.027423575822976463,40.77082684533418,0.05577774521135273,-0.019014333270739033,0.9982620795439694,5.12758252984576
0.6809950343043486,-0.7303638952072605,-0.053051360351094014,74.39472418042692,0.730073068913159,0.6827816482513243,-0.028330256442901273,41.62137555406814,0.056913898580669725,-0.01943860373797113,0.9981898174443267,5.206138445953104
0.6760791895946712,-0.7350157311930796,-0.05166124636870285,75.17183283600008,0.7347534374296953,0.677774547041896,-0.027552208892884802,42.48520401979892,0.05526598467468806,-0.01933080227630424,0.9982844633634319,5.283111857782424
0.6709678205768174,-0.7397710630094891,-0.0504069543955754,75.95345525967157,0.7395058568886116,0.6725930089457147,-0.027381912695950326,43.350834357401986,0.05415972515380763,-0.018903853913068674,0.9983532704774669,5.368499837708987
0.6658604191411855,-0.7444232731354531,-0.04963916617077875,76.73138910261606,0.7440860055464362,0.6674691901211586,-0.02865024943922395,44.22162291505143,0.05446053318676645,-0.017858749638000052,0.9983561907376548,5.445672733109402
0.660971015059643,-0.7488111316855416,-0.04898179480437015,77.50320056305027,0.7484188201641646,0.662563765095794,-0.029641879531520775,45.09805037570787,0.05464973664455995,-0.017066472618301565,0.9983597198445623,5.522503389970894
0.6564823326676444,-0.7528085293850598,-0.048065656632591436,78.28035484005785,0.7523482399660651,0.6580461997663488,-0.03077933447157564,45.98859399142719,0.05480036619724742,-0.015956020090950342,0.9983697675660061,5.599294222396611
0.6526294573778945,-0.7562140295416204,-0.047064579629208125,79.05738010911338,0.7557110222886648,0.6541509784245925,-0.03142151415300537,46.88713982286363,0.054548733787516415,-0.01506062487701608,0.9983974641975124,5.6746405366961294
0.6487128476533048,-0.7596900808866431,-0.045196231471449924,79.83233144607242,0.7590505848559881,0.6501647976689787,-0.03358365073646233,47.78878743375008,0.054898173949212106,-0.012520086516690085,0.9984134546777164,5.750387271466729
0.6444040726086456,-0.763392775236249,-0.044439364855675144,80.60107613301471,0.7624823636823042,0.645869657659443,-0.03838004174939382,48.698402401727165,0.05800108894710554,-0.009151980804682353,0.998274569731911,5.831825865652958
0.6394350116377878,-0.76767314207643,-0.042436345074076585,81.37304920780393,0.7664681342871164,0.6408232089402116,-0.04326985925272975,49.61835023678735,0.06041130353623827,-0.004857846235263021,0.9981616794220003,5.91930406194494
0.6331628244443926,-0.7730700606414431,-0.03830874682102858,82.13909646314579,0.7716259837768755,0.6343205832832048,-0.047231097211726976,50.539816329391726,0.06081297941887477,0.00034495529249506905,0.9981490922724024,6.010724322611146
0.6249246251288884,-0.7799275490946204,-0.03438434631821362,82.9004896317791,0.7782959614166431,0.6258506843391554,-0.05065831120372729,51.47439394274574,0.061029286508813806,0.0048964339061066346,0.9981239905319563,6.100384891723015
0.6159260484473291,-0.7872102234183012,-0.030582446922214443,83.65596961121076,0.7855083609179617,0.6166296623689397,-0.052387866131156806,52.42461188610967,0.06009830729793958,0.008244281690593214,0.9981583891837312,6.1898600629727385
0.6070754793702972,-0.794150530271208,-0.028008069196964306,84.3996914203945,0.7925749002434241,0.6076602753515942,-0.050733484323565316,53.39106520109042,0.057309415578071864,0.008600561851378637,0.9983193452781084,6.278999587068913
0.5979418430642824,-0.8010698272393424,-0.027435679192664014,85.13211970691056,0.7995245833085153,0.5985146707482669,-0.050404033035522176,54.368896583689924,0.05679780467456239,0.008203187536842963,0.9983519861874506,6.366270200508489
0.5882252095019603,-0.8081707277323164,-0.029176720514577197,85.85295391892835,0.8064983250578615,0.5889026202307628,-0.05248079466980043,55.35729257430981,0.059595691336023396,0.0073395530710605944,0.9981955702672769,6.4505813372766285
0.5781635556961232,-0.8154120824303619,-0.028809465845292846,86.56627669203787,0.8136359029870264,0.5788256092960239,-0.054383045448558404,56.35574130634315,0.06102025258979265,0.008001883074375238,0.9981044350078527,6.53640554709669
0.5681848102030249,-0.8223932510859525,-0.028902292375142653,87.27085706654702,0.8205131913570626,0.5688602478854793,-0.05617982460318941,57.365867143977574,0.06264327293770627,0.00820581875712295,0.9980022419114958,6.626480288340407
0.5580643866079761,-0.8294039101148944,-0.025560721810549244,87.9694743890432,0.8275031622524425,0.5585463452913697,-0.05713669720391342,58.383147389440445,0.061666246230940566,0.010734386677977718,0.9980390681006547,6.720144006122442
0.5476169544212044,-0.8364136561463796,-0.022976260085139828,88.65841864899988,0.8345417201412519,0.5479636499747522,-0.057236185800893145,59.414350778287826,0.06046328673586092,0.01216886589161938,0.9980961956040437,6.815459202843728
0.5371573900730127,-0.8431945932146323,-0.022019694685817603,89.33255986487318,0.8413191761060185,0.5374656509819612,-0.05755635412221737,60.45769560397365,0.060366043284282404,0.012391230673513083,0.9980993589450265,6.906298899610505
0.5267174570323725,-0.8497422133637454,-0.02251738300506157,89.9951123883842,0.8477825439727763,0.5270634962500195,-0.05889762610438455,61.5111894400925,0.06191589234792463,0.011932563906649563,0.9980100467176084,6.997907955535413
0.516419037684943,-0.8560048368398602,-0.02381261172540789,90.64606080336381,0.8539769056408061,0.5168598697090585,-0.059827319810434494,62.58057989687728,0.06352026449309749,0.010560555960728017,0.997924692605999,7.091615400451791
0.5063182438937641,-0.8619842397826902,-0.025000605271395075,91.28246602773184,0.8599003825626962,0.5068519074283242,-0.06060157160720142,63.65253907523548,0.06490920169311819,0.009185657333923326,0.9978488486779119,7.1868012226869755
0.4964744876592866,-0.8676843743753535,-0.025237693400230937,91.91394625709184,0.865600414554893,0.49704673186439613,-0.06066732741487471,64.74552725829534,0.0651844066540157,0.008274032152579686,0.9978388804763179,7.282349803422153
0.48757569653005334,-0.8727346372344796,-0.024581436342140158,92.53538732492134,0.8707802619304402,0.4881407307800839,-0.0588246699049966,65.84711516966031,0.06333753190752937,0.007276460460300166,0.9979655726898629,7.378713163897649
0.4795052056827931,-0.8772511339082932,-0.022479402846102003,93.14929081190685,0.8754413888559908,0.4799722038386712,-0.05682415079440508,66.9572054410749,0.0606385451190145,0.0075680818151699965,0.9981310904785355,7.474136490674357
0.47185816298778,-0.8814043050473315,-0.021824065959125796,93.75339039198569,0.8795787814271324,0.4722980737107857,-0.057234087010797775,68.07372657711046,0.060753841253114865,0.00781039367971321,0.9981221633014343,7.567608519373539
0.46424122585752003,-0.8854627156698336,-0.02087936415981112,94.34910261794778,0.8834424712803105,0.4646099778514847,-0.06055579486087929,69.19257936209293,0.06332066134014964,0.009666784338885813,0.9979463962909954,7.65965930660022
0.4572424576662598,-0.8891371423449251,-0.019093046748846494,94.93883439490624,0.8869199216220386,0.45747538872759486,-0.06394798746697342,70.31890054976907,0.06559313051569499,0.012305731121151145,0.9977705536061452,7.752911036373915
0.45105572244380554,-0.8922951503723173,-0.018923445887246496,95.51833755223551,0.8898885308150991,0.4512564421535676,-0.06682781803673003,71.44911904336149,0.06816947439983437,0.013303313008371197,0.9975850354026268,7.851514542998071
0.44558983507063143,-0.895050917461077,-0.018263794374332214,96.09311372942165,0.8924054794882808,0.4457092843325655,-0.07039722312771225,72.58512780952762,0.07114944972125704,0.015069582435672618,0.997351780596803,7.953722850609427
0.4409223324710129,-0.8974128200432867,-0.015421036704601024,96.657430368569,0.8947391751619848,0.44083644854677473,-0.0714494665469268,73.71434671488734,0.07091782754552019,0.0177058673006081,0.9973250189822126,8.0574524714024
0.4367637438493106,-0.899491418073036,-0.012358326602634006,97.21813880770843,0.8970491154176683,0.43652473393798485,-0.0689131012379517,74.85213344019954,0.06738146060842254,0.019012728312409147,0.9975461222127047,8.163629789149173
0.4330505967270075,-0.9013391397390397,-0.007412245616218585,97.79318480595191,0.8991285311669486,0.43253883451406144,-0.06691836816753155,76.02711817675784,0.0635222370147982,0.022314490790602205,0.9977308687589314,8.269189811693014
0.4297919271005037,-0.9029141802619627,-0.005004800882370786,98.3216250991099,0.9007959622273343,0.4291511153446791,-0.0663013489697353,77.12085362481761,0.0620122435039896,0.02398749078851878,0.9977870575548173,8.363825643166015
0.4269659912813197,-0.9042621724428959,-0.0031723767127918223,98.86121353228312,0.9021624931965887,0.42620858146112617,-0.06670108567935652,78.24967089411555,0.06166736885386401,0.025617105475812058,0.9977679272575539,8.45980289523712
0.4244462177584675,-0.905453039469535,-0.0005031128796871081,99.39608361808475,0.9034810354898833,0.4235583540527292,-0.06572876957198877,79.3757463876049,0.05972741393363593,0.027443784705834487,0.9978373281888031,8.554015910626845
0.4221603072478972,-0.9065195729186771,0.0017144743470118924,99.92591588745704,0.9046666217174809,0.4211750094751044,-0.06472958375193956,80.50146540376596,0.057956548229001544,0.028877301885616775,0.9979013832769982,8.647332875091042
0.42006948528200094,-0.9074819651513514,0.004266420098663106,100.45312972377471,0.9056405262501521,0.41890766112356914,-0.06581468278717315,81.61648425643719,0.05793840907159108,0.03151059630836636,0.9978227535944298,8.732376112773263
0.4175571084866994,-0.9086267698609453,0.0065881616523326934,100.96273050150472,0.9068401340178427,0.41625663888384096,-0.06611662118371422,82.71434064098705,0.05733297182980621,0.03358188673868412,0.9977901526294596,8.824694284279017
0.4150990953474532,-0.9097137847790889,0.010658724635537955,101.4664289072883,0.9081082137865975,0.41360054066771706,-0.0653760910811174,83.80302368289641,0.055065077902145036,0.036816836969209926,0.9978037639848301,8.917592651750175
0.41300646438746974,-0.9106343326443402,0.013066293729727039,101.96075119535219,0.9091517136960615,0.4114054696993089,-0.06471950135286753,84.89226164504161,0.05356026398469453,0.038608835272842826,0.9978179659132217,9.005605475606064
0.4112136187820039,-0.9114098896619041,0.015341501543921826,102.44321558995844,0.9099742542993158,0.4094638816206519,-0.06546947712034706,85.97534597026709,0.05338774395414538,0.0408823292373546,0.9977365995973446,9.087429605792805
0.40993544908059093,-0.9119709945538524,0.016183532154829643,102.9224842791356,0.9104898348769086,0.40808224413355393,-0.06691196087282475,87.04708324451744,0.05441755926755795,0.04216454273825382,0.9976276067858557,9.16944305665749
0.4093278883035038,-0.9122501325771247,0.01582341268454952,103.39262747220033,0.9106864433310498,0.4074448717344568,-0.0681093625218858,88.1078051050316,0.055685616324799965,0.04228923197223553,0.9975523399620398,9.25260250360703
0.4096041759405435,-0.9121491626023409,0.014431521283750734,103.84649225968096,0.9104979717331267,0.4077767458909976,-0.06864074997324998,89.16380761786672,0.05672577725197642,0.0412554216942335,0.9975370781684594,9.336103575509947
0.4115394187352718,-0.911312873825632,0.012008785992472858,104.29430451832015,0.9095802758077829,0.40985530548835136,-0.06842845041399513,90.2087728904905,0.05743786830760604,0.03908397281404851,0.9975836757763774,9.419056056781608
0.41566052583956065,-0.9094735594254578,0.009173837304549426,104.74785213046613,0.9076434039489197,0.41413437816064974,-0.06838192416846818,91.24441381049432,0.05839235630843403,0.0367502521485299,0.9976169959997903,9.503156112946922
0.4207032960945789,-0.907172124659623,0.006888018835929922,105.20571138916343,0.9052545605640514,0.41929309791160874,-0.06861037435136925,92.27127086023565,0.05935332739214764,0.03510003847745134,0.9976197059938131,9.585916438667653
0.42645592827272905,-0.9044903359480351,0.0057100099020507816,105.67734777726922,0.9025354868340671,0.4251006748579965,-0.06869596285322008,93.29096865890388,0.05970750391294788,0.03444929562085092,0.997621296869275,9.659825438472193
0.4333210457025318,-0.9012274903413612,0.004671250573721302,106.15502426337117,0.899318441384448,0.4320533799650312,-0.067499869086728,94.30253685100811,0.058814520050546756,0.03345007158699802,0.9977082743324377,9.736129172620887
0.4413668232866208,-0.897321199609535,0.0031816202954489626,106.63754683963226,0.8954732184446434,0.44022451136371143,-0.0658036177505045,95.30636650881262,0.057646361168186756,0.031892603120519704,0.9978274653496684,9.81023780344875
0.45018503343259786,-0.8929321598583436,0.002370736019979272,107.13005620736395,0.8910935011903269,0.44908449743476314,-0.06538722669134478,96.30177445507702,0.05732169782821477,0.031548915379277405,0.9978571691326393,9.884974686521538
0.45963385798774803,-0.8881075803398109,0.0012778365300980194,107.63060716166095,0.8862794524458236,0.4585943993694972,-0.06480612933674346,97.28881407365206,0.05696881359440207,0.03091961460367984,0.9978970426427555,9.95761698657245
0.46938041221606946,-0.8829957333376031,-0.0007659285747165751,108.13728780178245,0.8810989234082582,0.46842862945164837,-0.06510977056579906,98.26354167635141,0.057850444289479074,0.0298864035325405,0.9978777583322829,10.033174917167676
0.4797803640406195,-0.8773780380381422,-0.004319212749827426,108.65669981732393,0.8752973362892955,0.4789707213897576,-0.06664553516185652,99.22681486149261,0.06054211277756672,0.028194637969947235,0.9977673145696235,10.10527816291775
0.4910457148835599,-0.8711011169903108,-0.007544084215209126,109.19411291380196,0.8689089658318426,0.4903917485152156,-0.06717935042900258,100.17628571871514,0.062219571045641665,0.02643301718491594,0.9977123366012253,10.17567868390318
0.5031344377095524,-0.8641512736838828,-0.009911743003383097,109.74608048217216,0.8620074150823013,0.5026381800865773,-0.06555965655133261,101.1220364270224,0.061635485118781905,0.02444133719837899,0.9977993822038712,10.241924460619678
0.5158894177807773,-0.8565842427091797,-0.011026855790893464,110.31110082157481,0.8546014361032259,0.5155007760723014,-0.06257272801624916,102.05974671853402,0.0592831744399849,0.022857047887670456,0.9979795061469224,10.307546512802887
0.5283876479826325,-0.8489256458362052,-0.011479321887967388,110.8885262545506,0.8470830394820854,0.5280532494123608,-0.060084196611796224,102.98534385683885,0.057068708718560845,0.022023812272687602,0.998127302605008,10.371666633321334
0.5403012401971232,-0.8413921998021201,-0.011566883801578326,111.47148693759718,0.8395840579260543,0.5399585496794338,-0.05952697031917105,103.90106098203499,0.05633117100601336,0.022451135440841763,0.9981596101234442,10.424628201168058
0.5518440184929801,-0.833854380400325,-0.012448566491227348,112.0642075046591,0.8320082003258766,0.5515168890744331,-0.059927911661987486,104.80549111465706,0.05683675231093972,0.022713552901655422,0.9981250924325881,10.479676138435996
