09:
  ARE: 0.0011883491831319783
  ATE: 0.016280851322652345
  STD_ARE: 0.0006742156606196389
  STD_ATE: 0.008862860557874492
  nsecs_per_frame: 0.1027497053895635
  rot_err: 5.02110298475177e-05
  tr_err: 0.011209691748075245
AVG:
  ARE: 0.0011883491831319783
  ATE: 0.016280851322652345
  STD_ARE: 0.0006742156606196389
  STD_ATE: 0.008862860557874492
  nsecs_per_frame: 0.1027497053895635
  rot_err: 5.02110298475177e-05
  tr_err: 0.011209691748075245
