0,1,2,3,4,5,6,7,8,9,10,11
1.0,0.0,0.0,0.0,0.0,1.0,0.0,0.0,0.0,0.0,1.0,0.0
0.9999987,0.0006105708,0.0015081039,0.7839506,-0.0006142774,0.9999968,0.0024585444,0.01148637,-0.0015065979,-0.0024594676,0.9999958,0.01185012
0.99999785,0.0007821618,0.0019376402,1.5541184,-0.0007921385,0.9999864,0.005153525,0.01632544,-0.001933583,-0.005155049,0.99998486,0.022487473
0.9999978,0.0012190859,0.0017092057,2.3097787,-0.0012303257,0.9999775,0.006590512,0.018886158,-0.0017011327,-0.0065926,0.9999769,0.040783297
0.9999981,0.0014081129,0.0013487209,3.0501294,-0.0014195445,0.9999628,0.008512852,0.023494862,-0.0013366836,-0.00851475,0.99996287,0.048113897
0.999998,0.0016548496,0.0011774777,3.7653484,-0.0016650846,0.9999605,0.008745218,0.029640343,-0.0011629589,-0.0087471595,0.99996114,0.06336943
0.99999547,0.0022460315,0.002043197,4.464325,-0.0022638268,0.9999593,0.008749274,0.026266621,-0.0020234627,-0.008753857,0.9999597,0.07736731
0.9999868,0.002490815,0.004512128,5.1412683,-0.0025339546,0.99995106,0.009580471,0.029043121,-0.004488044,-0.009591775,0.999944,0.08676561
0.9999558,0.003873358,0.008577123,5.799768,-0.0039523877,0.9999499,0.009216318,0.029357877,-0.0085409945,-0.009249808,0.9999208,0.09390106
0.9999125,0.005009835,0.012252959,6.4361906,-0.0051150094,0.99995035,0.008567354,0.025403053,-0.0122094285,-0.008629275,0.9998883,0.10702855
0.9998759,0.006028242,0.014562799,7.0369496,-0.0061410856,0.99995154,0.007716523,0.023104915,-0.014515574,-0.007804993,0.9998642,0.11499608
0.9998657,0.00745025,0.0146039985,7.6205916,-0.007564095,0.99994147,0.007755764,0.016802585,-0.014545359,-0.007865184,0.9998633,0.121915445
0.9998883,0.008252068,0.012472701,8.172509,-0.008364242,0.99992496,0.0089682145,0.02026274,-0.012397757,-0.009071533,0.99988204,0.12920709
0.9999105,0.009448362,0.009496426,8.694298,-0.009532648,0.99991536,0.008869902,0.016332341,-0.009411816,-0.008959629,0.99991566,0.13120829
0.9999088,0.010935144,0.007947218,9.192652,-0.010993271,0.99991304,0.0073077227,0.009199394,-0.007866615,-0.0073944186,0.99994177,0.13214743
0.99989974,0.012911757,0.005839984,9.664611,-0.01293464,0.9999089,0.003897711,-0.0014010961,-0.005789126,-0.003972856,0.9999754,0.14483052
0.9998777,0.014917728,0.0047443844,10.103794,-0.014927236,0.9998869,0.0019753873,-0.0075291707,-0.0047143796,-0.0020459641,0.9999869,0.16700774
0.9998522,0.01696305,0.0028999364,10.5071335,-0.016979579,0.9998394,0.0057730335,-0.002934895,-0.0028015436,-0.005821416,0.99997926,0.16377907
0.9997993,0.019951196,0.0019532773,10.89848,-0.019969549,0.9997521,0.009875929,-0.004340625,-0.0017557581,-0.009912949,0.99994946,0.1665139
0.99972904,0.023126751,0.0027254652,11.247288,-0.023154525,0.9996755,0.010642924,-0.013557337,-0.0024784459,-0.010703144,0.9999398,0.16374812
0.9996476,0.026326066,0.0034667135,11.569954,-0.02634905,0.9996302,0.0067609185,-0.03000911,-0.0032874441,-0.0068498785,0.9999713,0.17469019
0.99957174,0.02907788,0.0033563096,11.855674,-0.029084101,0.99957556,0.0018198942,-0.04426482,-0.0033019674,-0.0019167294,0.99999285,0.18607138
0.999498,0.03135826,0.0045671193,12.111994,-0.031351645,0.99950755,-0.0015136808,-0.058381066,-0.0046123373,0.0013697338,0.9999886,0.19352403
0.9994171,0.033673618,0.005652757,12.347422,-0.03365884,0.99943,-0.0026897169,-0.06604862,-0.005740108,0.0024978833,0.99998057,0.1953491
0.9993467,0.035840783,0.004702449,12.551279,-0.035833735,0.99935675,-0.001575372,-0.07329003,-0.004755887,0.0014058362,0.99998784,0.19774272
0.99927026,0.038040668,0.0035075815,12.731848,-0.038039338,0.99927634,-0.00044591376,-0.0776053,-0.0035220073,0.0003121622,0.9999939,0.20449303
0.9991723,0.04058871,0.002782118,12.9121895,-0.040592644,0.999175,0.0013704563,-0.08269456,-0.002724199,-0.001482255,0.99999535,0.2076409
0.99910206,0.0423147,0.0022147358,13.076031,-0.0423238,0.9990952,0.00423467,-0.08814704,-0.0020335445,-0.004324603,0.99998873,0.21178459
0.999052,0.043525103,0.0010127488,13.227043,-0.043529868,0.99903846,0.005278201,-0.08868709,-0.00078204233,-0.005317281,0.9999857,0.21551362
0.9989642,0.045502074,-0.00071349426,13.383254,-0.04549811,0.998953,0.004841886,-0.102487415,0.00093306106,-0.0048044072,0.9999882,0.22106685
0.99889183,0.047023807,-0.0020853314,13.531772,-0.047016114,0.99888796,0.0036012176,-0.11079991,0.002252353,-0.0034991824,0.99999154,0.22520322
0.99882114,0.048449747,-0.0030785382,13.665926,-0.048441224,0.99882245,0.0027885754,-0.12057246,0.003210016,-0.00263616,0.99999154,0.23049125
0.9987517,0.049756657,-0.0044568456,13.797532,-0.049742028,0.9987568,0.0033375109,-0.12403249,0.004617365,-0.0031116519,0.9999847,0.23068726
0.9986687,0.051162884,-0.0066194762,13.929289,-0.051136017,0.99868333,0.004168077,-0.1298017,0.006824007,-0.0038240338,0.99996954,0.23027922
0.9986124,0.051941007,-0.008717919,14.046325,-0.05190398,0.9986426,0.004422241,-0.13347745,0.008935775,-0.0039636097,0.99995244,0.23189592
0.9985465,0.05274762,-0.011100978,14.174156,-0.052708983,0.9986033,0.0037457421,-0.1472386,0.011283044,-0.003155177,0.9999316,0.23614486
0.99854463,0.052373398,-0.012895028,14.300613,-0.052343503,0.99862605,0.002646002,-0.15317325,0.013015882,-0.001967181,0.9999136,0.24034567
0.9986255,0.050468057,-0.014170113,14.428164,-0.05044031,0.9987249,0.0023094118,-0.1585072,0.0142685855,-0.0015914934,0.9998972,0.24307007
0.9987524,0.047589477,-0.01515008,14.549539,-0.047561362,0.9988663,0.0022115642,-0.16112962,0.015238142,-0.0014882477,0.99988306,0.24394469
0.9989178,0.043558106,-0.01632785,14.677151,-0.043517496,0.99904907,0.0028351191,-0.16145232,0.016435806,-0.0021215046,0.99986297,0.24634644
0.99912924,0.037913498,-0.017438293,14.801599,-0.03786455,0.9992784,0.0031292136,-0.16001731,0.017544338,-0.002466196,0.9998434,0.2483128
0.99934506,0.031256784,-0.018254638,14.923034,-0.031209754,0.99950916,0.0028562795,-0.15864986,0.018334946,-0.0022846863,0.9998297,0.25091285
0.9995278,0.024091683,-0.019091453,15.054703,-0.024038227,0.99970686,0.003025344,-0.1557908,0.019158732,-0.0025649911,0.9998136,0.253211
0.9996684,0.016011972,-0.020186516,15.185953,-0.015959699,0.9998692,0.002748621,-0.15086603,0.020227877,-0.002425539,0.9997929,0.25164673
0.9997477,0.006071549,-0.021643357,15.331397,-0.006033483,0.9999805,0.0018242488,-0.1515613,0.021654002,-0.0016932043,0.99976456,0.25556865
0.99970484,-0.00681517,-0.023337603,15.476643,0.006821212,0.9999771,0.00017986458,-0.1467676,0.023335833,-0.00033900293,0.99972814,0.25889754
0.9994235,-0.02273478,-0.025231367,15.629439,0.022726163,0.999742,-0.0006276995,-0.12646477,0.025239116,5.3924683e-05,0.99968195,0.26611358
0.99876606,-0.042015433,-0.026494136,15.810098,0.042022705,0.9991171,-0.00028215346,-0.107754275,0.026482586,-0.0008315504,0.99964947,0.2672495
0.9976261,-0.0635795,-0.026467612,15.996764,0.063611776,0.99797505,0.00037858996,-0.0790788,0.026389934,-0.0020613428,0.9996501,0.27147672
0.99586064,-0.087248474,-0.025497202,16.19744,0.08729258,0.996183,0.0006202771,-0.046903186,0.02534575,-0.0028434256,0.9996753,0.27545148
0.99321723,-0.113703206,-0.024330843,16.434877,0.11377431,0.99350595,0.0015539329,-0.0055288617,0.023996137,-0.0043116165,0.99970335,0.28529683
0.98934865,-0.14377347,-0.022790095,16.655598,0.14386338,0.98959535,0.0023476102,0.043767586,0.022215435,-0.005601263,0.99973816,0.28794608
0.9840484,-0.17679584,-0.019822756,16.924757,0.17688116,0.9842293,0.0026234554,0.1064218,0.019046308,-0.006087877,0.99980074,0.29806077
0.9768528,-0.2132667,-0.016641203,17.189787,0.21334815,0.9769714,0.0032635303,0.1866705,0.015561965,-0.0067383554,0.9998569,0.301149
0.9673904,-0.25301313,-0.011875399,17.437515,0.25307882,0.9674364,0.0043767295,0.27250236,0.010381312,-0.0072394144,0.9999206,0.31574386
0.9556976,-0.29421267,-0.009050133,17.732157,0.29428616,0.95568216,0.0082626855,0.39702266,0.0062180543,-0.010559952,0.99992555,0.30931762
0.94172907,-0.33631185,-0.0064464603,18.021044,0.33636674,0.94165945,0.011653487,0.52655816,0.0021511572,-0.013142794,0.999912,0.316106
0.9252589,-0.3793281,-0.0026565443,18.288572,0.3793268,0.92515814,0.01394839,0.6645878,-0.002833299,-0.0139135625,0.9998999,0.3161057
0.9062094,-0.42282003,0.002935004,18.609571,0.4227174,0.90610623,0.016804384,0.8404264,-0.00976466,-0.0139876045,0.9998553,0.32430762
0.8844933,-0.46650195,0.0069565685,18.910006,0.46628618,0.8843927,0.020678474,1.0334818,-0.015798891,-0.015046211,0.99976283,0.3241933
0.8600029,-0.51022047,0.008424812,19.182777,0.5098952,0.85986984,0.025131729,1.2345262,-0.020066967,-0.01731758,0.99964947,0.322693
0.8325248,-0.553921,0.008656582,19.49507,0.5535156,0.8323581,0.028307196,1.4785941,-0.022885326,-0.01877488,0.9995626,0.32476485
0.8022457,-0.5969593,0.006510459,19.753098,0.5965117,0.8019876,0.0314724,1.7106779,-0.024009047,-0.02136502,0.9994843,0.3105494
0.7690221,-0.6391934,0.006135108,20.05991,0.63867754,0.7687271,0.033917546,2.0068464,-0.026396094,-0.022164978,0.99940664,0.31031027
0.73244905,-0.6807998,0.005552038,20.33358,0.68018687,0.7320933,0.03722862,2.3041837,-0.029409846,-0.023491636,0.9992922,0.29095328
0.69393146,-0.72001207,0.006525406,20.588455,0.71933675,0.69362456,0.037950754,2.606118,-0.03185118,-0.021641245,0.9992592,0.27619454
0.65369797,-0.75672525,0.006830301,20.872524,0.75603354,0.65344155,0.037789106,2.9774652,-0.03305917,-0.019538714,0.9992632,0.2704321
0.61127657,-0.79136443,0.009167856,21.13976,0.7906704,0.6111617,0.03636333,3.3457298,-0.034379683,-0.014979286,0.9992974,0.2557766
0.56680393,-0.8237609,0.012328703,21.377705,0.823038,0.5668452,0.03599444,3.721436,-0.03663927,-0.010254786,0.9992767,0.25463542
0.520662,-0.853676,0.01220788,21.627388,0.8529307,0.52073234,0.03671045,4.176094,-0.037695855,-0.008701246,0.99925214,0.229117
0.4714577,-0.88182604,0.010542561,21.833128,0.88112193,0.4715124,0.03606632,4.602998,-0.036775157,-0.007714448,0.9992946,0.20569219
0.41965353,-0.9076008,0.012340515,22.034988,0.9069326,0.4198204,0.034997214,5.107734,-0.036944285,-0.0034946767,0.99931204,0.19236201
0.3662318,-0.9304084,0.014665014,22.219656,0.92981434,0.36652243,0.033275396,5.6039753,-0.036334746,0.001449246,0.99933946,0.17679286
0.31260228,-0.949775,0.014418757,22.370007,0.94923234,0.31291407,0.03230361,6.1011853,-0.03519297,0.003588581,0.999375,0.17704833
0.25919086,-0.96572834,0.0137656,22.491573,0.96504396,0.2595282,0.036552466,6.682204,-0.03887229,0.003810355,0.9992378,0.12762982
0.20774981,-0.97806156,0.015372453,22.59638,0.97721034,0.20821816,0.041301996,7.2670484,-0.043596692,0.006441649,0.99902934,0.09822097
0.1594459,-0.9870303,0.018676508,22.687433,0.9861673,0.1601175,0.04286146,7.8266063,-0.045295972,0.011584087,0.9989074,0.09993663
0.11467001,-0.99322176,0.019024497,22.74867,0.9923675,0.11540396,0.04346737,8.478314,-0.04536821,0.013894898,0.99887466,0.07644339
0.07461827,-0.9970681,0.016968079,22.7871,0.9962817,0.07527286,0.041923393,9.095275,-0.043077685,0.013776743,0.9989777,0.055378027
0.038961448,-0.9991699,0.011925735,22.792967,0.9985142,0.03938549,0.037670616,9.771805,-0.038109012,0.010440317,0.9992201,0.027858447
0.010460928,-0.99990904,0.008551147,22.77922,0.9992617,0.010769621,0.036889605,10.43385,-0.036978304,0.008158937,0.99928373,-0.011168355
-0.011066473,-0.9999204,0.006100107,22.76079,0.9991126,-0.010809147,0.040716715,11.153682,-0.040647503,0.0065452857,0.999153,-0.036457248
-0.024338316,-0.9996821,0.006618495,22.736174,0.9986399,-0.02400649,0.046289377,11.892409,-0.046115737,0.0077361003,0.998907,-0.07075299
-0.03237576,-0.99945235,0.006878185,22.707735,0.99828076,-0.031999823,0.04911344,12.636492,-0.048866406,0.008456447,0.99877036,-0.090939865
-0.03655729,-0.9993068,0.007070856,22.67294,0.9982571,-0.036189012,0.046622675,13.406236,-0.046334434,0.008762933,0.9988884,-0.121580034
-0.036125954,-0.9992496,0.013988061,22.650198,0.9984814,-0.035508495,0.04212548,14.182211,-0.041597135,0.015488645,0.9990153,-0.17576326
-0.032868437,-0.99912417,0.025906166,22.64031,0.9986439,-0.031783342,0.0412398,14.992879,-0.040380258,0.02722653,0.9988143,-0.1662488
-0.026850114,-0.9992542,0.027759973,22.62579,0.9988296,-0.025700279,0.040979277,15.8270235,-0.04023524,0.028827796,0.9987752,-0.2082657
-0.021663189,-0.9994273,0.026005667,22.596798,0.9990146,-0.020631671,0.039298978,16.678226,-0.038739894,0.0268314,0.99888986,-0.26699585
-0.01807912,-0.99937236,0.030472424,22.589895,0.99927366,-0.017037917,0.03408898,17.53968,-0.03354836,0.031066611,0.998955,-0.26551953
-0.015853066,-0.9994796,0.028103378,22.574694,0.99961436,-0.015201651,0.023243554,18.416222,-0.022804193,0.02846104,0.9993356,-0.28211936
-0.014844276,-0.9996684,0.021051135,22.546759,0.99978703,-0.014537522,0.014651082,19.327587,-0.014340145,0.021264154,0.9996719,-0.3219237
-0.015673012,-0.99976444,0.015027527,22.522934,0.9998131,-0.015500034,0.0115592135,20.242891,-0.011323513,0.015205899,0.9998211,-0.32607627
-0.01938287,-0.9997953,0.0058350144,22.483633,0.9996665,-0.019280087,0.017184434,21.193346,-0.017068371,0.00616616,0.99983615,-0.3406729
-0.023760304,-0.99971783,0.00043924153,22.441383,0.99939764,-0.023741579,0.025314497,22.173208,-0.025296884,0.0010404624,0.9996803,-0.37464833
-0.028168246,-0.9996023,-0.0014911194,22.406025,0.9989975,-0.028203072,0.03476648,23.159346,-0.034794673,-0.0005103097,0.99939525,-0.37866548
-0.030343177,-0.99953496,-0.0031182424,22.36618,0.9985412,-0.030452128,0.044591617,24.174252,-0.044665802,-0.001760639,0.9990013,-0.42579624
-0.031158324,-0.9995141,-0.001159894,22.332092,0.998144,-0.03117633,0.052315637,25.189404,-0.052326344,0.0004723306,0.9986309,-0.45520887
-0.03297232,-0.9994566,0.000176967,22.296795,0.99798745,-0.032914262,0.05420333,26.221436,-0.054168016,0.0019638254,0.9985309,-0.48189378
-0.03428683,-0.9994117,-0.0011677374,22.256926,0.9981191,-0.034301862,0.050812047,27.231497,-0.050822172,0.00057664723,0.99870855,-0.5400909
-0.037226457,-0.9992963,-0.0046702996,22.211742,0.9982443,-0.037401937,0.04593196,28.27012,-0.04607428,-0.0029522134,0.9989346,-0.5760834
-0.04152835,-0.99912316,-0.0053813187,22.170023,0.9983114,-0.04171238,0.040431175,29.295572,-0.04062015,-0.0036931897,0.9991689,-0.59876513
-0.04702068,-0.9988841,-0.004509213,22.112667,0.9982286,-0.047153622,0.036283463,30.325075,-0.036455553,-0.0027951498,0.99933237,-0.62947905
-0.053970527,-0.9985219,-0.0064613335,22.045454,0.99796957,-0.054157615,0.033525888,31.3722,-0.033826217,-0.0046388037,0.9994179,-0.6626802
-0.06004833,-0.9981783,-0.0058961064,21.977924,0.99752605,-0.060223307,0.036266353,32.424545,-0.036555327,-0.003703785,0.9993257,-0.6904974
-0.06673855,-0.9977401,-0.007818969,21.903168,0.9969175,-0.06700343,0.040822055,33.48916,-0.04125366,-0.0050704624,0.9991368,-0.71268135
-0.07279903,-0.9972912,-0.0105384,21.816296,0.99634373,-0.073195525,0.044068992,34.557842,-0.044720944,-0.007291691,0.99897397,-0.7557751
-0.07671045,-0.99695134,-0.01428028,21.723925,0.9959496,-0.077291444,0.0459448,35.60314,-0.046908434,-0.010697998,0.99884295,-0.7881546
-0.07982199,-0.99663323,-0.018741176,21.626675,0.99560565,-0.08063516,0.047621857,36.694378,-0.04897268,-0.014857557,0.99869066,-0.8249399
-0.08069751,-0.996477,-0.022848718,21.527803,0.9954788,-0.081726566,0.04840624,37.758194,-0.05010301,-0.018839162,0.99856746,-0.8767067
-0.08283153,-0.9962739,-0.024040386,21.430796,0.9953005,-0.08391672,0.04832712,38.84977,-0.050164394,-0.01992441,0.99854326,-0.9085656
-0.0842303,-0.9961455,-0.024496626,21.32904,0.9952067,-0.08532605,0.047787894,39.928604,-0.049693856,-0.02035403,0.99855816,-0.94496936
-0.08467965,-0.9960797,-0.025597861,21.232325,0.9951942,-0.085816465,0.047167268,41.00309,-0.049179036,-0.021480748,0.9985601,-0.9860804
-0.086010806,-0.9959202,-0.027307548,21.130299,0.9951096,-0.08721258,0.046383582,42.096878,-0.04857587,-0.023184527,0.99855155,-1.0283306
-0.086666,-0.99573874,-0.031526003,21.02386,0.9951378,-0.08801356,0.044215363,43.188408,-0.04680163,-0.027540764,0.9985256,-1.0620167
-0.08649255,-0.99556464,-0.03702255,20.915861,0.9953599,-0.0879283,0.03908784,44.267776,-0.04216976,-0.033469975,0.99855083,-1.0989143
-0.085992254,-0.99552584,-0.0391693,20.809515,0.9954438,-0.0874781,0.037945647,45.37304,-0.041202288,-0.03572782,0.99851304,-1.1370673
-0.083717085,-0.9957044,-0.039556134,20.710024,0.99546427,-0.08536549,0.04200315,46.481228,-0.045199417,-0.035860352,0.9983353,-1.174705
-0.08233306,-0.9958175,-0.039615788,20.608944,0.9954065,-0.08411799,0.045723174,47.59802,-0.0488643,-0.0356693,0.99816954,-1.216641
-0.08048851,-0.99604654,-0.03759494,20.51818,0.9955745,-0.08217163,0.045604855,48.697044,-0.048513763,-0.033757918,0.99825305,-1.2464602
-0.07850315,-0.99622434,-0.037077695,20.42236,0.9957791,-0.08013372,0.044755578,49.810352,-0.047557738,-0.033407766,0.99831074,-1.285668
-0.07414577,-0.996426,-0.04047444,20.323214,0.996084,-0.07595834,0.045251083,50.92853,-0.048163693,-0.03696079,0.9981565,-1.3292445
-0.067937195,-0.9966332,-0.045906305,20.231594,0.9964837,-0.070045024,0.045983903,52.0519,-0.04904456,-0.042620897,0.99788797,-1.3741921
-0.06231757,-0.99685466,-0.048968878,20.140753,0.9968501,-0.06457913,0.046045467,53.181793,-0.04906297,-0.045945212,0.99773955,-1.4140424
-0.05596038,-0.99716365,-0.05033519,20.067554,0.9972758,-0.058251277,0.04526039,54.30581,-0.048064068,-0.0476653,0.9977075,-1.455747
-0.05085346,-0.99747825,-0.049514268,19.99799,0.9975955,-0.05307233,0.04458071,55.449093,-0.04709609,-0.047128145,0.9977792,-1.4915385
-0.045447096,-0.9978359,-0.04752602,19.941118,0.99787545,-0.04756962,0.044527393,56.5803,-0.046691786,-0.04540142,0.9978783,-1.5287455
-0.03968838,-0.99813205,-0.046454154,19.891722,0.998105,-0.04178987,0.04517826,57.71905,-0.047035143,-0.044573084,0.99789953,-1.5698103
-0.034325127,-0.99844486,-0.04393728,19.84508,0.9982388,-0.036380548,0.04687086,58.86499,-0.048396394,-0.042251058,0.9979355,-1.604954
-0.029098606,-0.99853486,-0.04563113,19.800522,0.9983767,-0.03126981,0.047614582,60.010612,-0.048971657,-0.04417155,0.9978243,-1.6558233
-0.023028012,-0.9987402,-0.044592753,19.769506,0.99854785,-0.02515109,0.04765159,61.161034,-0.048713073,-0.043430686,0.9978695,-1.6957684
-0.018903166,-0.99883586,-0.044388585,19.734,0.99883246,-0.020840306,0.04359305,62.310265,-0.04446733,-0.043512724,0.9980641,-1.7316177
-0.014157677,-0.998941,-0.043785814,19.71224,0.99914354,-0.015836647,0.038240947,63.46564,-0.038893823,-0.04320692,0.99831015,-1.7605102
-0.010984674,-0.9989668,-0.044106983,19.68829,0.99922943,-0.012628874,0.037175607,64.622856,-0.03769417,-0.04366464,0.99833626,-1.7969282
-0.0076523507,-0.99903816,-0.04318524,19.676489,0.9991754,-0.009361606,0.03951925,65.795235,-0.039885476,-0.042847227,0.99828655,-1.8321838
-0.005134556,-0.999078,-0.042633634,19.662575,0.9991868,-0.006831255,0.03974945,66.96431,-0.040003993,-0.042394876,0.99830115,-1.860605
-0.0044655036,-0.99900025,-0.04448999,19.648438,0.9992133,-0.006211257,0.039180584,68.134544,-0.039417706,-0.04428004,0.9982426,-1.8990909
-0.0033185864,-0.9989588,-0.04550923,19.63691,0.9991822,-0.005146798,0.040116128,69.31438,-0.040308543,-0.045338895,0.9981595,-1.9344941
-0.0027589514,-0.9989492,-0.045756496,19.62378,0.9991909,-0.004590203,0.03996695,70.50099,-0.04013494,-0.045609217,0.9981542,-1.9633938
-0.0015876051,-0.9989196,-0.04645446,19.609228,0.9992647,-0.0033648259,0.038206007,71.679665,-0.038320996,-0.04635966,0.998191,-1.9961286
-0.00038500526,-0.9989836,-0.04508306,19.606775,0.9993177,-0.002049925,0.036891587,72.859146,-0.03694646,-0.045038108,0.99830335,-2.0277147
-0.0007141556,-0.99912846,-0.041746937,19.602972,0.9993256,-0.0022462802,0.036667004,74.03591,-0.036728773,-0.0416926,0.9984568,-2.0547428
-0.00077226677,-0.9992369,-0.039064806,19.6008,0.99931407,-0.0022179366,0.03697941,75.21899,-0.037037782,-0.03900946,0.9985538,-2.0826838
-0.00021152437,-0.9992583,-0.038520303,19.59253,0.9992074,-0.0017449768,0.039781943,76.4021,-0.0398196,-0.038481362,0.99846727,-2.1087935
-0.00014407994,-0.999174,-0.0406477,19.58504,0.9990597,-0.0019065291,0.043325856,77.594124,-0.043367513,-0.040603247,0.9982354,-2.1479983
0.0009572875,-0.9990937,-0.04256525,19.580423,0.9990418,-0.0009073748,0.043768317,78.76858,-0.04376722,-0.042566374,0.99813616,-2.180835
0.0009348245,-0.99903333,-0.043960188,19.568922,0.9991299,-0.00090032816,0.041709457,79.95144,-0.04170866,-0.04396094,0.9981639,-2.2120428
0.0012384051,-0.9990206,-0.04424165,19.562782,0.99922574,-0.0005040966,0.039355125,81.13178,-0.03933883,-0.04425614,0.9982471,-2.2449017
0.001423164,-0.9991068,-0.0422441,19.560577,0.99925196,-0.00021229539,0.038686864,82.31424,-0.038661223,-0.04226757,0.99835974,-2.2705534
0.0010428259,-0.99917924,-0.04050727,19.557474,0.99920255,-0.0005762037,0.039938796,83.50363,-0.0399293,-0.040516626,0.99838245,-2.2987156
0.0013368676,-0.9991981,-0.04003109,19.554813,0.99909323,-0.00036940648,0.0425882,84.67861,-0.04256878,-0.04005174,0.99829215,-2.3319097
0.0023219814,-0.9991971,-0.040011246,19.55003,0.99898225,0.00051503256,0.04511446,85.852036,-0.045057572,-0.040075295,0.99818194,-2.3644996
0.0022297679,-0.99913937,-0.041433636,19.544825,0.99897784,0.0003545215,0.045213487,87.03119,-0.045159824,-0.041492112,0.9981195,-2.4022431
0.0028365478,-0.9991567,-0.040975023,19.540562,0.9990527,0.0010517235,0.04351702,88.1979,-0.043437168,-0.041059658,0.9982138,-2.4319096
0.002574089,-0.99920595,-0.039775595,19.537598,0.9991194,0.0009035133,0.041963246,89.36315,-0.041893926,-0.039848592,0.99832886,-2.463675
0.002733702,-0.9992727,-0.03805009,19.536192,0.9990829,0.0011028319,0.04281861,90.53072,-0.042745445,-0.03813225,0.9983598,-2.4952283
0.0030745135,-0.9993552,-0.03579238,19.540035,0.9989588,0.0014397011,0.0456138,91.69668,-0.0455328,-0.035895355,0.9983195,-2.5320828
0.0028668132,-0.99942124,-0.03391712,19.539299,0.99884486,0.0012345775,0.048050236,92.857155,-0.047980495,-0.034015696,0.9982707,-2.5639942
0.0034767762,-0.9993939,-0.034659367,19.537529,0.99875975,0.0017484685,0.049774203,94.02384,-0.049683377,-0.034789436,0.99816066,-2.6021693
0.0043196767,-0.99931115,-0.03687861,19.535585,0.99868137,0.002424012,0.051296,95.18717,-0.051171213,-0.03705156,0.9980041,-2.6488042
0.0042902296,-0.9992396,-0.03877222,19.526867,0.9987154,0.0023234116,0.050633166,96.34997,-0.050504528,-0.03893964,0.9979662,-2.6939354
0.0049912096,-0.99911827,-0.041705143,19.522423,0.99886817,0.0030079386,0.047484826,97.50061,-0.047317456,-0.041894946,0.9980027,-2.7255542
0.0050664227,-0.99905044,-0.04329047,19.518621,0.9989654,0.003099334,0.045388218,98.66413,-0.045210894,-0.043475635,0.99803275,-2.7665462
0.004954907,-0.999044,-0.04345197,19.517538,0.99902457,0.0030381558,0.044069592,99.81746,-0.04389539,-0.043627948,0.99808484,-2.7989128
0.0054367385,-0.9991169,-0.04168287,19.516552,0.9990201,0.003595255,0.04412889,100.97841,-0.043940004,-0.04188194,0.9981577,-2.8316348
0.004947825,-0.99911374,-0.041818637,19.516182,0.9989253,0.003010462,0.046266496,102.140854,-0.046099544,-0.04200261,0.9980552,-2.872739
0.0054770815,-0.9992103,-0.039372638,19.52097,0.99882716,0.0035718335,0.04830087,103.29621,-0.04812204,-0.039591003,0.9980583,-2.9068098
0.004925904,-0.9990431,-0.043474216,19.516293,0.99886423,0.0028547721,0.04757662,104.464035,-0.047406934,-0.04365919,0.9979229,-2.9500053
0.0048112515,-0.9988406,-0.04791455,19.509253,0.99883014,0.0024939799,0.0483073,105.62645,-0.048131738,-0.048090912,0.9976845,-2.998617
0.0052745687,-0.99867946,-0.05111693,19.506117,0.99885595,0.002831485,0.047750853,106.79578,-0.047543,-0.051310316,0.9975523,-3.0451722
0.0045800605,-0.99863917,-0.051964294,19.501667,0.9990192,0.0022801175,0.044235036,107.98192,-0.044056293,-0.05211593,0.99767053,-3.0792494
0.0037864295,-0.99858594,-0.053040065,19.49658,0.9991986,0.0016637788,0.04000859,109.16365,-0.039863702,-0.05314905,0.9977924,-3.120569
0.00318994,-0.9987626,-0.049644183,19.495472,0.99924475,0.0012602247,0.0388556,110.35404,-0.038744893,-0.049730636,0.9980127,-3.157664
0.0023322334,-0.99899423,-0.044794217,19.50058,0.99926263,0.0006107553,0.038408123,111.55129,-0.03834207,-0.044850763,0.9982594,-3.1851826
0.0021000146,-0.99902683,-0.04407245,19.49707,0.9992053,0.00034138898,0.039874755,112.75755,-0.039820835,-0.044121157,0.9982341,-3.222628
0.0013373364,-0.99907184,-0.04307212,19.493547,0.9990452,-0.0005466444,0.043700796,113.97389,-0.043683708,-0.043089427,0.9981176,-3.2645216
0.00059434405,-0.999146,-0.04133344,19.49079,0.9990232,-0.0012335944,0.044186834,115.18536,-0.04420001,-0.041319318,0.9981698,-3.3034832
0.00046862994,-0.9991463,-0.041328095,19.480904,0.9992065,-0.001178691,0.039828416,116.40752,-0.039843045,-0.041313957,0.99835336,-3.3386822
-0.00078026607,-0.999112,-0.042142734,19.471102,0.9993459,-0.0023033803,0.036107507,117.64097,-0.036172435,-0.042086985,0.9984608,-3.3790092
-0.0013544224,-0.9991568,-0.041053195,19.46305,0.9993974,-0.0027770135,0.034617413,118.87348,-0.034702145,-0.04098156,0.99855894,-3.4085426
-0.0022134557,-0.9990969,-0.0424506,19.449713,0.9993577,-0.0037290377,0.035658523,120.12581,-0.03578453,-0.042344395,0.99846387,-3.4382012
-0.002244625,-0.99887884,-0.047302842,19.430742,0.99919367,-0.0041373023,0.039954025,121.38277,-0.04010485,-0.04717501,0.9980831,-3.4783943
-0.001838721,-0.9985887,-0.053092357,19.41341,0.9990366,-0.004163067,0.043703698,122.644135,-0.04386296,-0.05296084,0.99763465,-3.5137234
-0.0020116433,-0.99819165,-0.060091414,19.393845,0.9990314,-0.0046485006,0.043774813,123.91924,-0.043974902,-0.05994514,0.9972344,-3.5564818
-0.0017553666,-0.9979605,-0.06382382,19.374624,0.9991285,-0.004413113,0.041526284,125.1862,-0.041723162,-0.0636953,0.9970987,-3.5946376
-0.0018030382,-0.9978294,-0.06584095,19.360304,0.99917746,-0.0044662612,0.040325996,126.43913,-0.040532432,-0.065714076,0.99701685,-3.6303594
-0.0028669108,-0.9978051,-0.066169836,19.347786,0.99919564,-0.0055063055,0.039741762,127.70138,-0.040018786,-0.06600267,0.9970185,-3.664588
-0.0030117256,-0.99793065,-0.0642422,19.337107,0.99921554,-0.005541212,0.039233923,128.95108,-0.039508615,-0.06407364,0.99716467,-3.6905093
-0.0037882845,-0.99792707,-0.064256564,19.327024,0.99919856,-0.006339337,0.03954521,130.21735,-0.03987048,-0.06405525,0.99715143,-3.723806
-0.0040787472,-0.99792784,-0.06422714,19.31604,0.9989992,-0.006928304,0.04420831,131.47784,-0.04456159,-0.06398254,0.9969575,-3.7628326
-0.0040492597,-0.998022,-0.06274923,19.305115,0.9987954,-0.007106116,0.048570625,132.729,-0.048920363,-0.062476948,0.9968486,-3.804027
-0.0044352715,-0.9979858,-0.063297085,19.287374,0.99884164,-0.0074551743,0.047555346,133.98329,-0.04793135,-0.06301283,0.9968629,-3.8410168
-0.0037562707,-0.9979725,-0.06355063,19.274565,0.9989216,-0.0066867797,0.04596482,135.23927,-0.04629647,-0.063309416,0.9969214,-3.8866963
-0.0023999165,-0.9980607,-0.06221687,19.2671,0.9989419,-0.0052513187,0.045708656,136.48727,-0.04594663,-0.062041312,0.9970173,-3.9231915
-0.0018278377,-0.99802893,-0.06274444,19.256966,0.9989855,-0.004646732,0.044811644,137.74356,-0.045014765,-0.062598854,0.997025,-3.9626126
-0.0006112483,-0.9980543,-0.06236322,19.24556,0.99890435,-0.00352881,0.046685502,138.98761,-0.046814624,-0.06226632,0.996963,-4.0008645
0.000324387,-0.99799573,-0.06329666,19.2356,0.9987267,-0.00287091,0.050385322,140.24213,-0.05046594,-0.06323237,0.99672407,-4.0433483
0.0018695348,-0.99792874,-0.064317755,19.223526,0.9986635,-0.001460092,0.051683966,141.4937,-0.05167071,-0.064328365,0.9965922,-4.0869007
0.0030768341,-0.9977646,-0.06677164,19.21633,0.99879473,-0.00020599714,0.04910401,142.73495,-0.049007874,-0.06684219,0.99656135,-4.1327853
0.0026926578,-0.9978109,-0.06609291,19.206556,0.9989414,-0.00035263685,0.04602256,143.98042,-0.045945,-0.06614681,0.99675363,-4.175765
0.0025501123,-0.99799764,-0.06321658,19.20634,0.99900883,-0.0002682996,0.044536408,145.21202,-0.044464074,-0.06326744,0.9970077,-4.2106094
0.0027508342,-0.99808353,-0.061837275,19.20354,0.9990343,2.9795629e-05,0.04396267,146.444,-0.043876454,-0.061898436,0.99711967,-4.2469916
0.0021287692,-0.9982279,-0.059487306,19.205866,0.9990323,-0.0004917508,0.044004023,147.67978,-0.043955177,-0.059523363,0.99726087,-4.287973
0.0023312499,-0.9983854,-0.05677404,19.20295,0.9990626,-0.00013020786,0.043314766,148.91573,-0.043252107,-0.05682174,0.9974492,-4.312362
0.001963741,-0.9983949,-0.056621168,19.20022,0.99908054,-0.00046756276,0.042896315,150.15031,-0.04285382,-0.056653287,0.99747604,-4.3529406
0.0016643924,-0.99853116,-0.054175407,19.19812,0.9989806,-0.00078499404,0.04516124,151.38414,-0.045137316,-0.054195285,0.9975119,-4.3904185
0.0017695094,-0.99867994,-0.051356293,19.19679,0.99889904,-0.0006434699,0.046932388,152.61398,-0.04690336,-0.05138274,0.9975793,-4.42908
0.0012914002,-0.9987838,-0.049310625,19.193996,0.9989598,-0.0009604248,0.04561705,153.85089,-0.045608815,-0.049318176,0.99774355,-4.46319
0.0007503465,-0.9987235,-0.05052983,19.181328,0.9989644,-0.0015513988,0.04549945,155.07547,-0.045519646,-0.05051158,0.99768794,-4.5081353
0.001647197,-0.99869615,-0.05104596,19.178404,0.9987392,-0.00091929385,0.050215673,156.30382,-0.050197005,-0.051064257,0.99743545,-4.5425606
0.00195858,-0.9984639,-0.055392317,19.16246,0.9984012,-0.0011777874,0.05653345,157.54443,-0.056511734,-0.055414423,0.9968653,-4.598252
0.003952807,-0.99815524,-0.060603034,19.155697,0.99835277,0.00046901242,0.057393823,158.77606,-0.05725941,-0.06073001,0.9965129,-4.6455727
0.005160068,-0.99792165,-0.06424965,19.143728,0.9985688,0.0017202754,0.053480037,160.00473,-0.05325825,-0.06443359,0.9965022,-4.6981335
0.0064719543,-0.99774384,-0.06684045,19.13624,0.99883217,0.0032479074,0.04823288,161.22118,-0.04790686,-0.067074485,0.9965996,-4.737078
0.0076103704,-0.9975933,-0.06893548,19.135899,0.9989151,0.0044150087,0.046388615,162.44366,-0.045972515,-0.06921366,0.9965445,-4.7884336
0.008033595,-0.99789166,-0.06442062,19.136896,0.9990485,0.0052458053,0.04332923,163.66716,-0.04289984,-0.06470733,0.9969842,-4.8197746
0.007932842,-0.9981411,-0.06044637,19.141054,0.999234,0.005593874,0.03876792,164.88626,-0.03835762,-0.06070753,0.9974208,-4.8562536
0.007579331,-0.9984597,-0.05498357,19.150377,0.99933904,0.0056060213,0.035956655,166.1013,-0.03559293,-0.05521968,0.99784213,-4.878062
0.006520072,-0.9986422,-0.0517086,19.155642,0.9992717,0.00456068,0.037922632,167.3194,-0.037635207,-0.051918127,0.9979444,-4.908511
0.0073807007,-0.9986176,-0.05206799,19.156279,0.9989869,0.0050503104,0.044748906,168.53786,-0.04442397,-0.052345447,0.997643,-4.944672
0.008768302,-0.99855703,-0.05300567,19.157177,0.99883896,0.006233684,0.04779724,169.75757,-0.047397733,-0.053363156,0.99745214,-4.98728
0.010651377,-0.9984428,-0.05478256,19.162077,0.9989381,0.008167253,0.045372516,170.97751,-0.04485432,-0.05520759,0.99746937,-5.016935
0.011823672,-0.9983374,-0.05643911,19.16265,0.99895775,0.00930314,0.04471662,172.19421,-0.04411709,-0.056908928,0.9974066,-5.0626593
0.012205405,-0.99839455,-0.05533617,19.174759,0.9989016,0.009668849,0.045878872,173.41515,-0.04527006,-0.055835284,0.9974156,-5.1023583
0.01313443,-0.9984205,-0.05465151,19.18234,0.99895173,0.010703541,0.04453886,174.61958,-0.043883424,-0.055179138,0.9975141,-5.1323385
0.0149489045,-0.9983613,-0.055263594,19.194754,0.99898976,0.012568376,0.04317694,175.8051,-0.04241149,-0.05585314,0.99754024,-5.1608315
0.0163019,-0.9982825,-0.056295097,19.19674,0.99891526,0.013802599,0.044505,176.97197,-0.043651417,-0.056959465,0.99742424,-5.1962366
0.018062413,-0.9982492,-0.056347948,19.211258,0.99879944,0.015446618,0.046518907,178.10358,-0.04556695,-0.057120454,0.99732935,-5.2202587
0.018415008,-0.9982114,-0.056901395,19.220701,0.9987233,0.015685584,0.048049074,179.20438,-0.047070477,-0.057713486,0.9972254,-5.2427907
0.018851744,-0.9981525,-0.05778411,19.231537,0.9986531,0.016002279,0.049386024,180.27107,-0.048369985,-0.058637206,0.9971093,-5.2730126
0.019148357,-0.99823123,-0.056307454,19.24843,0.9986001,0.016315583,0.050347034,181.31798,-0.04933917,-0.057192605,0.9971457,-5.298178
0.019286333,-0.99818856,-0.057012912,19.254107,0.9986265,0.01645179,0.049777146,182.32556,-0.048748896,-0.057894535,0.99713427,-5.3214397
0.02078857,-0.9981256,-0.05758419,19.265902,0.9986081,0.01793524,0.049633387,183.31808,-0.048507456,-0.05853576,0.9971086,-5.347873
0.02184112,-0.99806273,-0.058280073,19.280365,0.99856347,0.018923001,0.05016276,184.27075,-0.04896263,-0.059291873,0.9970417,-5.380354
0.021203585,-0.9981289,-0.057375394,19.297792,0.99863446,0.01840188,0.048928108,185.20793,-0.04778062,-0.058334406,0.99715555,-5.4024177
0.018361267,-0.99833405,-0.054725815,19.312597,0.9988145,0.015845094,0.04606401,186.14186,-0.045120012,-0.055506643,0.9974409,-5.419046
0.013307085,-0.998417,-0.05467428,19.314093,0.9990362,0.010986127,0.042535767,187.0693,-0.041867655,-0.055187523,0.9976004,-5.44188
0.00837812,-0.9983369,-0.057061672,19.30891,0.9992036,0.0061295857,0.039468616,187.99365,-0.03905309,-0.057346817,0.99759275,-5.4709187
0.004595749,-0.9982511,-0.058961794,19.304102,0.9992625,0.0023341896,0.038369626,188.91415,-0.03816477,-0.05909456,0.99752516,-5.4957595
0.0017533982,-0.9981382,-0.06099106,19.291967,0.9992371,-0.000633216,0.03909077,189.834,-0.039056487,-0.061012983,0.99737513,-5.521672
7.811445e-05,-0.9982027,-0.059952196,19.29053,0.99917775,-0.0023550864,0.04051551,190.75565,-0.040583756,-0.05990598,0.99738127,-5.5451
-0.0017068295,-0.998369,-0.057090703,19.291006,0.9990996,-0.0041248067,0.04226391,191.67807,-0.042430338,-0.056967076,0.99747664,-5.561829
-0.003120293,-0.99844885,-0.05561618,19.280289,0.9990731,-0.0055024102,0.042731516,192.5873,-0.042971127,-0.055431213,0.99754,-5.5869346
-0.0040296437,-0.99844044,-0.055709317,19.273643,0.9990986,-0.00637615,0.04200884,193.50024,-0.042298406,-0.055489738,0.9975655,-5.6045747
-0.004959194,-0.9983336,-0.057520002,19.262312,0.99913955,-0.00731767,0.040866442,194.40346,-0.041219123,-0.057267763,0.99751014,-5.633176
-0.0045658583,-0.9981191,-0.06115818,19.247114,0.9991805,-0.0070158467,0.039906744,195.3099,-0.04026063,-0.060925767,0.9973326,-5.6672564
-0.003937003,-0.9979769,-0.063479014,19.233208,0.99924475,-0.0063828556,0.03837492,196.21834,-0.03870234,-0.063279904,0.9972477,-5.6856394
-0.0031220792,-0.9979421,-0.064068444,19.220207,0.99933904,-0.0054369387,0.03599001,197.12985,-0.03626416,-0.06391365,0.9972989,-5.710011
-0.0024120195,-0.997953,-0.0639285,19.212433,0.999441,-0.0045403885,0.033170063,198.03716,-0.033392303,-0.06381268,0.99740565,-5.7332315
-0.0020593686,-0.99797094,-0.06366045,19.204493,0.99945503,-0.004154442,0.03279674,198.96944,-0.03299455,-0.06355814,0.99743515,-5.7540674
-0.001453687,-0.9981112,-0.061439324,19.199062,0.99937266,-0.003626796,0.0352748,199.89267,-0.035430882,-0.061349433,0.99748987,-5.778202
-0.0009342376,-0.99816346,-0.06059503,19.197033,0.99931896,-0.0031697105,0.036807913,200.8314,-0.036932264,-0.060519308,0.9974861,-5.798819
-0.0011020524,-0.9984406,-0.055839516,19.19505,0.9994458,-0.0029601606,0.03320573,201.77379,-0.033319123,-0.05577191,0.99789,-5.815784
-0.0006765612,-0.99851763,-0.054452892,19.190048,0.9995602,-0.0022925748,0.029621955,202.70392,-0.029702764,-0.05440884,0.9980794,-5.8291826
-0.000354985,-0.9982729,-0.058771256,19.177067,0.9995427,-0.0021343145,0.030217055,203.65594,-0.030290185,-0.058733586,0.9978166,-5.857784
0.0012102261,-0.9982173,-0.05969707,19.17266,0.99943805,-0.00079507485,0.03355763,204.62148,-0.03354515,-0.059704065,0.9976549,-5.894056
0.0034687417,-0.99833316,-0.057634696,19.16834,0.99942523,0.0015148342,0.033912342,205.58496,-0.03376839,-0.057719134,0.99776417,-5.9028807
0.0053014667,-0.9983953,-0.05640495,19.16712,0.9993974,0.0033525291,0.03459291,206.56894,-0.034348182,-0.056554288,0.997811,-5.924927
0.007624699,-0.99835855,-0.05678883,19.172731,0.9992249,0.0054112263,0.03903116,207.55032,-0.03865967,-0.057042345,0.9976255,-5.9642153
0.008809265,-0.9985106,-0.05386959,19.169123,0.9990431,0.006478576,0.043289687,208.55057,-0.042876083,-0.05419933,0.9976117,-5.9861507
0.01018442,-0.9985331,-0.053204827,19.177736,0.99899113,0.007831166,0.044254564,209.54662,-0.04377286,-0.053601794,0.997605,-6.0073867
0.012917363,-0.998352,-0.05594042,19.180368,0.99893856,0.010408833,0.04490603,210.54639,-0.044249617,-0.056461044,0.9974263,-6.0468073
0.015580274,-0.9981784,-0.05830924,19.18075,0.99884313,0.012882339,0.04636427,211.5642,-0.04552852,-0.058964077,0.9972239,-6.0933175
0.019603271,-0.99807394,-0.058881458,19.198492,0.99875826,0.01684881,0.04691896,212.59119,-0.04583637,-0.05972803,0.99716437,-6.120157
0.022157669,-0.9978226,-0.062144894,19.20348,0.99881506,0.019397624,0.044671595,213.61333,-0.043368727,-0.063061,0.9970695,-6.159849
0.024749758,-0.9977343,-0.062583074,19.22189,0.9988899,0.022168994,0.041602366,214.6487,-0.040120568,-0.06354318,0.9971748,-6.1903467
0.026867313,-0.99774367,-0.061553005,19.249123,0.99888456,0.024401613,0.040467154,215.68117,-0.03887372,-0.06257152,0.99728566,-6.220166
0.028253293,-0.99770737,-0.061521225,19.273024,0.9987616,0.025652202,0.042668186,216.73618,-0.040992074,-0.06265048,0.99719584,-6.2501607
0.030215535,-0.9975721,-0.06276853,19.296001,0.99858487,0.027375193,0.04563011,217.79597,-0.04380089,-0.06405836,0.9969869,-6.291337
0.031039761,-0.99754703,-0.062764645,19.322348,0.99855983,0.028197452,0.045676414,218.86922,-0.043794435,-0.06409196,0.9969851,-6.324461
0.03195988,-0.9975667,-0.06198531,19.349726,0.99864465,0.029320143,0.043040108,219.93137,-0.041117825,-0.063276775,0.99715114,-6.357711
0.03232877,-0.99767166,-0.060075235,19.382275,0.99874246,0.029939573,0.04025514,221.00623,-0.038362656,-0.061301004,0.9973843,-6.3868437
0.03182628,-0.9978594,-0.057154648,19.412714,0.9988047,0.02962723,0.038920898,222.08905,-0.03714412,-0.058324955,0.9976089,-6.416223
0.03239823,-0.99779063,-0.058027815,19.4409,0.9988179,0.030214643,0.03812189,223.18797,-0.036284246,-0.059194226,0.9975893,-6.4507227
0.032542203,-0.9978294,-0.057275604,19.471731,0.9988138,0.030387891,0.038092192,224.2929,-0.036268897,-0.058447193,0.9976339,-6.4735193
0.032655917,-0.9976652,-0.06000538,19.49993,0.99878097,0.030348314,0.03897542,225.4015,-0.03706323,-0.06120493,0.9974393,-6.5082817
0.03247305,-0.997667,-0.06007473,19.529356,0.9987171,0.030050673,0.040797744,226.52217,-0.038897146,-0.06132241,0.99736226,-6.54031
0.031684905,-0.9976492,-0.06078703,19.556389,0.9986677,0.02911917,0.042641684,227.64879,-0.04077124,-0.062057056,0.9972419,-6.5713906
0.031318422,-0.9976011,-0.061758615,19.585024,0.99860317,0.028597122,0.04446734,228.78241,-0.04259441,-0.06306491,0.99710244,-6.607605
0.03094756,-0.99752355,-0.06318187,19.612183,0.99857014,0.028097142,0.045516755,229.91858,-0.043628667,-0.06450007,0.99696594,-6.6440907
0.029626215,-0.99737,-0.06616886,19.632908,0.9986574,0.026717648,0.044418868,231.07816,-0.04253403,-0.067395896,0.9968217,-6.68817
0.028530618,-0.99745774,-0.065322675,19.656818,0.99885887,0.025941785,0.040144004,232.23186,-0.03834723,-0.06639338,0.99705875,-6.7164674
0.026506113,-0.9976708,-0.06287644,19.682535,0.99912864,0.024407966,0.033907633,233.39153,-0.03229384,-0.06372033,0.99744755,-6.7471366
0.02438361,-0.99796605,-0.05892631,19.701927,0.99931574,0.022688223,0.02927278,234.56357,-0.027876183,-0.05959968,0.99783546,-6.769239
0.022200573,-0.99833846,-0.05320341,19.73331,0.999362,0.020667838,0.02918983,235.74287,-0.028041607,-0.05381742,0.99815935,-6.7895675
0.019332236,-0.99867254,-0.047775634,19.757101,0.9993093,0.01778092,0.032687187,236.94008,-0.031794176,-0.048374474,0.99832547,-6.813508
0.017455224,-0.99881345,-0.045497887,19.773565,0.9992654,0.01587184,0.034935225,238.1355,-0.03417151,-0.046074193,0.99835575,-6.8466983
0.015952814,-0.9988962,-0.044214036,19.787773,0.9992951,0.014422782,0.034712765,239.33426,-0.034036636,-0.044736564,0.9984212,-6.871204
0.013377914,-0.9989288,-0.0443319,19.798841,0.9993203,0.011831433,0.03496684,240.54836,-0.034404755,-0.044769477,0.9984071,-6.904684
0.011406527,-0.99899113,-0.043468617,19.809454,0.99929285,0.009828559,0.03634578,241.76974,-0.035881754,-0.04385238,0.99839586,-6.9349613
0.0094756195,-0.9990417,-0.042765904,19.812834,0.99931234,0.007925445,0.03627509,242.98384,-0.035901263,-0.043080147,0.99842876,-6.963699
0.006958158,-0.9990597,-0.04282935,19.814081,0.9993758,0.0054618856,0.034956146,244.2149,-0.03468922,-0.04304577,0.99847305,-6.9939637
