08:
  ARE: 0.0011418923171506335
  ATE: 0.024140529300797565
  STD_ARE: 0.0009013736087040727
  STD_ATE: 0.029652399146397182
  nsecs_per_frame: 0.43829679044040876
  rot_err: 3.487792643527617e-05
  tr_err: 0.007976895227322386
AVG:
  ARE: 0.0011418923171506335
  ATE: 0.024140529300797565
  STD_ARE: 0.0009013736087040727
  STD_ATE: 0.029652399146397182
  nsecs_per_frame: 0.43829679044040876
  rot_err: 3.487792643527617e-05
  tr_err: 0.007976895227322386
