0,1,2,3,4,5,6,7,8,9,10,11
1.0,0.0,0.0,0.0,0.0,1.0,0.0,0.0,0.0,0.0,1.0,0.0
0.99997836,-0.0065744054,0.00017350099,0.087537564,0.0065743285,0.99997824,0.00044280716,0.008084029,-0.00017640842,-0.00044165694,0.9999999,0.00075821986
0.9999088,-0.013503347,0.0001583127,0.17506006,0.013503209,0.99990845,0.00083823036,0.01603535,-0.00016961712,-0.00083601626,0.99999964,0.00215601
0.9997768,-0.02112355,-0.00031591218,0.2727536,0.02112386,0.99977636,0.0010126786,0.02510336,0.00029445015,-0.0010191259,0.9999994,0.0033405796
0.9995409,-0.0302548,-0.0015700966,0.3776772,0.030257266,0.9995409,0.0015729885,0.035514228,0.0015217854,-0.0016197732,0.9999975,0.0023538724
0.9991353,-0.041445058,-0.00327606,0.49269843,0.04145024,0.99913937,0.0015301799,0.04635687,0.0032098223,-0.0016646503,0.99999344,0.0014675822
0.9984764,-0.05501846,-0.0041967533,0.62144184,0.05502508,0.99848384,0.0014780654,0.06259106,0.0041090697,-0.0017067401,0.99999005,0.0008602983
0.9974518,-0.07119802,-0.0045214295,0.7608284,0.07120523,0.99746054,0.0014542465,0.084405035,0.0044064084,-0.0017724902,0.9999887,0.0004438104
0.99596375,-0.08963352,-0.0046575814,0.91635716,0.089635864,0.9959745,0.00029661204,0.10607746,0.004612246,-0.0007129009,0.9999891,0.001241447
0.993953,-0.109702736,-0.0047537857,1.0800438,0.10970095,0.9939644,-0.0006364917,0.13449092,0.0047949185,0.00011114852,0.9999885,0.0069383783
0.9912539,-0.13186532,-0.0051975343,1.2485574,0.1318636,0.9912676,-0.0006762318,0.16895749,0.0052413195,-1.5047604e-05,0.99998623,0.009541633
0.9877452,-0.15592563,-0.0068126214,1.4206368,0.15594345,0.9877636,0.0021611634,0.2239578,0.006392279,-0.003197062,0.9999744,0.015454417
0.983367,-0.18136525,-0.009786764,1.5982313,0.1814278,0.98338634,0.0059246775,0.28090996,0.008549641,-0.0076017235,0.99993455,0.018992946
0.9780275,-0.20814592,-0.011719213,1.7808871,0.2082542,0.978034,0.00891809,0.34038338,0.009605525,-0.011162713,0.9998916,0.025218645
0.97129923,-0.23752275,-0.012681169,1.976912,0.23765168,0.9713005,0.009847092,0.41004273,0.009978317,-0.0125781745,0.99987113,0.03282004
0.9632895,-0.26812986,-0.013405857,2.1576512,0.26828238,0.9632745,0.011257477,0.48262185,0.009895054,-0.014440765,0.9998468,0.035692815
0.953936,-0.2996972,-0.0137029765,2.3653374,0.29986846,0.95389414,0.012835133,0.5788136,0.009224536,-0.016352985,0.9998238,0.037889466
0.94270366,-0.3333354,-0.014050074,2.5632274,0.33352944,0.94262046,0.014989341,0.6731206,0.008247409,-0.018816618,0.99978906,0.046644837
0.93018246,-0.36677063,-0.015493827,2.7447498,0.367007,0.93006206,0.017038623,0.763301,0.008160955,-0.021535369,0.9997349,0.04486814
0.9165351,-0.39959067,-0.01705722,2.9526906,0.3998785,0.91635853,0.01959849,0.89405835,0.007799158,-0.024783518,0.9996625,0.045716718
0.90061915,-0.43423563,-0.018023275,3.153203,0.43454427,0.90042764,0.020031609,1.0150044,0.00753022,-0.025872761,0.999637,0.04155504
0.882161,-0.4705984,-0.01814879,3.3349113,0.4708691,0.88206387,0.015669279,1.1295536,0.0086344555,-0.022368528,0.99971265,0.03960381
0.86108685,-0.5081619,-0.017353293,3.542023,0.5083764,0.86105853,0.0114682745,1.2765088,0.009114463,-0.018697184,0.99978375,0.049967118
0.8363954,-0.5478929,-0.016013598,3.7182226,0.5480885,0.83632535,0.012604592,1.4193745,0.0064866133,-0.019319288,0.9997925,0.057890207
0.8079071,-0.58907557,-0.016623816,3.913113,0.58930176,0.8077235,0.01749194,1.6173232,0.003123376,-0.023928303,0.99970895,0.05785002
0.7758362,-0.6306712,-0.01822617,4.08776,0.6309325,0.7755817,0.019924726,1.810836,0.0015699376,-0.026957806,0.9996355,0.06492665
0.74028224,-0.67201686,-0.019382156,4.2455807,0.67229456,0.74003804,0.019069249,1.9903433,0.001528678,-0.027147142,0.99963045,0.060416307
0.7009759,-0.7130018,-0.016165659,4.4406996,0.71318495,0.70080864,0.015310347,2.22243,0.0004127312,-0.022261284,0.9997523,0.070715256
0.6587435,-0.7522496,-0.013328063,4.6036286,0.7523677,0.6586441,0.0114368005,2.4491966,0.00017512427,-0.017561516,0.999846,0.07149636
0.6144961,-0.78884184,-0.011094273,4.7460685,0.7889187,0.6144088,0.010446,2.6789317,-0.0014238204,-0.015171498,0.9998841,0.073466614
0.56673634,-0.82385314,-0.008722592,4.9193125,0.8238916,0.56665295,0.010349626,2.97314,-0.0035838857,-0.013051972,0.9999086,0.07034093
0.5161506,-0.8564665,-0.0073407847,5.053856,0.8564802,0.5160653,0.010878844,3.2551742,-0.0055290377,-0.01190235,0.99991417,0.075062014
0.46392143,-0.8858511,-0.006697755,5.159572,0.88584673,0.46383032,0.011705581,3.53588,-0.007262776,-0.011363645,0.9999094,0.06967413
0.40963224,-0.912233,-0.0057037906,5.2883544,0.91219944,0.40953448,0.013181922,3.8900313,-0.009689081,-0.010602727,0.9998971,0.07044482
0.3548485,-0.93490624,-0.005734827,5.368549,0.9348496,0.35473603,0.014784939,4.2043595,-0.011788177,-0.010607606,0.99987453,0.06785328
0.29966342,-0.95403725,-0.0038371966,5.4688873,0.9539277,0.29956076,0.016893497,4.5979104,-0.01496755,-0.0087227635,0.9998502,0.06793026
0.24583387,-0.9693119,-0.00017551985,5.5380974,0.96915287,0.24578992,0.018169014,4.9710903,-0.0175683,-0.0046366556,0.9998352,0.06872125
0.19514027,-0.9807747,0.00109082,5.585672,0.9805967,0.19512552,0.018871963,5.339524,-0.01872199,-0.0026130157,0.9998216,0.075665
0.14758398,-0.9890476,-0.0019206399,5.620744,0.9888722,0.14752014,0.019223977,5.7714915,-0.018730095,-0.0047364095,0.9998137,0.07049021
0.104992464,-0.9944594,-0.005181606,5.6384306,0.99430376,0.10487673,0.018995255,6.180433,-0.01834658,-0.0071464414,0.9998064,0.055816
0.066845216,-0.99773544,-0.007442636,5.653401,0.99762154,0.066707775,0.017357575,6.645504,-0.016821785,-0.008585198,0.99982184,0.04696421
0.032039862,-0.99945796,-0.007550559,5.6526155,0.99938065,0.031925257,0.014798692,7.110411,-0.014549615,-0.008020024,0.9998622,0.043170776
0.00062085316,-0.9999694,-0.0077788993,5.6418467,0.9999289,0.00052785873,0.011908877,7.5680666,-0.011904403,-0.0077857333,0.9998991,0.0436216
-0.026487948,-0.99961084,-0.008734175,5.6149673,0.9996005,-0.026572064,0.009620538,8.070113,-0.009848874,-0.008475851,0.9999158,0.041121773
-0.047340043,-0.99883205,-0.009652994,5.5780463,0.99884725,-0.047413368,0.0074785487,8.565008,-0.0079274895,-0.009287827,0.9999256,0.03483409
-0.06400603,-0.9979022,-0.0097040655,5.533539,0.99792624,-0.06406807,0.0061870893,9.105761,-0.006795825,-0.009287927,0.99993396,0.025156546
-0.07732095,-0.996964,-0.00916598,5.4899483,0.9969798,-0.0773828,0.006559153,9.649516,-0.0072485236,-0.0086311335,0.99993664,0.025821177
-0.08667004,-0.9961908,-0.009587571,5.4308257,0.99620134,-0.086744584,0.0076168342,10.203621,-0.008419486,-0.008890998,0.9999252,0.02705749
-0.09378329,-0.99553174,-0.011004918,5.3690224,0.9955458,-0.09388061,0.0086549,10.784331,-0.009649372,-0.010144213,0.99990225,0.027229609
-0.09799398,-0.9951289,-0.010744654,5.303462,0.9951287,-0.09809964,0.009758203,11.369526,-0.010764713,-0.009736067,0.9998949,0.02378294
-0.09975496,-0.99495953,-0.010217958,5.2443366,0.99494517,-0.09986232,0.010562654,11.9746475,-0.0115298,-0.009112629,0.99989223,0.022430414
-0.0988224,-0.9950691,-0.008465676,5.1826253,0.9950165,-0.09892384,0.012497383,12.596167,-0.013273214,-0.0071884636,0.9998863,0.017619396
-0.09730164,-0.995219,-0.0084660025,5.118546,0.99513453,-0.097418986,0.014726478,13.245381,-0.015480816,-0.006991898,0.999856,0.012757301
-0.09577158,-0.99535817,-0.009488712,5.0521173,0.99528027,-0.09590562,0.014811734,13.895455,-0.015652997,-0.008025382,0.9998456,0.009129386
-0.0939325,-0.9955031,-0.012262322,4.983106,0.9954817,-0.09408833,0.012787014,14.550848,-0.013883249,-0.0110058,0.99984336,0.0068812734
-0.09261186,-0.99562055,-0.012762167,4.915363,0.99560785,-0.092772305,0.012582974,15.241042,-0.013711837,-0.011540779,0.9998397,0.0009169057
-0.09072316,-0.9957893,-0.013159585,4.8480086,0.9957467,-0.090916835,0.01492441,15.935244,-0.01605799,-0.011749622,0.99980235,-0.007507398
-0.08889388,-0.99594015,-0.014187322,4.7821975,0.9958497,-0.08914735,0.0183369,16.672977,-0.019527214,-0.012498401,0.99973154,-0.015438769
-0.08715126,-0.9960968,-0.013999022,4.7161784,0.99596137,-0.08742691,0.02043352,17.38869,-0.021577654,-0.012161677,0.9996935,-0.021565057
-0.08543093,-0.9962039,-0.016714618,4.6460166,0.996118,-0.08575722,0.019867158,18.14056,-0.02122514,-0.014952462,0.9996632,-0.033752155
-0.08382314,-0.99630713,-0.018594626,4.5729604,0.99629956,-0.08414938,0.017497018,18.896807,-0.01899713,-0.017059164,0.99967426,-0.039487373
-0.08208126,-0.9964474,-0.018845823,4.5016985,0.99645513,-0.08240268,0.016943993,19.659657,-0.018436745,-0.017388234,0.9996791,-0.049147837
-0.080849834,-0.9965859,-0.016726425,4.440185,0.99652636,-0.08115872,0.01867325,20.452486,-0.019966993,-0.015158595,0.99968606,-0.059752077
-0.079519734,-0.99671566,-0.015312386,4.374716,0.9965889,-0.079831354,0.020921985,21.231539,-0.02207568,-0.013596443,0.9996642,-0.06747239
-0.07836683,-0.99683493,-0.013367899,4.3133554,0.99665475,-0.0786509,0.022215746,22.04028,-0.02319683,-0.011582201,0.9996642,-0.078685634
-0.07779986,-0.9968842,-0.01299897,4.2477913,0.9967835,-0.078030646,0.018277856,22.840929,-0.019235225,-0.011535144,0.99974877,-0.08531062
-0.07746028,-0.9969359,-0.010897196,4.185765,0.9969155,-0.077588186,0.011817477,23.641111,-0.012626759,-0.0099482,0.99987113,-0.08802684
-0.07782585,-0.99691457,-0.010221067,4.122475,0.9969357,-0.07790087,0.0071249446,24.4601,-0.0078991875,-0.009635243,0.9999227,-0.09470797
-0.07773545,-0.9969149,-0.010856105,4.054184,0.99693745,-0.07782171,0.0077313725,25.285847,-0.008552357,-0.010221857,0.9999115,-0.09467225
-0.07780861,-0.9968997,-0.011694101,3.9890754,0.9968533,-0.077972874,0.014286454,26.130705,-0.015153982,-0.010545693,0.9998299,-0.10146449
-0.07799911,-0.99687034,-0.012869844,3.9116764,0.99670064,-0.07826387,0.021511752,26.981863,-0.02245167,-0.011149486,0.99968606,-0.10818512
-0.077959985,-0.99686253,-0.0136887785,3.8383958,0.9965765,-0.07830233,0.026536206,27.829666,-0.027524812,-0.011573154,0.9995545,-0.11489812
-0.07829978,-0.99680525,-0.01576402,3.7647812,0.9965258,-0.07870875,0.027227366,28.67328,-0.028381148,-0.013577359,0.9995054,-0.12384322
-0.07874187,-0.9967548,-0.016720956,3.6927335,0.99656713,-0.079135425,0.024324525,29.512835,-0.025568806,-0.014748201,0.9995647,-0.1320341
-0.079565056,-0.9966914,-0.01660644,3.6182163,0.99655944,-0.079920694,0.021956716,30.351566,-0.023211263,-0.014802321,0.99962145,-0.1396242
-0.07952249,-0.99667376,-0.017824002,3.546963,0.99654496,-0.07991703,0.022616727,31.18992,-0.023965936,-0.015963886,0.9995858,-0.15355523
-0.07926337,-0.99669784,-0.017632958,3.4789875,0.9965173,-0.07968413,0.02457587,32.027527,-0.025899779,-0.015623584,0.999543,-0.16319749
-0.07922567,-0.99668276,-0.018628255,3.403823,0.996551,-0.07965076,0.023285942,32.859238,-0.024692446,-0.016719162,0.9995558,-0.16888002
-0.07866113,-0.99670494,-0.019801686,3.334941,0.99669594,-0.07903322,0.018747104,33.68162,-0.020250313,-0.018261591,0.9996287,-0.17237908
-0.07878876,-0.9966711,-0.020963108,3.2625105,0.99675673,-0.07910685,0.014784958,34.516163,-0.016394056,-0.01973023,0.9996715,-0.17314237
-0.078329176,-0.9967093,-0.020867987,3.193485,0.996788,-0.07865181,0.0150973955,35.34858,-0.016689008,-0.019618394,0.99966884,-0.18174718
-0.07759603,-0.9967724,-0.020589607,3.1286817,0.9968079,-0.07795536,0.017244484,36.17956,-0.018793887,-0.019185781,0.99963987,-0.18244746
-0.077210255,-0.9967924,-0.021067942,3.0579298,0.9967381,-0.07766991,0.02192987,37.0214,-0.023495864,-0.019306011,0.99953806,-0.19169936
-0.076705836,-0.99688876,-0.01814702,2.9945605,0.99664146,-0.07718526,0.027362058,37.85127,-0.028677603,-0.015987244,0.9994614,-0.20224285
-0.07682935,-0.99685836,-0.01926161,2.9237928,0.99652463,-0.07739907,0.03079762,38.680607,-0.032191686,-0.016828507,0.99934065,-0.21233943
-0.07656078,-0.99688625,-0.01888339,2.8590822,0.9965446,-0.07711933,0.03085254,39.51464,-0.032212734,-0.016456045,0.9993462,-0.22354844
-0.07633285,-0.9968999,-0.0190823,2.7927682,0.99667835,-0.07683319,0.027006365,40.332207,-0.028388785,-0.01695744,0.9994538,-0.23268019
-0.07615349,-0.9968962,-0.01997359,2.7200012,0.9967986,-0.0766053,0.022904243,41.164284,-0.024363223,-0.018165404,0.9995388,-0.2405934
-0.07599132,-0.9968422,-0.023052385,2.6478858,0.9968755,-0.07645349,0.019859727,41.994328,-0.021559436,-0.021471191,0.9995377,-0.25223258
-0.076111525,-0.9967544,-0.026234064,2.572432,0.9969007,-0.07659567,0.017956013,42.827938,-0.019907134,-0.0247861,0.9994953,-0.2635167
-0.07697015,-0.99674165,-0.024130335,2.5064318,0.99687606,-0.07736593,0.015903233,43.647846,-0.017718263,-0.022830881,0.9995831,-0.26775473
-0.07812466,-0.9967237,-0.020950869,2.444303,0.99684286,-0.07839878,0.01257865,44.468178,-0.014179942,-0.01990202,0.9997022,-0.26518252
-0.078930624,-0.9967305,-0.017286247,2.3788655,0.9967993,-0.0791337,0.011373144,45.29228,-0.012703864,-0.016333226,0.99978673,-0.26547593
-0.08044073,-0.99661267,-0.017121494,2.3088794,0.99664,-0.080685616,0.014103692,46.10669,-0.015437356,-0.015929451,0.99975485,-0.26872548
-0.0822214,-0.996489,-0.015806945,2.2403286,0.9963914,-0.082528435,0.019839784,46.92854,-0.021074632,-0.014118644,0.9996791,-0.27564612
-0.08433919,-0.99636745,-0.011807299,2.168587,0.9961314,-0.084601335,0.023776874,47.74721,-0.024689399,-0.009756294,0.99964845,-0.2768379
-0.08575582,-0.9962436,-0.012047836,2.1006546,0.9960178,-0.08602024,0.023442106,48.55217,-0.02439039,-0.009989557,0.99965346,-0.2781035
-0.08673371,-0.9961237,-0.014675726,2.0200384,0.9960128,-0.08701442,0.019684326,49.361088,-0.020885006,-0.012909913,0.99969935,-0.2835882
-0.087935895,-0.9959543,-0.018518794,1.9376571,0.99596727,-0.0882393,0.016236048,50.15853,-0.017804429,-0.01701638,0.99969757,-0.28456107
-0.08898799,-0.9958206,-0.02056925,1.8555616,0.9958922,-0.08930392,0.0149675105,50.949005,-0.016741851,-0.019152828,0.99967724,-0.2871264
-0.09004379,-0.9956788,-0.022724524,1.7734386,0.9957827,-0.09040967,0.015603364,51.76163,-0.017590437,-0.021223702,0.9996208,-0.29098362
-0.09076779,-0.99559647,-0.023438122,1.6965902,0.9956935,-0.09117264,0.016806064,52.549576,-0.018868955,-0.021811737,0.9995848,-0.2953104
-0.09190172,-0.9954557,-0.02495065,1.6135695,0.99559027,-0.09233053,0.016598042,53.342976,-0.018826302,-0.023315236,0.9995517,-0.2959082
-0.09251746,-0.9953936,-0.025152694,1.5339814,0.9955339,-0.09294862,0.016532293,54.129402,-0.018794024,-0.023510834,0.9995478,-0.2975323
-0.09241901,-0.9954074,-0.024965439,1.4591972,0.9955163,-0.092878975,0.01792145,54.91336,-0.020157887,-0.02319722,0.99952847,-0.30183008
-0.09319321,-0.99535066,-0.024340997,1.3785421,0.99537957,-0.09370845,0.020943828,55.695038,-0.023127388,-0.022276709,0.99948514,-0.2990581
-0.09286966,-0.99537146,-0.024723995,1.3066936,0.99531126,-0.09348149,0.02484355,56.46359,-0.027039777,-0.022300858,0.99938637,-0.3096868
-0.09347532,-0.99530286,-0.025197875,1.2287074,0.9951938,-0.0941476,0.026945885,57.241318,-0.02919162,-0.022557989,0.99932003,-0.31681117
-0.094033025,-0.9952545,-0.025031192,1.1527473,0.99513227,-0.09470725,0.027252987,58.001167,-0.029494278,-0.022346664,0.9993159,-0.32599443
-0.09434718,-0.99523205,-0.024740417,1.0778795,0.99515116,-0.09497568,0.025577413,58.743473,-0.027805181,-0.022207296,0.9993674,-0.3350581
-0.09493196,-0.99519795,-0.023861865,1.0046629,0.99518734,-0.09546188,0.022129007,59.47473,-0.02430062,-0.021646272,0.9994711,-0.33814633
-0.09460337,-0.9952158,-0.024418134,0.9329477,0.9952853,-0.095080644,0.01916906,60.16753,-0.021399023,-0.022489548,0.9995189,-0.34359574
-0.09348668,-0.9953422,-0.023550259,0.8587845,0.99543345,-0.093902126,0.017180951,60.88937,-0.019312326,-0.021836523,0.9995758,-0.34468535
-0.09143011,-0.99549365,-0.025165923,0.78678966,0.9956377,-0.09185777,0.016379291,61.594994,-0.018617148,-0.02355858,0.99954987,-0.34743845
-0.0874051,-0.9958529,-0.02525363,0.722703,0.9959857,-0.08785273,0.017178388,62.257076,-0.01932573,-0.02365077,0.99953425,-0.3495572
-0.08102268,-0.99639183,-0.025278682,0.6646524,0.9965002,-0.081503324,0.018584115,62.933304,-0.020577341,-0.023684472,0.9995085,-0.35164958
-0.0741051,-0.99694735,-0.024591403,0.62016934,0.9970114,-0.07460545,0.020077597,63.57603,-0.021850945,-0.02303005,0.99949676,-0.35145673
-0.064888015,-0.99755937,-0.025789568,0.5689803,0.99762505,-0.065448105,0.021486375,64.221535,-0.023121797,-0.024334103,0.99943733,-0.3526027
-0.053247027,-0.99820536,-0.027407685,0.5318641,0.99827224,-0.053894237,0.023429489,64.83408,-0.02486454,-0.02611277,0.99935067,-0.35172218
-0.03846129,-0.9988041,-0.030190332,0.50145245,0.99892044,-0.039219234,0.024916118,65.42886,-0.026070347,-0.029199425,0.99923456,-0.35690174
-0.020153692,-0.99930745,-0.031287618,0.4847819,0.99943,-0.020985005,0.026461814,66.017044,-0.027100042,-0.030736474,0.99916106,-0.3608489
0.0017773043,-0.999504,-0.03144787,0.49015144,0.99962366,0.0009140447,0.027432878,66.577614,-0.027390508,-0.031484786,0.99912983,-0.3655915
0.027513728,-0.99916756,-0.030129034,0.5064844,0.99925566,0.026675075,0.027881429,67.12964,-0.027054504,-0.030873727,0.9991581,-0.3689283
0.056441173,-0.9980142,-0.02797792,0.5491386,0.998055,0.055655427,0.028099008,67.640114,-0.02648606,-0.02950944,0.99921453,-0.36843318
0.09067087,-0.9955526,-0.025586264,0.5958217,0.9955421,0.08993911,0.02842218,68.141335,-0.025994541,-0.028049262,0.99926955,-0.37255707
0.1280461,-0.99148375,-0.023769528,0.6702828,0.9914398,0.12734933,0.028813014,68.61941,-0.025540572,-0.027255442,0.9993032,-0.37819114
0.16804549,-0.98553276,-0.022061018,0.77140105,0.98546237,0.1673812,0.029125655,69.07256,-0.025011657,-0.026634729,0.9993334,-0.37516406
0.21334557,-0.9767916,-0.019040843,0.8742157,0.9766473,0.21272616,0.030141585,69.52798,-0.025391534,-0.025026748,0.9993653,-0.38182798
0.26004094,-0.9654862,-0.014690803,1.0280199,0.9652926,0.25954556,0.029107995,69.95993,-0.024290409,-0.021750176,0.9994694,-0.3875296
0.3103565,-0.950603,-0.0057831863,1.1871293,0.9503643,0.3101254,0.02511666,70.37012,-0.022082435,-0.013291231,0.9996689,-0.37782702
0.36014807,-0.9328954,-0.0005212752,1.3916091,0.93270266,0.36006185,0.020546757,70.77143,-0.01898026,-0.007886045,0.9997899,-0.37391937
0.41247857,-0.910952,0.0053535155,1.5873137,0.9108032,0.41250846,0.016589,71.16181,-0.01732013,-0.0019665798,0.9998492,-0.37222
0.46233594,-0.88668185,0.0064448025,1.8370631,0.88654035,0.46237776,0.015931327,71.54023,-0.017105928,-0.0016520168,0.9998535,-0.383394
0.51047426,-0.8598476,0.008885081,2.0647013,0.85972166,0.51055133,0.0147217065,71.90376,-0.017194692,0.00012367801,0.9998533,-0.39631712
0.555455,-0.8313769,0.016823882,2.333246,0.8313363,0.55565584,0.011282424,72.24519,-0.018728215,0.007719462,0.999796,-0.4046844
0.5986251,-0.8005663,0.027247451,2.6382794,0.80076706,0.5989536,0.005248641,72.572174,-0.020521823,0.018676935,0.9996161,-0.38854754
0.6410712,-0.7669816,0.027707692,2.9155362,0.767259,0.6413373,0.00095544104,72.8695,-0.018502763,0.020646514,0.9996168,-0.3866224
0.68239385,-0.7306822,0.021048896,3.2302818,0.7308966,0.6824769,-0.0040575983,73.17895,-0.011400551,0.018153487,0.9997715,-0.40325466
0.72305644,-0.69069684,0.011316641,3.5364354,0.6907877,0.7229977,-0.009360792,73.455414,-0.0017164156,0.014585817,0.99989337,-0.3977212
0.7621548,-0.647392,0.00212134,3.9060802,0.64736634,0.7620847,-0.0120335035,73.73303,0.0061737737,0.010544717,0.99992657,-0.4010427
0.799183,-0.6010863,-0.001615735,4.270583,0.6010196,0.79912883,-0.013025627,73.994354,0.009120726,0.009438813,0.999915,-0.40537772
0.8332647,-0.55286604,-0.0031708553,4.6828384,0.5527784,0.83321214,-0.013958048,74.24331,0.010358943,0.0098780105,0.99989873,-0.40133482
0.86388844,-0.503639,-0.0067403084,5.143651,0.5035331,0.86387956,-0.012948495,74.48832,0.012344196,0.00779213,0.99989456,-0.40485257
0.89004666,-0.45583194,-0.005921062,5.593792,0.45575634,0.8900392,-0.010840313,74.70714,0.010211351,0.006949866,0.99992484,-0.3830446
0.9116259,-0.41095075,-0.007652062,6.098913,0.41091707,0.9116557,-0.005660914,74.93229,0.009302414,0.0020163148,0.9999559,-0.38381684
0.92912054,-0.36961767,-0.010894438,6.593701,0.36963943,0.9291758,-5.728891e-05,75.11901,0.010144033,-0.0039737443,0.9999419,-0.3790035
0.94288814,-0.33293074,-0.010956798,7.137162,0.33299574,0.9429173,0.0046676127,75.308876,0.00877737,-0.008049563,0.9999303,-0.37478805
0.9532118,-0.302179,-0.008727645,7.7049427,0.30223265,0.9532184,0.0055798683,75.48644,0.0066332375,-0.007956534,0.9999476,-0.36637002
0.96065557,-0.2776759,-0.0061621885,8.26327,0.27770817,0.9606525,0.0051052845,75.63785,0.0045021106,-0.0066156685,0.99996924,-0.35093895
0.96667916,-0.2559637,-0.0038731145,8.860524,0.25598323,0.9666649,0.0057123536,75.803,0.0022818504,-0.0065134238,0.99997747,-0.34558168
0.97127825,-0.23794349,-0.0015692089,9.471232,0.2379488,0.971246,0.007914283,75.950294,-0.0003590636,-0.008060321,0.99996877,-0.34048587
0.97492117,-0.22255182,-0.00065397576,10.091984,0.22254328,0.9748456,0.012312481,76.09855,-0.0021026402,-0.012149196,0.9999253,-0.3352126
0.9779866,-0.20867065,6.1802624e-05,10.740099,0.20864673,0.9778768,0.014988219,76.24428,-0.0031880382,-0.014645343,0.999889,-0.33955923
0.98067033,-0.19566989,0.00046606266,11.394921,0.19564304,0.9805681,0.014530616,76.3765,-0.003300212,-0.014158523,0.9998957,-0.32642645
0.9833073,-0.18195546,0.00060541776,12.063768,0.18192741,0.9832022,0.014730606,76.50413,-0.0032755646,-0.01437453,0.9998927,-0.32480055
0.98593485,-0.16712809,0.0014453661,12.762808,0.16708773,0.9858254,0.015201612,76.621925,-0.0039654984,-0.014746256,0.9998848,-0.3237224
0.9881913,-0.15321608,0.0020683052,13.469727,0.15316468,0.9880722,0.015969254,76.73349,-0.0044903853,-0.015463844,0.99987173,-0.32500634
0.99016184,-0.13993214,-4.095358e-05,14.186505,0.13991505,0.99003273,0.01612586,76.838875,-0.0022159854,-0.0159729,0.9998713,-0.31709895
0.99161273,-0.12915203,-0.0050451336,14.913422,0.1292217,0.9914632,0.017424533,76.93477,0.0027516454,-0.017930288,0.9998368,-0.31109044
0.99277914,-0.11947402,-0.010822107,15.653994,0.119641244,0.992683,0.016356487,77.02359,0.008788741,-0.017533107,0.999809,-0.29779258
0.99376833,-0.11090894,-0.011187926,16.415648,0.11109074,0.99366283,0.017150702,77.11524,0.009214855,-0.01828666,0.9997916,-0.29244214
0.9944811,-0.10479957,-0.005100613,17.182465,0.10487391,0.99433327,0.017434074,77.19631,0.0032446198,-0.017872738,0.9998363,-0.28084177
0.9949985,-0.099870294,0.0023395447,17.948647,0.099800035,0.99478596,0.021023504,77.28227,-0.0044269757,-0.020684829,0.99977756,-0.2809046
0.99544585,-0.09512741,0.0063215597,18.72575,0.094981804,0.995271,0.020377276,77.365234,-0.008230109,-0.019684002,0.9997737,-0.2708828
0.9957246,-0.092174426,0.0061668055,19.492886,0.092032604,0.99554855,0.02035133,77.43524,-0.008015233,-0.019696731,0.99977523,-0.25778463
0.9960426,-0.08873202,0.005239262,20.263372,0.08860223,0.9958393,0.021327887,77.51159,-0.0071099363,-0.020779232,0.99976015,-0.24941294
0.9962398,-0.08634447,0.0072497344,21.031471,0.08618542,0.9960788,0.020008415,77.57634,-0.008948929,-0.019308314,0.9997749,-0.2501543
0.99644685,-0.083648495,0.009906339,21.800568,0.08345829,0.9963437,0.018310564,77.643524,-0.011401776,-0.017418697,0.9997846,-0.2451201
0.99669534,-0.08033947,0.0120559195,22.56943,0.08016377,0.99667764,0.014447749,77.70451,-0.013176597,-0.013433518,0.9998242,-0.2405046
0.9969032,-0.07812847,0.00901859,23.336243,0.0779965,0.99685305,0.014207409,77.76854,-0.010100219,-0.013459955,0.9998597,-0.23548664
0.9971086,-0.07598137,0.0016251056,24.083435,0.075942494,0.99696237,0.017319066,77.83743,-0.0029361043,-0.017145537,0.99985,-0.23283227
0.9972394,-0.074013636,-0.006086242,24.844452,0.07411218,0.9970902,0.017879104,77.90322,0.004745226,-0.018280772,0.9998229,-0.22269267
0.9972778,-0.073064014,-0.010005445,25.607794,0.073240735,0.9971423,0.018554451,77.96385,0.00862118,-0.01923671,0.99977905,-0.2069242
0.997449,-0.0708467,-0.00881697,26.375607,0.07101332,0.99727094,0.020223068,78.02223,0.007360161,-0.020797562,0.9997579,-0.19318497
0.9976394,-0.06848589,-0.00516752,27.140318,0.06859031,0.99736345,0.023720875,78.08558,0.0035293414,-0.024019284,0.99970657,-0.17731558
0.99777246,-0.06671855,-0.00062507216,27.903412,0.06671157,0.99740756,0.026997022,78.14614,-0.0011777596,-0.026978543,0.99963665,-0.17048204
0.99792916,-0.06431787,0.0015600877,28.66258,0.06425916,0.9976187,0.025078228,78.19417,-0.0031693596,-0.024926001,0.99968565,-0.15492517
0.9980056,-0.063110635,0.0019142019,29.421349,0.06305264,0.9977596,0.022393009,78.24072,-0.0033231592,-0.02222761,0.99974877,-0.14270866
0.99807787,-0.0619522,0.0020670253,30.182129,0.061895184,0.9978582,0.021195466,78.28746,-0.0033757128,-0.021026745,0.9997746,-0.13155687
0.998134,-0.061071787,0.00077663956,30.933369,0.061042696,0.9979164,0.02093021,78.33718,-0.0020532757,-0.020843705,0.999782,-0.12582776
0.9981716,-0.060458057,-0.00032628083,31.704542,0.060453393,0.9979809,0.019518793,78.38161,-0.0008544556,-0.019502789,0.9998108,-0.11708159
0.99822235,-0.05961538,-0.00018836226,32.463757,0.059608795,0.99804395,0.018882373,78.42954,-0.0009376954,-0.018859994,0.99982315,-0.1068736
0.9982528,-0.05910337,0.0002898359,33.24067,0.059086885,0.9980617,0.019569973,78.48076,-0.0014459346,-0.01951861,0.9998099,-0.10539029
0.998258,-0.059015892,-0.00031782556,34.016438,0.05901081,0.9980549,0.020137616,78.5332,-0.0008712413,-0.020121247,0.99979866,-0.09572457
0.9981915,-0.060128294,-0.0005563824,34.788666,0.06012837,0.9980066,0.019208537,78.58451,-0.00059971254,-0.01920721,0.9998168,-0.09107034
0.99806273,-0.062230967,-0.00021962158,35.58078,0.06222485,0.99789137,0.018505929,78.635284,-0.00093249243,-0.018483702,0.9998302,-0.08187048
0.9979068,-0.0646831,-0.0003116978,36.358833,0.064677976,0.9977293,0.018828562,78.69271,-0.00090690865,-0.018809266,0.9998241,-0.07603468
0.9976946,-0.06787011,-0.0010253699,37.158764,0.06787689,0.99746054,0.021602357,78.76096,-0.0004433972,-0.02162211,0.9997676,-0.06681038
0.997543,-0.06987784,-0.005192134,37.953667,0.069975786,0.9973099,0.021859657,78.826164,0.003650651,-0.022169227,0.99974906,-0.054226555
0.9973511,-0.07214085,-0.009398475,38.749073,0.07234485,0.9971037,0.023494432,78.890305,0.0076763355,-0.024112083,0.99968135,-0.042982534
0.9972104,-0.07389291,-0.01064074,39.582157,0.07412716,0.996971,0.023569457,78.953804,0.008866884,-0.02429243,0.9996671,-0.03147679
0.9970653,-0.07595085,-0.009705891,40.3963,0.076154195,0.99684083,0.0225941,79.02052,0.007959178,-0.023266891,0.9996992,-0.020754479
0.9968691,-0.07862605,-0.0084789535,41.2266,0.07879336,0.9966585,0.021564746,79.08682,0.0067550605,-0.022165269,0.9997331,0.00094453245
0.9967491,-0.080280855,-0.0069429027,42.063034,0.08041201,0.99653685,0.021209467,79.16228,0.0052161347,-0.021698765,0.9997525,0.019992566
0.9966732,-0.081437506,-0.0035356805,42.895363,0.08149283,0.99647266,0.020067899,79.23306,0.0018889209,-0.020289226,0.99979395,0.0242061
0.99659634,-0.08244427,0.0009190979,43.75251,0.082410425,0.996402,0.019828899,79.31091,-0.0025505777,-0.01968562,0.99980456,0.032061737
0.9966476,-0.08175037,0.003558382,44.603603,0.08166442,0.9964613,0.019937508,79.38448,-0.005175695,-0.01958003,0.9997965,0.042523723
0.9968125,-0.07970704,0.003723872,45.47152,0.07960791,0.99658746,0.02185602,79.45795,-0.0054532485,-0.021489859,0.9997558,0.04887081
0.99692094,-0.0783808,0.0027138602,46.33732,0.07829935,0.9966692,0.022835746,79.53042,-0.0044947113,-0.022552893,0.9997372,0.056392215
0.9971105,-0.07597737,0.00054944225,47.199677,0.0759494,0.99688923,0.021097936,79.60008,-0.0021507058,-0.020995196,0.9997789,0.0632899
0.99721456,-0.07459995,-0.00054222276,48.07435,0.07459855,0.9970621,0.017430343,79.66461,-0.00075968046,-0.01742219,0.9998496,0.07287045
0.9973372,-0.07293812,-0.00094108976,48.950375,0.07294429,0.9972054,0.016193142,79.73462,-0.0002426455,-0.01621862,0.9998701,0.08106938
0.997447,-0.07141482,0.0013548535,49.825138,0.07138764,0.9973402,0.014765703,79.799774,-0.002405747,-0.014631236,0.99989176,0.08753408
0.9974691,-0.071010955,0.0039113876,50.705887,0.070960656,0.9974092,0.011876669,79.85733,-0.004744634,-0.011569005,0.99992347,0.10165044
0.99754184,-0.06994391,0.004551399,51.57359,0.069889486,0.99749184,0.011277986,79.92122,-0.0053288154,-0.010932118,0.99992776,0.109955244
0.9976204,-0.068947665,0.0015612732,52.434532,0.06892402,0.9975477,0.012242418,79.98795,-0.0024015377,-0.012105626,0.9999256,0.11705231
0.9976628,-0.06823123,-0.004024885,53.302345,0.068287894,0.99753773,0.016033892,80.06038,0.0029209529,-0.016271217,0.9998651,0.13595384
0.9977132,-0.06695573,-0.009387762,54.163986,0.06710644,0.9976067,0.016720751,80.12782,0.008245731,-0.017312443,0.9998179,0.1501285
0.9976751,-0.06638184,-0.015517012,55.01422,0.06670499,0.99754655,0.021293141,80.20047,0.014065445,-0.022278642,0.99965465,0.17169991
0.9977301,-0.06518773,-0.016979912,55.865852,0.06557042,0.99758345,0.023018245,80.26329,0.015438355,-0.024079315,0.99959266,0.19339982
0.99781126,-0.065221556,-0.011045739,56.732494,0.065436386,0.9976512,0.02030341,80.31515,0.009695561,-0.020981705,0.9997347,0.21368968
0.99783933,-0.0657006,-0.0018281625,57.59062,0.06572366,0.99766874,0.018425731,80.3759,0.00061331154,-0.018506017,0.99983037,0.23336588
0.9977606,-0.06671799,0.0050785798,58.439903,0.06663575,0.9976654,0.015013493,80.4348,-0.0060683955,-0.014641402,0.99987626,0.23508947
0.99759567,-0.06919681,0.0042370614,59.268482,0.06912775,0.9974989,0.014807122,80.49666,-0.0052510723,-0.014478568,0.9998833,0.25637025
0.99748796,-0.070842765,0.0015356992,60.11679,0.07082326,0.9974342,0.010542102,80.551285,-0.002278595,-0.010406805,0.99994516,0.27865392
0.9972926,-0.07355808,-0.00014011198,60.946564,0.07355697,0.9972534,0.008779653,80.61687,-0.0005060929,-0.008766139,0.9999634,0.27966985
0.99707985,-0.076339796,-0.0026844167,61.776062,0.07636576,0.997018,0.01119903,80.689224,0.0018214729,-0.011371273,0.9999357,0.30040422
0.99684507,-0.079166144,-0.00598793,62.592243,0.07922843,0.9967979,0.010900615,80.76015,0.0051057874,-0.0113405865,0.9999247,0.31172287
0.9964308,-0.0839135,-0.009352434,63.420746,0.084003635,0.99641985,0.009642985,80.83928,0.008509763,-0.010394153,0.99991184,0.31701767
0.9961747,-0.086444065,-0.0129172625,64.230385,0.086608686,0.99616206,0.012736811,80.91498,0.01176665,-0.013806781,0.9998376,0.34873953
0.9958527,-0.08990442,-0.014068574,65.04661,0.09012167,0.9958094,0.015616141,81.0017,0.012605642,-0.016819203,0.9997812,0.36114383
0.9955778,-0.09308541,-0.012778684,65.85731,0.09332495,0.99544394,0.019595185,81.08914,0.010896422,-0.020701043,0.9997284,0.3861177
0.995267,-0.09688992,-0.0077117025,66.66738,0.09704725,0.995002,0.02356272,81.17818,0.0053901575,-0.024199534,0.9996947,0.40493268
0.9948572,-0.101284176,-0.0020573316,67.47279,0.101304926,0.9945735,0.023735177,81.26652,-0.00035783768,-0.023821468,0.9997183,0.42079884
0.9943788,-0.10588691,0.001510332,68.27078,0.10582688,0.99413097,0.02250964,81.355156,-0.003884948,-0.022223216,0.99974763,0.4338266
0.99365896,-0.11242829,0.0022977036,69.05396,0.11234033,0.9933735,0.02431201,81.452484,-0.0050158384,-0.023899661,0.999704,0.44918114
0.992931,-0.118565686,0.005804414,69.83739,0.11842509,0.9927525,0.020499779,81.54485,-0.008192917,-0.019667419,0.99977523,0.45673788
0.99220103,-0.124520086,0.005940035,70.619194,0.12436552,0.9920002,0.021702249,81.649025,-0.008594882,-0.020794198,0.999749,0.4660552
0.9914333,-0.13054939,0.004484041,71.39129,0.13039641,0.99113846,0.02536542,81.76272,-0.0077557466,-0.02456336,0.9996703,0.47019398
0.990626,-0.136611,0.0009328763,72.15864,0.13653383,0.99025095,0.027635291,81.87857,-0.004699069,-0.027248805,0.9996198,0.47680604
0.98978823,-0.14253114,-0.0027131333,72.93719,0.1425523,0.9894112,0.027323065,81.995384,-0.0012099871,-0.027430749,0.99962515,0.48781675
0.9890165,-0.14776133,-0.0040329187,73.70055,0.14781657,0.9885948,0.028859008,82.11938,-0.0002773272,-0.029138103,0.99957746,0.5004138
0.9882721,-0.15271448,-4.6642293e-05,74.47525,0.15265252,0.98785853,0.028893877,82.24509,-0.0043664384,-0.028562065,0.9995846,0.4983834
0.98730797,-0.15877746,0.004028049,75.23324,0.15857714,0.9868521,0.031278603,82.37423,-0.008941423,-0.030242788,0.99950475,0.50897294
0.98626226,-0.16506968,0.0065009575,75.99597,0.16482201,0.98590773,0.02866574,82.50774,-0.011141185,-0.027200371,0.9995701,0.52049655
0.9851377,-0.17174926,0.0030999826,76.74576,0.17160143,0.98478293,0.027525725,82.64293,-0.0077803303,-0.0265846,0.9996185,0.5225218
0.9836581,-0.18000685,-0.0042580953,77.48579,0.18005693,0.9833104,0.026121648,82.785645,-0.0005150483,-0.0264614,0.99965185,0.5379956
0.98187494,-0.18942447,-0.0066223047,78.23478,0.18953107,0.98157626,0.02425163,82.92735,0.0019064412,-0.025067128,0.9996861,0.5445236
0.9797613,-0.20014147,-0.0038775872,78.98807,0.20017745,0.9794791,0.023492977,83.0872,-0.0009039043,-0.023793643,0.99971867,0.5525742
0.97741306,-0.2113435,0.0012316052,79.72652,0.21125337,0.97713405,0.024151918,83.25433,-0.006307789,-0.023346145,0.9997097,0.5583427
0.97478884,-0.22296244,0.008845453,80.45026,0.22268304,0.9745655,0.025230777,83.43258,-0.014245977,-0.022624873,0.9996447,0.5605865
0.97194445,-0.23486212,0.012949298,81.19898,0.23449816,0.9718019,0.024780493,83.61675,-0.018404134,-0.021048602,0.9996113,0.5753922
0.9691945,-0.2461608,0.008412708,81.90818,0.24587016,0.96894675,0.026312456,83.806206,-0.014628545,-0.023433376,0.9996206,0.57311535
0.9661978,-0.25779733,-0.0024984174,82.62307,0.25776806,0.9658203,0.027367303,84.009926,-0.004642186,-0.027086161,0.99962455,0.5727228
0.9628534,-0.2699319,-0.0073560462,83.32112,0.2700322,0.9625384,0.024589041,84.2066,0.0004431157,-0.025661932,0.9996728,0.57896495
0.9594434,-0.28188598,-0.0035480133,84.02948,0.28188655,0.9591329,0.024622723,84.422165,-0.0035377748,-0.024624169,0.99969274,0.5731442
0.95585793,-0.29381305,0.0036641036,84.76106,0.293623,0.9555638,0.026184607,84.647934,-0.011194647,-0.02395282,0.9996527,0.58528686
0.95210737,-0.30562606,0.009384113,85.48624,0.30530953,0.9519077,0.025689542,84.885506,-0.016784184,-0.021594066,0.9996282,0.589071
0.9479333,-0.31837273,0.008069355,86.18866,0.31811088,0.94775516,0.023827111,85.12387,-0.0152336545,-0.020019483,0.9996858,0.59589535
0.944113,-0.32960647,0.0037601602,86.89694,0.3294626,0.94393754,0.020939536,85.38006,-0.010451144,-0.018530376,0.999776,0.5889153
0.94099265,-0.33842602,-0.0021413304,87.595726,0.33841288,0.940847,0.016908187,85.627045,-0.0037074906,-0.016635055,0.9998571,0.5986018
0.9381359,-0.34619182,-0.0074903313,88.3095,0.34626442,0.93804556,0.013179209,85.89285,0.0024637496,-0.014957447,0.99988747,0.6043279
0.93545216,-0.35331616,-0.010047944,89.01834,0.35342824,0.93536794,0.013327304,86.163864,0.004689784,-0.016018204,0.9998631,0.61206686
0.93263197,-0.3606505,-0.011528141,89.70891,0.36080265,0.93249923,0.01640112,86.44491,0.0048349225,-0.019455511,0.99980146,0.61587363
0.9295219,-0.3686307,-0.010217408,90.41695,0.36876103,0.9293542,0.017843986,86.73426,0.002917764,-0.02035408,0.99979097,0.6341873
0.9263673,-0.37660748,-0.0037961563,91.11314,0.37661085,0.9261867,0.01856624,87.01964,-0.0034762158,-0.018628756,0.99982274,0.63703585
0.9234762,-0.38363922,0.004078286,91.83463,0.38349324,0.9233332,0.019768275,87.32452,-0.011349478,-0.016691465,0.99979854,0.64375675
0.9209421,-0.38960734,0.008706141,92.5462,0.3892524,0.9207184,0.027611552,87.6385,-0.018773535,-0.022039678,0.99958307,0.64721894
0.91856635,-0.39525688,0.0034468612,93.232735,0.39492178,0.9180832,0.034091342,87.96022,-0.016639313,-0.029953837,0.99941504,0.6508736
0.9161155,-0.40088633,-0.005142213,93.923805,0.4008314,0.9155687,0.03271571,88.27197,-0.008407208,-0.03203245,0.9994537,0.6459011
0.9140863,-0.40538284,-0.0107206395,94.62428,0.40552372,0.91370183,0.026487522,88.58253,-0.0009420997,-0.028559273,0.99959385,0.65957385
0.91234976,-0.40923777,-0.012098627,95.32803,0.4094168,0.91195333,0.026855582,88.90874,4.3082837e-05,-0.029454982,0.99956834,0.66375035
0.910331,-0.41378668,-0.009053283,96.03276,0.41385916,0.90980476,0.031275123,89.24204,-0.004704486,-0.032217413,0.999472,0.65871793
0.90792555,-0.41910252,-0.005306406,96.72966,0.41903347,0.90734863,0.033639472,89.57305,-0.009283599,-0.032765616,0.99942213,0.66627663
0.9055031,-0.42429847,-0.006233449,97.42475,0.424272,0.90497845,0.031771943,89.90125,-0.007839623,-0.03141419,0.9994779,0.6805111
0.90326583,-0.42890304,-0.012525693,98.121414,0.42908296,0.902762,0.030181147,90.23729,-0.0016370455,-0.03263608,0.99946815,0.68532175
0.90092605,-0.4335823,-0.018513137,98.817184,0.43394637,0.90055156,0.026453711,90.58295,0.005202188,-0.031866465,0.99948084,0.6950823
0.89867973,-0.43812487,-0.020624775,99.51435,0.43856132,0.8982868,0.027331892,90.930374,0.006552196,-0.033607762,0.9994159,0.7070303
0.89680874,-0.44207975,-0.017425878,100.20767,0.44241455,0.8963418,0.029036907,91.28254,0.0027829297,-0.033749927,0.9994287,0.71456546
0.8947735,-0.44623828,-0.015994944,100.90285,0.44652492,0.8942251,0.03129432,91.63476,0.00033837417,-0.035143383,0.9993845,0.728238
0.89246666,-0.4508325,-0.016042795,101.585785,0.45111796,0.8918846,0.032199197,91.98772,-0.00020810276,-0.035973813,0.999355,0.74113786
0.89006484,-0.4555448,-0.01635838,102.27283,0.45583844,0.8895166,0.031209763,92.34535,0.0003336239,-0.0352354,0.99938136,0.75466406
0.887926,-0.45971873,-0.01581738,102.95534,0.4599897,0.8874768,0.02823032,92.70146,0.0010595676,-0.03234218,0.99947864,0.7667406
0.88586944,-0.46369818,-0.014946813,103.62303,0.46393892,0.88544065,0.027534835,93.06044,0.00046668074,-0.031326592,0.9995114,0.77643454
0.88361865,-0.46797067,-0.015019073,104.30454,0.46821177,0.8831704,0.028115438,93.429955,0.000107218,-0.03187535,0.99949425,0.7873512
0.8814227,-0.47208008,-0.015440235,104.96108,0.4723327,0.88095695,0.028626254,93.78819,8.83162e-05,-0.03252467,0.9994734,0.7958701
0.8788173,-0.4768144,-0.018225834,105.62224,0.4771497,0.87843364,0.026177086,94.15461,0.0035285894,-0.03170124,0.9994936,0.81693065
0.87670726,-0.48051128,-0.022301782,106.27808,0.48095828,0.87642866,0.023551606,94.518906,0.00822912,-0.031374004,0.9994763,0.83238363
0.87458426,-0.4842438,-0.024785575,106.91712,0.48475674,0.87436426,0.022379177,94.8719,0.01083465,-0.031587362,0.9994448,0.8493508
0.8726312,-0.48787937,-0.022194982,107.57636,0.48832285,0.872339,0.023838982,95.24822,0.0077310107,-0.03164087,0.99947196,0.8589887
0.870873,-0.49129438,-0.014633554,108.21066,0.49151194,0.8704459,0.027253583,95.610725,-0.00065179757,-0.030926889,0.99952394,0.86947155
0.8693988,-0.4940921,-0.00479014,108.831314,0.49401087,0.8689739,0.028991941,95.96412,-0.010162156,-0.027571859,0.99957067,0.8843256
0.867446,-0.49753124,0.0020694148,109.47163,0.49729878,0.86715317,0.027244108,96.341705,-0.015349262,-0.022603597,0.9996292,0.89569604
0.86585546,-0.5002876,0.003293834,110.06801,0.5000663,0.8656347,0.024764247,96.68804,-0.015240472,-0.019795049,0.9996904,0.90208745
0.8640573,-0.5033976,0.00022457143,110.67469,0.503261,0.86383235,0.022914719,97.039734,-0.011729178,-0.019686539,0.9997399,0.90753573
0.86249304,-0.50606763,-0.0023579288,111.24282,0.50599897,0.8622768,0.021140521,97.372955,-0.008665321,-0.01942659,0.99977624,0.9115088
0.8610893,-0.5084494,-0.0029699998,111.79204,0.5084039,0.8608969,0.019627681,97.70492,-0.007422794,-0.018411072,0.99980545,0.9169069
0.8597114,-0.5107772,-0.0027373484,112.34426,0.5107368,0.85954475,0.018274449,98.03158,-0.006981274,-0.017108746,0.9998318,0.92403066
0.8584858,-0.5128387,-0.0017447424,112.85092,0.51277953,0.8583229,0.01849825,98.34444,-0.0079890415,-0.016775083,0.9998299,0.9313388
0.85713655,-0.5150935,1.0634423e-05,113.36724,0.5150094,0.85699606,0.018061806,98.65615,-0.0093126055,-0.015475888,0.99983937,0.93583435
0.85577273,-0.5173546,0.0013463654,113.84307,0.5172601,0.8556598,0.017076975,98.94719,-0.009986855,-0.013917521,0.99985576,0.942717
0.85447335,-0.519495,0.0021951376,114.29156,0.51939666,0.8543795,0.016312031,99.22335,-0.010349471,-0.012797982,0.999867,0.95318043
0.8532738,-0.5214646,0.0017337932,114.74528,0.52138597,0.85319346,0.014862338,99.503044,-0.009229417,-0.011777604,0.99989057,0.9577671
0.8521926,-0.5232291,-0.0018851354,115.15534,0.52319336,0.852078,0.015330546,99.76364,-0.0064150826,-0.0140508,0.9998832,0.96844995
