'07':
  ARE: 0.0010008910471422305
  ATE: 0.012302245783428718
  STD_ARE: 0.0008117201635958186
  STD_ATE: 0.007966934414000993
  nsecs_per_frame: 0.3552894163521499
  rot_err: 2.9865057761971705e-05
  tr_err: 0.0035440001594235363
AVG:
  ARE: 0.0010008910471422305
  ATE: 0.012302245783428718
  STD_ARE: 0.0008117201635958186
  STD_ATE: 0.007966934414000993
  nsecs_per_frame: 0.3552894163521499
  rot_err: 2.9865057761971705e-05
  tr_err: 0.0035440001594235363
