0,1,2,3,4,5,6,7,8,9,10,11
1.0,0.0,0.0,0.0,0.0,1.0,0.0,0.0,0.0,0.0,1.0,0.0
0.99902755,0.044050027,-0.0018915241,0.9935478,-0.044051517,0.999029,-0.00075343775,-0.03452114,0.0018564984,0.00083602953,0.9999979,0.015174787
0.99596745,0.08948671,-0.006395922,2.0216572,-0.089514956,0.99597627,-0.004273417,-0.11006968,0.0059877723,0.004828715,0.99997044,0.029128833
0.9908426,0.1346616,-0.009853851,2.979712,-0.1347095,0.9908754,-0.00436696,-0.2250547,0.009175877,0.0056543774,0.9999419,0.05742315
0.98333746,0.18134764,-0.012655669,3.9955783,-0.18139313,0.9834073,-0.0025330025,-0.38270628,0.011986323,0.0047864476,0.99991673,0.06131374
0.97384465,0.22685756,-0.012722855,4.941072,-0.22692999,0.9739003,-0.004549627,-0.59484816,0.011358676,0.007317827,0.99990875,0.09180914
0.96213317,0.27219993,-0.014370895,5.9022217,-0.2722999,0.96219665,-0.005491591,-0.85084975,0.012332816,0.009196836,0.9998817,0.112465516
0.9483049,0.31684053,-0.018153422,6.8855715,-0.31702292,0.94838256,-0.008170811,-1.1543599,0.014627546,0.013503472,0.9998019,0.13173342
0.93327594,0.3585848,-0.020310633,7.772651,-0.35882837,0.93335134,-0.009859197,-1.4864326,0.015421601,0.016489385,0.99974513,0.18525735
0.9158037,0.4010341,-0.021789901,8.6781025,-0.40130687,0.9158904,-0.009868218,-1.8705153,0.015999671,0.017781788,0.99971396,0.18686408
0.8958565,0.44381428,-0.02166754,9.599196,-0.44409803,0.8959165,-0.01050344,-2.299169,0.014750731,0.01903209,0.99971014,0.21989226
0.87408113,0.485328,-0.020935386,10.448155,-0.48559886,0.8741195,-0.010422492,-2.755224,0.013241701,0.019276308,0.9997266,0.25307998
0.8496045,0.5269941,-0.021185163,11.319608,-0.5272742,0.84962857,-0.010635585,-3.2698812,0.012394628,0.020206435,0.9997191,0.27078786
0.8240917,0.5660471,-0.021519339,12.104708,-0.56633824,0.8241005,-0.010923077,-3.8008,0.011551118,0.021188848,0.99970883,0.29274964
0.7966884,0.6039469,-0.023133632,12.89021,-0.60429215,0.79666436,-0.012524503,-4.371379,0.010865601,0.023957606,0.99965405,0.33039743
0.7672184,0.64090884,-0.024721632,13.668011,-0.64128906,0.7672018,-0.012235906,-4.99557,0.011124374,0.02524133,0.9996197,0.3352412
0.73699987,0.6753492,-0.027095376,14.373369,-0.6758228,0.73690796,-0.015175311,-5.631612,0.009718157,0.02949588,0.999518,0.36944395
0.70468426,0.70900166,-0.027133219,15.059555,-0.7094664,0.7045886,-0.014575161,-6.305648,0.008783936,0.029521002,0.99952585,0.39030087
0.66980404,0.7419603,-0.029274074,15.735972,-0.74247813,0.6697292,-0.013751448,-7.027177,0.009402665,0.030946143,0.99947715,0.39524627
0.6345348,0.7721991,-0.032766305,16.336943,-0.77283627,0.63443553,-0.014683029,-7.742951,0.009449881,0.03463989,0.9993555,0.42913583
0.59734267,0.8012688,-0.03390537,16.942495,-0.80193007,0.59726614,-0.013463414,-8.518383,0.009462709,0.03523201,0.9993347,0.44452608
0.55998427,0.82767653,-0.036995966,17.466854,-0.8284395,0.5599362,-0.012626433,-9.280643,0.010264774,0.037719525,0.999236,0.47066468
0.5210684,0.8524897,-0.041815527,17.966787,-0.8534277,0.52108943,-0.01126408,-10.08297,0.012187113,0.04155589,0.99906224,0.49286407
0.48128474,0.8754504,-0.04417031,18.462551,-0.8764788,0.48132974,-0.010317834,-10.945291,0.012227729,0.04368016,0.99897116,0.4998766
0.44329157,0.89511335,-0.0475803,18.873394,-0.89631975,0.44323993,-0.012213355,-11.791494,0.010157149,0.048061244,0.9987932,0.51623505
0.40596926,0.9124552,-0.051124904,19.283539,-0.91384447,0.40585226,-0.013123209,-12.668838,0.008774814,0.052047834,0.9986065,0.5442614
0.3696567,0.9276787,-0.05258783,19.669497,-0.92912513,0.36959243,-0.011304414,-13.577343,0.008949198,0.05303943,0.9985528,0.56101596
0.33671814,0.94013005,-0.05268494,19.986855,-0.94158185,0.33657748,-0.0117916325,-14.482927,0.006646894,0.053577643,0.99854213,0.56934226
0.30304766,0.9514433,-0.054009635,20.300108,-0.9529683,0.30277517,-0.01335931,-15.435068,0.003642148,0.05551798,0.99845165,0.57512116
0.27034777,0.9612054,-0.05473029,20.575804,-0.96276116,0.2700075,-0.013663996,-16.378004,0.0016436774,0.056386232,0.99840826,0.59447634
0.23796135,0.9698625,-0.052347884,20.830622,-0.9712732,0.23770395,-0.0111843385,-17.352077,0.0015960265,0.053505536,0.99856687,0.60804576
0.20585446,0.97718644,-0.05224714,21.061,-0.97858113,0.20564745,-0.009369699,-18.343025,0.0015885483,0.053056866,0.99859077,0.60013646
0.17557552,0.9830024,-0.053652912,21.235994,-0.9844657,0.1753269,-0.009346624,-19.325344,0.00021904416,0.054460503,0.99851644,0.60750663
0.14498737,0.98790264,-0.055011056,21.39374,-0.9894315,0.1446583,-0.009942165,-20.342024,-0.0018640867,0.055871174,0.9984368,0.6146045
0.113977164,0.9920149,-0.053989243,21.537113,-0.99347377,0.113572285,-0.010522364,-21.398048,-0.0043066624,0.05483622,0.99848664,0.61827266
0.08481999,0.9949161,-0.054284405,21.638697,-0.9963773,0.08435844,-0.010745611,-22.439363,-0.0061116363,0.054999206,0.9984682,0.6132483
0.05695328,0.99676675,-0.056670614,21.70666,-0.99834865,0.056435168,-0.010705941,-23.514141,-0.0074731144,0.057186782,0.9983361,0.6070616
0.03216102,0.9976259,-0.06088945,21.745531,-0.9994466,0.031583346,-0.010429257,-24.586063,-0.008481408,0.06119118,0.9980906,0.60723203
0.009060066,0.99781126,-0.06549747,21.763163,-0.99991447,0.008423742,-0.009987622,-25.682524,-0.00941403,0.06558237,0.9978034,0.59763485
-0.012008401,0.9974006,-0.07104333,21.756382,-0.99986297,-0.012785423,-0.010495151,-26.801922,-0.011376193,0.07090759,0.99741864,0.60025805
-0.029115863,0.9967162,-0.07555408,21.722841,-0.9994892,-0.030025162,-0.0109292455,-27.91197,-0.013161884,0.0751973,0.9970825,0.58789617
-0.044858158,0.99589556,-0.07860772,21.677431,-0.9988864,-0.04586474,-0.011047962,-29.03814,-0.014607944,0.07802462,0.9968451,0.57709116
-0.05953224,0.99491656,-0.081218064,21.619246,-0.99808925,-0.06067435,-0.011667299,-30.188902,-0.016535848,0.080368325,0.99662876,0.569328
-0.07230889,0.9940369,-0.08161788,21.541492,-0.99720955,-0.07357619,-0.012625996,-31.32714,-0.018555846,0.08047718,0.9965844,0.5520562
-0.084579065,0.99305314,-0.081800535,21.45015,-0.9962278,-0.08587606,-0.01246505,-32.481884,-0.019403173,0.0804377,0.9965715,0.5404737
-0.09675024,0.9919532,-0.081656404,21.34468,-0.99514914,-0.09787742,-0.009908383,-33.65295,-0.017820977,0.08030167,0.996612,0.52204657
-0.10664793,0.99091744,-0.08190378,21.224745,-0.99417835,-0.10754425,-0.006600376,-34.82074,-0.015348714,0.080723055,0.9966191,0.50698286
-0.11669095,0.9897473,-0.082358286,21.087965,-0.99307287,-0.117426954,-0.0041355025,-36.033855,-0.0137641905,0.081305206,0.9965949,0.48982415
-0.123945564,0.98888844,-0.08207582,20.939425,-0.9922026,-0.12460169,-0.002903061,-37.254246,-0.013097594,0.08107602,0.99662256,0.472348
-0.12982208,0.98813826,-0.082025915,20.787376,-0.99145687,-0.1304201,-0.0019544,-38.501904,-0.012629048,0.08107143,0.996629,0.45273542
-0.13552837,0.9873386,-0.08242436,20.622334,-0.9907022,-0.13604677,-0.0006815914,-39.776764,-0.011886529,0.08156561,0.99659777,0.43889827
-0.13970336,0.9868267,-0.081579566,20.446955,-0.99013937,-0.14008154,0.0010959556,-41.05161,-0.01034627,0.08092824,0.99666685,0.4223342
-0.14383598,0.9862204,-0.081729434,20.267866,-0.98955023,-0.14417806,0.0017299564,-42.371777,-0.01007747,0.08112421,0.9966537,0.41202852
-0.14726983,0.9857146,-0.081716165,20.074041,-0.98903596,-0.1476702,0.0011542379,-43.708126,-0.010929289,0.08099022,0.9966556,0.39757365
-0.1489781,0.98539054,-0.082523786,19.875458,-0.9887522,-0.14956044,-0.0008867046,-45.05927,-0.013216041,0.08146348,0.99658936,0.38025135
-0.15101512,0.98503405,-0.08307559,19.666689,-0.98843145,-0.15166067,-0.0014802716,-46.437054,-0.014057415,0.08189099,0.9965428,0.35969737
-0.15356119,0.98452175,-0.084469475,19.459948,-0.9880322,-0.15423983,-0.0015298706,-47.834103,-0.014534745,0.08322364,0.99642557,0.34614077
-0.15412585,0.9843828,-0.08505831,19.241467,-0.9879512,-0.15476273,-0.0009066195,-49.242733,-0.014056313,0.08389373,0.9963763,0.31221068
-0.15546146,0.98408365,-0.08608362,19.018105,-0.9877469,-0.15606391,-0.00027338797,-50.674023,-0.013703578,0.08498634,0.9962886,0.30293557
-0.15462162,0.98421186,-0.086131126,18.788586,-0.987892,-0.15514174,0.00066137663,-52.153187,-0.012711591,0.08519052,0.99628437,0.27277043
-0.15447378,0.98428637,-0.08554308,18.56773,-0.9879269,-0.15491349,0.0015126622,-53.612545,-0.011762876,0.084743984,0.9963341,0.26391944
-0.15354608,0.984436,-0.08549227,18.3365,-0.98807293,-0.15397921,0.0015426191,-55.129738,-0.011645413,0.08470946,0.99633837,0.2449621
-0.15153137,0.9847355,-0.085637756,18.106945,-0.98838085,-0.15199378,0.0011310435,-56.65213,-0.011902618,0.0848141,0.99632645,0.22309561
-0.15059486,0.9848579,-0.085881256,17.874441,-0.9885278,-0.15103267,0.0014125423,-58.204037,-0.011579712,0.08510872,0.9963051,0.21051629
-0.14996383,0.98496765,-0.08572731,17.640327,-0.98863417,-0.1503241,0.002272546,-59.77042,-0.010648486,0.08509374,0.9963168,0.18912461
-0.14863564,0.98511195,-0.08638026,17.409222,-0.98884046,-0.1489524,0.0028013794,-61.35329,-0.010106861,0.08583265,0.9962591,0.1742881
-0.14810213,0.98522884,-0.085962944,17.17529,-0.9889215,-0.14841397,0.0027861474,-62.953636,-0.010013094,0.0854232,0.9962953,0.15715818
-0.14696625,0.985264,-0.08749564,16.944382,-0.98907226,-0.14742738,0.0012021763,-64.56712,-0.011714779,0.08671615,0.99616504,0.14236507
-0.14605585,0.9851967,-0.08974892,16.702797,-0.98918694,-0.14666085,-0.00014962975,-66.20381,-0.013310057,0.08875657,0.9959653,0.122290105
-0.14586586,0.98504555,-0.09169638,16.463562,-0.9892229,-0.14641656,0.0007273229,-67.852455,-0.012709412,0.09081422,0.9957876,0.1079564
-0.14464428,0.98516834,-0.09230975,16.216461,-0.98941463,-0.14510621,0.0017220459,-69.51712,-0.011698201,0.09158167,0.99572974,0.09997308
-0.14409795,0.9852504,-0.09228832,15.9779005,-0.98949885,-0.14452599,0.0020621477,-71.20634,-0.0113063175,0.09161632,0.9957311,0.07881918
-0.14434326,0.98518234,-0.0926313,15.732228,-0.98945564,-0.1448283,0.0014982552,-72.90149,-0.011939569,0.09187081,0.99570036,0.07117298
-0.14353815,0.985305,-0.0925778,15.490401,-0.98956877,-0.14405717,0.0010848056,-74.609245,-0.01226762,0.09176778,0.9957059,0.046871297
-0.1437083,0.98515105,-0.09394228,15.243607,-0.98953897,-0.1442633,0.00089021807,-76.341286,-0.012675414,0.09308744,0.9955783,0.03597991
-0.1431931,0.9851638,-0.0945936,14.991464,-0.98961276,-0.14375661,0.0008637786,-78.09148,-0.012747481,0.09373468,0.99551666,0.012778405
-0.1431576,0.98513633,-0.09493246,14.739508,-0.9896262,-0.14365757,0.00158028,-79.851555,-0.012080965,0.09417385,0.99548346,4.665926e-07
-0.1441041,0.9850566,-0.094326176,14.485302,-0.989501,-0.14450252,0.0026266205,-81.62179,-0.011042991,0.09371432,0.9955389,-0.019138303
-0.14459625,0.98506385,-0.0934933,14.230435,-0.9894363,-0.14493322,0.0032096622,-83.41275,-0.01038855,0.09296974,0.9956157,-0.033248402
-0.14556503,0.9850019,-0.092638865,13.969868,-0.989299,-0.1458577,0.0036379143,-85.21056,-0.009928726,0.092177056,0.99569416,-0.042015456
-0.14720182,0.98481905,-0.091993965,13.714229,-0.9890519,-0.14753401,0.003214501,-87.021996,-0.010406523,0.09145995,0.99575543,-0.059007894
-0.14780305,0.9847609,-0.0916513,13.444243,-0.98895514,-0.14819352,0.0025659725,-88.85585,-0.011055246,0.091018245,0.9957889,-0.06618158
-0.14805678,0.9849195,-0.08951243,13.178302,-0.9889126,-0.14848779,0.0018595983,-90.697556,-0.011459935,0.08879525,0.995985,-0.0890389
-0.15026897,0.98460895,-0.089242816,12.903694,-0.98858404,-0.15065038,0.002482763,-92.562294,-0.010999901,0.088597074,0.9960078,-0.10061403
-0.15222369,0.9844355,-0.0878331,12.618056,-0.9882942,-0.15252443,0.0033143442,-94.43623,-0.010133921,0.087309435,0.9961307,-0.12215436
-0.1570585,0.983651,-0.08811004,12.33182,-0.98753893,-0.15732564,0.003945854,-96.327385,-0.009980609,0.08763179,0.99610394,-0.13237035
-0.16096294,0.98317057,-0.08640938,12.037018,-0.98690534,-0.16126163,0.0035562043,-98.22962,-0.010438148,0.08585027,0.9962544,-0.14731336
-0.16573063,0.98250383,-0.08496818,11.734949,-0.98610604,-0.16609316,0.0028316812,-100.13346,-0.011330483,0.0842569,0.9963807,-0.16520953
-0.17121884,0.98167264,-0.08368449,11.420206,-0.98517185,-0.17153701,0.0034245811,-102.04757,-0.010993154,0.08302992,0.9964875,-0.17509606
-0.17530493,0.9809619,-0.08355968,11.085816,-0.98446393,-0.17552204,0.0047959737,-103.97759,-0.009961881,0.08310221,0.9964923,-0.184323
-0.17996669,0.9801642,-0.08300864,10.747059,-0.9836356,-0.18005194,0.006517401,-105.91012,-0.008557725,0.08282314,0.9965287,-0.19226982
-0.18559949,0.9792284,-0.08163905,10.400808,-0.9825907,-0.18565193,0.007012855,-107.85515,-0.008289241,0.08151933,0.9966385,-0.2018558
-0.19024858,0.9784832,-0.079853535,10.044609,-0.98169744,-0.19033282,0.006623612,-109.80554,-0.008717635,0.07965211,0.9967858,-0.20858504
-0.1962441,0.9774592,-0.07786063,9.672064,-0.98051035,-0.19637579,0.0060348636,-111.7635,-0.00939109,0.07752742,0.9969472,-0.22096127
-0.20097691,0.97653806,-0.07734573,9.285747,-0.97954226,-0.20116766,0.0053955717,-113.73115,-0.010290459,0.07684775,0.996991,-0.22727112
-0.20652498,0.975369,-0.077482104,8.881973,-0.9783814,-0.20674299,0.0052827075,-115.703,-0.010866274,0.07689801,0.996981,-0.2417418
-0.21291605,0.97396594,-0.077832446,8.469623,-0.9770166,-0.21306765,0.00644564,-117.67789,-0.010305723,0.07741591,0.99694693,-0.2465109
-0.21781504,0.9729503,-0.07697509,8.038744,-0.9759431,-0.21790336,0.0073498725,-119.670006,-0.0096220495,0.076724164,0.9970072,-0.26081795
-0.22370473,0.9715602,-0.07763868,7.5930867,-0.97460437,-0.22381301,0.007413419,-121.668945,-0.010173942,0.077325344,0.9969553,-0.26586315
-0.23011978,0.97011226,-0.0769922,7.1361027,-0.9731057,-0.23024173,0.0074076415,-123.680534,-0.010540549,0.07662612,0.9970055,-0.27890605
-0.23476252,0.96906227,-0.07619472,6.6723175,-0.9720002,-0.23484598,0.007987992,-125.67789,-0.010153135,0.07593649,0.99706227,-0.28969082
-0.24073854,0.9676999,-0.074850775,6.1898346,-0.9705381,-0.24081004,0.008201258,-127.70304,-0.010088434,0.07461981,0.99716234,-0.29992756
-0.24442573,0.9666582,-0.07634708,5.6911616,-0.96960354,-0.24456203,0.00770125,-129.72058,-0.011227096,0.07590871,0.9970529,-0.3103374
-0.24823107,0.96549875,-0.07870468,5.1845183,-0.9686229,-0.24842411,0.0074829697,-131.74435,-0.012327316,0.07809259,0.99687123,-0.32467493
-0.25251266,0.9643016,-0.07975476,4.6678343,-0.96751475,-0.25268796,0.008052163,-133.76886,-0.012388329,0.07919712,0.9967833,-0.33563673
-0.25503525,0.9636173,-0.079998374,4.138541,-0.9668554,-0.2551835,0.008535771,-135.81357,-0.012189023,0.07952373,0.9967598,-0.35334396
-0.25830036,0.962816,-0.07916697,3.6020787,-0.9659857,-0.25846076,0.008389666,-137.85934,-0.012383828,0.07864117,0.9968274,-0.37080884
-0.26270556,0.9617241,-0.077934116,3.0605533,-0.96480167,-0.26283276,0.008802653,-139.93146,-0.012017892,0.07750342,0.996921,-0.3842389
-0.26713133,0.96064746,-0.07614799,2.5102649,-0.96359086,-0.26722726,0.009113364,-141.98538,-0.011594066,0.07580991,0.9970562,-0.39874265
-0.27193213,0.95935744,-0.075414985,1.9381888,-0.96224463,-0.2720358,0.009089505,-144.07918,-0.011795471,0.075039335,0.99711215,-0.41905004
-0.276163,0.9581285,-0.07566412,1.3686881,-0.9610391,-0.27625012,0.009518394,-146.13266,-0.011782354,0.07534474,0.99708927,-0.42651474
-0.28073362,0.9568706,-0.07475766,0.77333647,-0.95971876,-0.28078452,0.010042192,-148.22334,-0.011381689,0.07456544,0.9971525,-0.44430214
-0.28549454,0.9554862,-0.07443448,0.16538876,-0.9583107,-0.28555068,0.010110722,-150.32607,-0.011594137,0.07421784,0.997176,-0.45307884
-0.28922606,0.95436394,-0.07442584,-0.44618398,-0.95718145,-0.28933084,0.009603146,-152.4015,-0.012368769,0.07401643,0.99718165,-0.46876833
-0.29306978,0.95314056,-0.07506443,-1.0771389,-0.95600605,-0.29318917,0.009669258,-154.50676,-0.012791888,0.07459573,0.9971332,-0.4841022
-0.29761946,0.95166,-0.07594274,-1.7214149,-0.95459616,-0.29773417,0.010066778,-156.62593,-0.013030574,0.07549064,0.99706274,-0.4975365
-0.30070552,0.9507166,-0.07560011,-2.3662477,-0.95363986,-0.30074644,0.011109953,-158.72342,-0.012174023,0.075436026,0.9970777,-0.5162075
-0.30440578,0.9495501,-0.0754523,-3.0220072,-0.9524807,-0.3043353,0.012707436,-160.8338,-0.010896424,0.075734995,0.99706984,-0.525499
-0.30862334,0.9481583,-0.07582003,-3.7042737,-0.9511298,-0.3084815,0.013865251,-162.97368,-0.010242598,0.07639375,0.9970265,-0.5390868
-0.31118748,0.94736135,-0.07530044,-4.3807244,-0.95030034,-0.31099668,0.014542167,-165.08942,-0.009641472,0.07608329,0.99705625,-0.54755926
-0.31539223,0.94597703,-0.07521004,-5.0727863,-0.94891006,-0.31521276,0.0145529425,-167.23073,-0.009940388,0.075957365,0.9970629,-0.5636566
-0.31852388,0.9449135,-0.075381726,-5.776125,-0.94786346,-0.3183316,0.014870984,-169.36261,-0.009944564,0.07618826,0.99704534,-0.5718825
-0.3225852,0.9434349,-0.07662143,-6.492804,-0.9464826,-0.32240734,0.015016725,-171.50311,-0.010535981,0.07736493,0.9969487,-0.5828152
-0.32661834,0.9418538,-0.07895197,-7.2200556,-0.94509065,-0.3264441,0.015465482,-173.65762,-0.011207154,0.07966799,0.99676,-0.5927291
-0.32856637,0.94108987,-0.07997268,-7.9543,-0.9444072,-0.3284234,0.015307847,-175.7944,-0.011858812,0.08055633,0.99668103,-0.60739994
-0.3312732,0.94014937,-0.07986755,-8.702169,-0.9434518,-0.33118328,0.014752217,-177.9615,-0.012581482,0.08023811,0.99669784,-0.6201627
-0.33494398,0.93896234,-0.07851049,-9.455061,-0.9421595,-0.33483315,0.014960791,-180.12863,-0.0122402655,0.078980334,0.9968026,-0.63825595
-0.3371387,0.93829966,-0.07702591,-10.217928,-0.94140023,-0.33687854,0.016736276,-182.29532,-0.0102447,0.07815456,0.99689025,-0.65516925
-0.34075248,0.93709284,-0.07580514,-10.991898,-0.9401125,-0.34038547,0.018105958,-184.47514,-0.00883597,0.07743491,0.9969599,-0.65891606
-0.3444842,0.9358542,-0.07422382,-11.774967,-0.9387629,-0.34402812,0.019245721,-186.66115,-0.0075238533,0.07630831,0.99705756,-0.67600346
-0.34713808,0.9350078,-0.07250668,-12.570186,-0.9377927,-0.34662297,0.019971082,-188.85501,-0.0064593265,0.07492886,0.9971697,-0.6799795
-0.35168403,0.9332613,-0.07309857,-13.372065,-0.93609613,-0.3511549,0.020390162,-191.04706,-0.0066395337,0.07559809,0.997118,-0.680307
-0.3542565,0.93230146,-0.072924286,-14.19113,-0.9351199,-0.3537832,0.019738661,-193.2362,-0.007396965,0.0751854,0.9971439,-0.6886731
-0.357825,0.9309444,-0.07283929,-15.022272,-0.93375206,-0.3574194,0.018972937,-195.442,-0.008371389,0.074802734,0.997165,-0.69089556
-0.3626477,0.92906344,-0.07300377,-15.863419,-0.9318823,-0.3622845,0.018621216,-197.65144,-0.009147805,0.07478377,0.99715966,-0.69582546
-0.36560103,0.92799914,-0.07179973,-16.710693,-0.9307316,-0.36521947,0.018840887,-199.85104,-0.008738295,0.073714435,0.997243,-0.7067493
-0.36925074,0.9266152,-0.0709921,-17.572575,-0.929296,-0.36881822,0.01958462,-202.06186,-0.008035733,0.07320422,0.9972865,-0.71436465
-0.373319,0.9250015,-0.070759654,-18.437407,-0.9276689,-0.37288013,0.019805714,-204.26816,-0.008064516,0.07303529,0.9972986,-0.7168872
-0.375418,0.92410576,-0.07135617,-19.32527,-0.9268231,-0.37494466,0.020421758,-206.48083,-0.007882714,0.07380116,0.9972437,-0.7142943
-0.3788407,0.92260706,-0.07264867,-20.212027,-0.9254216,-0.3783957,0.020323869,-208.6945,-0.008738964,0.07493008,0.9971524,-0.71809745
-0.38049757,0.9217975,-0.074248776,-21.114422,-0.92473257,-0.3800856,0.020151537,-210.90417,-0.009645218,0.07632779,0.997038,-0.72651577
-0.38301817,0.9206793,-0.07515776,-22.019505,-0.9236886,-0.38259903,0.02046633,-213.11357,-0.009912323,0.07726126,0.9969635,-0.7316864
-0.3864597,0.9192706,-0.07478236,-22.93139,-0.92225856,-0.3859997,0.021091355,-215.3282,-0.009477266,0.07711955,0.99697876,-0.7347894
-0.3883194,0.9185268,-0.0742856,-23.8505,-0.9214817,-0.38782552,0.021548398,-217.53523,-0.009017027,0.076820396,0.9970061,-0.743522
-0.3910471,0.91745394,-0.073226936,-24.777218,-0.92033803,-0.39047244,0.022596488,-219.75331,-0.007861821,0.07622974,0.9970612,-0.74623305
-0.39500678,0.915814,-0.07249998,-25.709705,-0.91865146,-0.39437598,0.023422452,-221.96394,-0.0071416013,0.07585416,0.9970953,-0.74092096
-0.39683777,0.91518676,-0.07039054,-26.650013,-0.9178689,-0.3961767,0.023709992,-224.17267,-0.0061879777,0.07401822,0.99723965,-0.74327755
-0.39959723,0.91396576,-0.070643276,-27.600351,-0.91667354,-0.39888734,0.024495369,-226.39192,-0.0057907323,0.07454501,0.9972028,-0.7381171
-0.402959,0.91233665,-0.07257859,-28.566397,-0.91519123,-0.40229598,0.0241773,-228.60432,-0.0071401885,0.076165654,0.99707156,-0.7287418
-0.4046413,0.9115435,-0.07318316,-29.527393,-0.9144376,-0.40406498,0.023174463,-230.80586,-0.00844617,0.07629868,0.99705124,-0.73333526
-0.40813965,0.91002864,-0.07260697,-30.50585,-0.9128776,-0.40759957,0.02277767,-233.0272,-0.008866188,0.075577654,0.99710256,-0.7369553
-0.4106095,0.9090304,-0.07117268,-31.478449,-0.91177297,-0.41006482,0.02277371,-235.23466,-0.008483365,0.074244335,0.9972061,-0.73541427
-0.41393948,0.9076306,-0.06973331,-32.46264,-0.91026515,-0.41342643,0.022310462,-237.44,-0.008579879,0.07271089,0.99731827,-0.7407281
-0.41833076,0.9056699,-0.06901627,-33.453773,-0.90824896,-0.41787213,0.021645099,-239.64055,-0.009236605,0.071738675,0.9973828,-0.742289
-0.42101875,0.90447694,-0.06831214,-34.455887,-0.90700614,-0.4205677,0.021553911,-241.8274,-0.009234806,0.07103404,0.9974333,-0.74221486
-0.42449546,0.9028997,-0.06765766,-35.463486,-0.905381,-0.4240725,0.02120568,-244.0248,-0.009545095,0.07025758,0.99748534,-0.74747574
-0.42925385,0.9006958,-0.067007676,-36.479725,-0.9031267,-0.42888662,0.020501526,-246.21248,-0.010273003,0.069316685,0.99754393,-0.74667615
-0.43242317,0.899234,-0.06625919,-37.510258,-0.90161437,-0.4320572,0.020494089,-248.38998,-0.010198727,0.068602264,0.99759406,-0.7553933
-0.43629777,0.8973833,-0.06595,-38.541454,-0.8997487,-0.43590745,0.020951971,-250.57166,-0.009946097,0.06847963,0.9976051,-0.7586251
-0.44064623,0.8952358,-0.06622507,-39.585255,-0.8976251,-0.44024974,0.02124915,-252.73758,-0.010132517,0.06880854,0.99758065,-0.7574795
-0.4435757,0.893809,-0.06593924,-40.640896,-0.896181,-0.44317743,0.021346226,-254.91328,-0.010143278,0.06856206,0.9975975,-0.76298475
-0.44807723,0.89164734,-0.06475986,-41.704525,-0.8939406,-0.44768062,0.021319456,-257.08725,-0.0099822385,0.06744412,0.99767536,-0.7656326
-0.45100605,0.89016205,-0.064862646,-42.78086,-0.89246833,-0.45058605,0.021791132,-259.2474,-0.009828506,0.067715675,0.9976585,-0.77765024
-0.45454192,0.88833463,-0.06523311,-43.866226,-0.8906734,-0.45409614,0.022358214,-261.40576,-0.0097604655,0.06826402,0.9976218,-0.78969586
-0.45882434,0.88606596,-0.06610229,-44.960022,-0.8884784,-0.45831683,0.023539197,-263.57574,-0.0094384495,0.069530696,0.99753743,-0.7886334
-0.46153677,0.8845572,-0.067413576,-46.06563,-0.8870786,-0.46093553,0.02514384,-265.7222,-0.008832087,0.071405835,0.9974105,-0.79208267
-0.46459818,0.8828814,-0.06834709,-47.184597,-0.8854813,-0.46393976,0.026171658,-267.88147,-0.008602399,0.07267927,0.99732053,-0.80508846
-0.46802974,0.88098425,-0.06940679,-48.308002,-0.8836799,-0.46725735,0.027974958,-270.04742,-0.007785271,0.07442639,0.99719834,-0.80791974
-0.47046262,0.87961346,-0.070338845,-49.442757,-0.8823983,-0.4695291,0.03029491,-272.19672,-0.00637826,0.0763194,0.99706525,-0.8106049
-0.4739165,0.87768555,-0.07123061,-50.591537,-0.880548,-0.47293746,0.031103335,-274.38297,-0.0063886154,0.077462256,0.99697703,-0.81610596
-0.476615,0.87625796,-0.07080074,-51.75504,-0.87909365,-0.4755984,0.03166606,-276.5385,-0.00592502,0.07733289,0.99698997,-0.8209537
-0.48003688,0.8744602,-0.069904365,-52.931553,-0.8772326,-0.47899923,0.032013375,-278.7363,-0.005489651,0.076689884,0.9970422,-0.834531
-0.4841207,0.87219983,-0.069981985,-54.118103,-0.87498826,-0.48302203,0.03297769,-280.93512,-0.005039642,0.07719849,0.99700534,-0.8401652
-0.4866838,0.8708447,-0.069073625,-55.32216,-0.873568,-0.48556218,0.03332394,-283.12802,-0.0045195,0.076558635,0.9970572,-0.8433437
-0.48960888,0.8693196,-0.06759756,-56.530006,-0.8719346,-0.48848343,0.033408914,-285.32944,-0.003977202,0.075297855,0.99715555,-0.8503274
-0.49285474,0.8674102,-0.068532474,-57.76241,-0.8701013,-0.49172726,0.033619165,-287.5507,-0.0045376197,0.07619947,0.9970847,-0.8504924
-0.49457192,0.86630017,-0.07018243,-59.003235,-0.86912066,-0.49345917,0.03360769,-289.74124,-0.0055177505,0.07761833,0.99697024,-0.85459894
-0.4966195,0.86503273,-0.071347,-60.256927,-0.8679463,-0.49553052,0.033479698,-291.96313,-0.0063935155,0.07855195,0.9968919,-0.85877347
-0.49951586,0.8633625,-0.07135966,-61.519604,-0.8662789,-0.49845833,0.03320521,-294.20255,-0.0069016167,0.0784038,0.99690026,-0.86770964
-0.50091666,0.8625655,-0.071177356,-62.788322,-0.8654666,-0.4998934,0.032811925,-296.41226,-0.007278591,0.07803757,0.99692637,-0.8846744
-0.50407714,0.8606269,-0.072323516,-64.07304,-0.8636193,-0.5030987,0.032494206,-298.6689,-0.008420419,0.07883947,0.99685425,-0.895562
-0.5057132,0.8596154,-0.072929755,-65.36442,-0.86265683,-0.5047538,0.03239319,-300.89923,-0.008965828,0.07929491,0.99681336,-0.9056002
-0.5077604,0.8584807,-0.072066516,-66.67083,-0.86146224,-0.5067426,0.03312544,-303.1392,-0.008081565,0.07890225,0.99685216,-0.92224187
-0.51111096,0.8566654,-0.06995298,-67.98256,-0.85949594,-0.50996745,0.034678422,-305.4074,-0.0059658834,0.07784871,0.99694985,-0.9258887
-0.51377237,0.8552004,-0.068364054,-69.30116,-0.85790956,-0.512656,0.034317546,-307.64682,-0.0056988006,0.076281466,0.9970726,-0.9356457
-0.51806486,0.85270655,-0.06711069,-70.64218,-0.85531354,-0.51710373,0.03232868,-309.91425,-0.007136245,0.074148916,0.9972242,-0.947719
-0.52351177,0.8494953,-0.06554878,-72.00876,-0.8519771,-0.5227086,0.030221524,-312.2055,-0.008589802,0.07166727,0.99739414,-0.9611031
-0.52745634,0.8470892,-0.065063715,-73.38158,-0.8495286,-0.52674776,0.028992794,-314.46237,-0.009712617,0.070565805,0.99746245,-0.9773511
-0.5316715,0.84443635,-0.065239854,-74.77245,-0.84688926,-0.53099436,0.028745204,-316.7286,-0.0103684375,0.07053382,0.9974581,-0.99366516
-0.5365448,0.84120876,-0.067015424,-76.18012,-0.843805,-0.53582096,0.029863268,-319.00064,-0.010786964,0.072570816,0.99730754,-1.0115432
-0.53988606,0.8390072,-0.06777612,-77.613335,-0.8416728,-0.5391091,0.030841205,-321.26227,-0.0106626665,0.07369593,0.9972264,-1.029438
-0.5443424,0.83605516,-0.06860606,-79.056206,-0.8387832,-0.5436097,0.03056508,-323.5404,-0.011740762,0.07418336,0.9971782,-1.0458926
-0.5473197,0.83401465,-0.069745205,-80.50799,-0.8368182,-0.54668146,0.029623462,-325.79706,-0.013421944,0.07457744,0.99712753,-1.0668012
-0.5511213,0.83153105,-0.069463775,-81.97646,-0.83429384,-0.5506091,0.028041907,-328.0625,-0.014929604,0.07340757,0.997193,-1.0864898
-0.55571014,0.82851297,-0.06896536,-83.44182,-0.83123636,-0.5552327,0.02767176,-330.31503,-0.015365338,0.07270386,0.9972379,-1.1036828
-0.5590302,0.82629234,-0.068774685,-84.93681,-0.82899433,-0.5586037,0.027078897,-332.56613,-0.016042637,0.072151616,0.99726737,-1.1300545
-0.56298745,0.82347095,-0.0703167,-86.439186,-0.82629234,-0.56257886,0.02736638,-334.8146,-0.017023195,0.07350894,0.99715203,-1.1528519
-0.5677965,0.8200771,-0.071304455,-87.945946,-0.8229619,-0.5674708,0.02671038,-337.05353,-0.01855855,0.07384677,0.99709964,-1.1761802
-0.5704974,0.81829643,-0.070195526,-89.47086,-0.8210766,-0.5702546,0.025416251,-339.29233,-0.01923122,0.07213566,0.9972122,-1.2095611
-0.5739199,0.8158788,-0.07043723,-91.01531,-0.8186656,-0.57373655,0.02482153,-341.53836,-0.020160979,0.07190996,0.99721014,-1.2452085
-0.57732046,0.8134055,-0.07124733,-92.57236,-0.81623137,-0.5772343,0.023873026,-343.7796,-0.021707881,0.07193655,0.99717575,-1.2798966
-0.5799183,0.81172746,-0.06925917,-94.11103,-0.81438637,-0.5798827,0.022671707,-345.97916,-0.021758871,0.06955131,0.99734384,-1.3118137
-0.58335495,0.8095915,-0.06528629,-95.67617,-0.8119639,-0.5833008,0.021860933,-348.20905,-0.020383049,0.06576266,0.99762994,-1.3534851
-0.5857243,0.80819535,-0.061245672,-97.254425,-0.81028265,-0.5856839,0.020485446,-350.43967,-0.019314287,0.06162499,0.9979153,-1.388872
-0.5888541,0.8059946,-0.060226843,-98.83964,-0.8079771,-0.5889309,0.018346848,-352.66092,-0.020681912,0.059465386,0.998019,-1.4235443
-0.5923366,0.803308,-0.06194542,-100.43213,-0.80537325,-0.592514,0.017441109,-354.87823,-0.022692867,0.060220055,0.99793,-1.4639808
-0.5948317,0.8015243,-0.061136704,-102.03315,-0.80354106,-0.5949956,0.017466383,-357.07095,-0.022376262,0.05951528,0.99797946,-1.5028931
-0.5979712,0.79933107,-0.059194602,-103.63949,-0.8012047,-0.5981743,0.016177343,-359.271,-0.022477558,0.05710045,0.9981182,-1.540628
-0.6016465,0.7965558,-0.05936411,-105.248116,-0.79836714,-0.6020283,0.013226129,-361.46307,-0.025203448,0.055351686,0.9981516,-1.5891249
-0.6039298,0.7948829,-0.058598686,-106.89092,-0.79659057,-0.6044237,0.010891186,-363.66068,-0.02676114,0.05325655,0.99822503,-1.6364592
-0.6071194,0.79254156,-0.05733879,-108.514885,-0.79415303,-0.6076407,0.009848878,-365.82556,-0.027035657,0.05151509,0.9983091,-1.6908057
-0.6107069,0.7898133,-0.056885194,-110.148506,-0.7913961,-0.61122876,0.00973918,-367.99884,-0.027077654,0.05096638,0.9983362,-1.7403718
-0.612709,0.78824365,-0.057128165,-111.801315,-0.7898286,-0.613258,0.009414969,-370.15918,-0.027612938,0.05088997,0.99832547,-1.7889029
-0.6157202,0.7858882,-0.05720416,-113.46182,-0.7874539,-0.6163152,0.008670428,-372.31183,-0.028441727,0.050384074,0.9983279,-1.8396952
-0.6178068,0.78444403,-0.054464262,-115.12778,-0.7858206,-0.61842,0.0067735864,-374.4658,-0.028368212,0.046983782,0.9984959,-1.8823547
-0.62075335,0.782711,-0.045085784,-116.79077,-0.78359634,-0.6212639,0.0033140732,-376.61002,-0.025416132,0.037386157,0.99898076,-1.9286453
-0.6249834,0.77988625,-0.034309454,-118.4232,-0.7804728,-0.6251557,0.0067520496,-378.7425,-0.016182847,0.030997397,0.99939156,-1.9984845
-0.62711036,0.778028,-0.03753531,-120.132774,-0.7788475,-0.62702614,0.015423755,-380.87332,-0.011535433,0.03890656,0.9991794,-1.9918305
-0.6281849,0.77671003,-0.045925327,-121.82515,-0.7779029,-0.62816805,0.01659013,-382.97415,-0.015963027,0.04614699,0.99881023,-1.9922154
-0.63038343,0.7745148,-0.052415986,-123.53077,-0.77582747,-0.6308939,0.008236282,-385.10046,-0.026689721,0.045857657,0.9985945,-2.0364134
-0.631959,0.7731323,-0.05383324,-125.22595,-0.7741953,-0.6329469,-0.0017162755,-387.22073,-0.0354004,0.04059271,0.9985516,-2.1060753
-0.63559514,0.77029496,-0.05165737,-126.92362,-0.7710366,-0.636743,-0.007998012,-389.34354,-0.039053205,0.034746118,0.99863607,-2.1906612
-0.63808477,0.7682966,-0.050717294,-128.63777,-0.7689919,-0.6392076,-0.008270347,-391.45798,-0.038772866,0.03372389,0.998682,-2.2753742
-0.64060795,0.7660359,-0.053051334,-130.35794,-0.76697993,-0.6416621,-0.0038314064,-393.53424,-0.036975935,0.038234763,0.99858767,-2.34114
-0.6437052,0.7633787,-0.053857494,-132.07079,-0.7645614,-0.6445498,0.002155977,-395.59482,-0.033067923,0.042565055,0.9985495,-2.3962736
-0.64577216,0.76168674,-0.053063262,-133.79794,-0.7629361,-0.6464538,0.0054103727,-397.6669,-0.030181857,0.043977626,0.99857974,-2.458257
-0.6486515,0.75921863,-0.053313892,-135.53946,-0.7604889,-0.64932734,0.0058197277,-399.73712,-0.030199643,0.044319477,0.99856406,-2.5200562
-0.65208286,0.7561746,-0.054698974,-137.28088,-0.75748587,-0.6528329,0.0052528214,-401.7999,-0.03173716,0.044858854,0.99849224,-2.579038
-0.653893,0.7545125,-0.05602624,-139.0417,-0.7558555,-0.65472573,0.0044492967,-403.86548,-0.033324692,0.045256987,0.99842256,-2.6442325
-0.6558187,0.7528026,-0.056517348,-140.80505,-0.75416136,-0.6566773,0.004318557,-405.92365,-0.033862565,0.045455273,0.9983955,-2.7079344
-0.6578874,0.7509845,-0.05666261,-142.56891,-0.75236726,-0.658728,0.0049031028,-407.97086,-0.03364302,0.045856666,0.99838454,-2.7752297
-0.65846646,0.7504185,-0.057430707,-144.3256,-0.7518498,-0.6593155,0.00530568,-409.9965,-0.0338834,0.046672758,0.99833864,-2.8392992
-0.6602428,0.7486973,-0.059466027,-146.10152,-0.75020504,-0.66119033,0.004800081,-412.03992,-0.035724476,0.04778081,0.99822205,-2.9053555
-0.6606056,0.74812144,-0.06260118,-147.86296,-0.7497608,-0.661698,0.004234128,-414.05557,-0.038255345,0.04973287,0.9980329,-2.9772303
-0.661656,0.747001,-0.06484834,-149.64398,-0.74873245,-0.6628645,0.0037349972,-416.08585,-0.04019553,0.051025208,0.9978915,-3.0549538
-0.66362035,0.7454023,-0.063150756,-151.42429,-0.7470447,-0.66476613,0.0037226616,-418.12503,-0.039205518,0.049646728,0.9980004,-3.1331365
-0.66457516,0.74495363,-0.05821105,-153.19115,-0.74635553,-0.6655402,0.003642285,-420.1373,-0.036028378,0.045866575,0.99830097,-3.2107766
-0.66599685,0.74392366,-0.05504787,-154.96924,-0.7451788,-0.66685796,0.0035339948,-422.15817,-0.034080006,0.043374002,0.99848074,-3.2852693
-0.6677658,0.74233764,-0.05502805,-156.76176,-0.7435626,-0.6686634,0.0027431683,-424.17877,-0.034758803,0.042748466,0.9984844,-3.3525972
-0.6682263,0.74203736,-0.053466782,-158.54169,-0.7431453,-0.6691316,0.0012694221,-426.19397,-0.03483427,0.04058172,0.9985722,-3.413743
-0.66921514,0.74134,-0.050702248,-160.32509,-0.74231255,-0.67005616,0.0005245722,-428.20218,-0.033584386,0.037987843,0.998717,-3.4863658
-0.6707023,0.74002653,-0.050237983,-162.12192,-0.7409538,-0.67155856,-0.00025111221,-430.21075,-0.0339235,0.03705548,0.9987406,-3.5534024
-0.67044735,0.7401474,-0.051835064,-163.91394,-0.7410903,-0.6714063,-0.0015148034,-432.2161,-0.03592349,0.03739874,0.9986579,-3.6179965
-0.670832,0.7395149,-0.055739082,-165.71791,-0.7405588,-0.6719884,-0.0027953717,-434.21716,-0.03952316,0.039402716,0.9984448,-3.6947997
-0.66908216,0.74054337,-0.062682666,-167.49713,-0.74183977,-0.67056936,-0.0037452755,-436.20938,-0.04480653,0.043994468,0.9980298,-3.7805839
-0.66720533,0.7417469,-0.068214044,-169.2855,-0.7432262,-0.66902196,-0.0052974857,-438.1964,-0.049566,0.047163818,0.99766,-3.8690722
-0.66644853,0.7428408,-0.06354949,-171.08055,-0.7440118,-0.6681285,-0.007370216,-440.21295,-0.047934033,0.042369567,0.99795485,-3.9760158
-0.66529274,0.7446034,-0.05436921,-172.84517,-0.74538946,-0.6665831,-0.008068087,-442.22174,-0.04224904,0.035158467,0.9984917,-4.077493
-0.66383946,0.7462548,-0.049250875,-174.61148,-0.7468072,-0.66497207,-0.0097320415,-444.23492,-0.040012956,0.030320264,0.9987424,-4.171521
-0.6621758,0.7478409,-0.047560155,-176.37274,-0.74833214,-0.6632504,-0.010075266,-446.23752,-0.039078906,0.028919065,0.99882096,-4.2497325
-0.6587221,0.75078773,-0.04906838,-178.1287,-0.7513381,-0.6598468,-0.009837391,-448.25232,-0.03976332,0.030386707,0.9987503,-4.326433
-0.6559195,0.75318605,-0.049851783,-179.89027,-0.75377,-0.65706927,-0.00970681,-450.28165,-0.04006703,0.03120976,0.99871284,-4.4126277
-0.65448785,0.75466424,-0.04617822,-181.64351,-0.7551427,-0.6554921,-0.009652194,-452.31158,-0.037553553,0.02855377,0.99889,-4.486055
-0.652287,0.7568625,-0.04105772,-183.36926,-0.7570607,-0.6532025,-0.01375278,-454.34378,-0.037227895,0.022112297,0.9990655,-4.565421
-0.65211946,0.7572816,-0.03563439,-185.10593,-0.7571707,-0.6529332,-0.019349735,-456.3935,-0.03792,0.014362852,0.999181,-4.647395
-0.65129995,0.7582662,-0.02908094,-186.8188,-0.7579503,-0.6519095,-0.022999544,-458.4349,-0.03639784,0.0070621874,0.99931586,-4.7206435
-0.6506372,0.7589137,-0.02694849,-188.54831,-0.7585635,-0.65117407,-0.023606414,-460.48212,-0.03546331,0.005082814,0.99936146,-4.796766
-0.6500075,0.7593665,-0.029286973,-190.28006,-0.75902534,-0.65063035,-0.023754405,-462.51343,-0.037093215,0.0067888955,0.9992922,-4.864713
-0.64804024,0.76092756,-0.03221892,-192.01161,-0.76056355,-0.6487861,-0.024965746,-464.5633,-0.03990023,0.008325607,0.99917245,-4.935773
-0.6468553,0.761929,-0.032364726,-193.73161,-0.76149464,-0.64762175,-0.02675195,-466.61084,-0.0413431,0.0073408065,0.9991215,-5.02251
-0.64643174,0.76239496,-0.029748125,-195.45683,-0.76192415,-0.64709514,-0.0272633,-468.6716,-0.040035184,0.005041833,0.999189,-5.109612
-0.6453642,0.76338303,-0.027506253,-197.15411,-0.76294863,-0.6459357,-0.026084444,-470.69885,-0.037679605,0.0041517736,0.99928474,-5.1911197
-0.64411545,0.76444876,-0.027177917,-198.86191,-0.7640699,-0.6446686,-0.024567215,-472.74246,-0.036301035,0.0049415864,0.9993322,-5.268092
-0.6433608,0.7650038,-0.029349288,-200.57812,-0.7646479,-0.64399284,-0.02430632,-474.80133,-0.037495065,0.006804017,0.9992771,-5.334101
-0.6416772,0.7663341,-0.031429388,-202.28664,-0.7659922,-0.64239013,-0.024392236,-476.8446,-0.038882438,0.0084226,0.9992118,-5.408092
-0.64099437,0.7668843,-0.03194103,-203.99098,-0.7665488,-0.64172727,-0.024358025,-478.9032,-0.039177123,0.008870875,0.9991964,-5.4897256
-0.63985294,0.7678501,-0.03162488,-205.68774,-0.76749384,-0.64057815,-0.024842653,-480.95703,-0.039333545,0.008376131,0.99919456,-5.5696034
-0.6386492,0.76882464,-0.032273114,-207.38968,-0.7684431,-0.63940763,-0.025642721,-483.00845,-0.040350333,0.008423221,0.9991536,-5.6523557
-0.6385333,0.76891035,-0.032524887,-209.07535,-0.76849365,-0.6393096,-0.026557436,-485.07394,-0.041213658,0.008037235,0.99912155,-5.7348633
-0.63757443,0.76976275,-0.031142538,-210.76205,-0.76936215,-0.6382903,-0.025922013,-487.1283,-0.039831683,0.0074325497,0.9991823,-5.8189
-0.6370455,0.7702319,-0.030355224,-212.44331,-0.7698722,-0.63772196,-0.0247383,-489.18152,-0.038412325,0.007610093,0.99923646,-5.8992066
-0.6371057,0.77015543,-0.031026585,-214.14081,-0.76978296,-0.63781166,-0.025197186,-491.25922,-0.03919477,0.007830341,0.9992044,-5.975068
-0.63610154,0.7709741,-0.03129574,-215.81958,-0.77056235,-0.6368268,-0.026263928,-493.30573,-0.04017868,0.0074086646,0.9991685,-6.0548134
-0.63598305,0.7710958,-0.030701669,-217.49973,-0.77063215,-0.63669235,-0.02744862,-495.374,-0.040712938,0.0062027103,0.99915516,-6.1388597
-0.6367706,0.7704472,-0.03066246,-219.18967,-0.7699608,-0.637481,-0.02798,-497.45633,-0.041103747,0.0057919277,0.99914163,-6.2227774
-0.6365647,0.77062994,-0.030342847,-220.87283,-0.7701632,-0.63725907,-0.027459184,-499.51678,-0.040497024,0.005889273,0.9991659,-6.3073397
-0.6372964,0.7700156,-0.030579006,-222.55069,-0.7695545,-0.63799924,-0.02733696,-501.57855,-0.040559165,0.0061103404,0.9991621,-6.3859496
-0.6366408,0.7705346,-0.03115589,-224.24127,-0.7700277,-0.63737506,-0.028544927,-503.63235,-0.04185274,0.005817908,0.99911046,-6.470908
-0.63697445,0.7702442,-0.031515133,-225.92464,-0.76968044,-0.6377313,-0.02992006,-505.69843,-0.043143835,0.005198144,0.99905896,-6.561039
-0.63795096,0.7694405,-0.031396516,-227.60542,-0.7688405,-0.6387058,-0.030720362,-507.76584,-0.043690525,0.004540706,0.9990384,-6.6471696
-0.63745797,0.76988155,-0.030586917,-229.29172,-0.7692822,-0.63817763,-0.030638155,-509.81927,-0.04310754,0.003999315,0.999066,-6.7414436
-0.6375395,0.7698305,-0.03016736,-230.98756,-0.76925415,-0.6382389,-0.030061759,-511.89557,-0.042396348,0.0040406846,0.9990963,-6.832047
-0.6380428,0.7693963,-0.030598756,-232.66591,-0.7688315,-0.63875914,-0.029823218,-513.9477,-0.04249101,0.004496671,0.9990903,-6.916784
-0.63709855,0.7701716,-0.030771451,-234.35878,-0.7696108,-0.6378226,-0.029766629,-516.01373,-0.042552043,0.0047176387,0.9990867,-7.006302
-0.6379238,0.76949656,-0.030561456,-236.03998,-0.76892483,-0.6386393,-0.029983534,-518.07904,-0.042589873,0.004372127,0.9990866,-7.091036
-0.6371335,0.7701839,-0.029721426,-237.72514,-0.76961476,-0.6378135,-0.029859941,-520.14075,-0.04195428,0.0038491513,0.9991157,-7.1780906
-0.6370328,0.77026314,-0.029825673,-239.41826,-0.7696702,-0.6377194,-0.03043426,-522.21967,-0.042462707,0.0035681818,0.99909526,-7.2694025
-0.6375662,0.76978546,-0.030746607,-241.09752,-0.7691512,-0.63829577,-0.03145474,-524.2682,-0.043838732,0.003594188,0.9990357,-7.35447
-0.63650924,0.7706305,-0.031469457,-242.78972,-0.7699609,-0.6372749,-0.03233051,-526.3392,-0.044969473,0.003651462,0.99898523,-7.4513435
-0.63639265,0.7707269,-0.03146671,-244.4731,-0.7700727,-0.637157,-0.03199124,-528.4018,-0.04470564,0.0038725438,0.9989963,-7.5427527
-0.63684505,0.7703249,-0.03214932,-246.14146,-0.7697162,-0.63763523,-0.031028517,-530.44135,-0.044401467,0.0049853693,0.99900496,-7.6326013
-0.6357959,0.7711624,-0.03282952,-247.84242,-0.77056134,-0.6366169,-0.03096327,-532.5156,-0.04477743,0.0056107114,0.9989849,-7.727342
-0.6358806,0.77108413,-0.03302597,-249.5319,-0.77044165,-0.6367155,-0.031899683,-534.5838,-0.04562538,0.0051600677,0.99894893,-7.8227754
