'01':
  ARE: 0.0010288159773350063
  ATE: 0.029617348720983476
  STD_ARE: 0.0005204408355994471
  STD_ATE: 0.014014717339795054
  nsecs_per_frame: 0.472471805619284
  rot_err: 1.6419902363610032e-05
  tr_err: 0.0074528946838297696
AVG:
  ARE: 0.0010288159773350063
  ATE: 0.029617348720983476
  STD_ARE: 0.0005204408355994471
  STD_ATE: 0.014014717339795054
  nsecs_per_frame: 0.472471805619284
  rot_err: 1.6419902363610032e-05
  tr_err: 0.0074528946838297696
