'01':
  ARE: 0.001050702639780973
  ATE: 0.03200833140118337
  STD_ARE: 0.0005328583593229179
  STD_ATE: 0.017083950710516844
  nsecs_per_frame: 0.39272670416697714
  rot_err: 1.6338755917658782e-05
  tr_err: 0.008130585159546275
AVG:
  ARE: 0.001050702639780973
  ATE: 0.03200833140118337
  STD_ARE: 0.0005328583593229179
  STD_ATE: 0.017083950710516844
  nsecs_per_frame: 0.39272670416697714
  rot_err: 1.6338755917658782e-05
  tr_err: 0.008130585159546275
